station_id,datetime,pickup,dropoff,net,bike,dock,capacity
323.0,2017-03-01 13:19:00,0,0,0,30,9,39
323.0,2017-03-01 13:22:00,0,0,0,30,9,39
323.0,2017-03-01 13:25:00,0,1,1,31,8,39
323.0,2017-03-01 13:28:00,1,0,-1,30,9,39
323.0,2017-03-01 13:31:00,0,0,0,30,9,39
323.0,2017-03-01 13:34:00,0,0,0,30,9,39
323.0,2017-03-01 13:37:00,0,0,0,30,9,39
323.0,2017-03-01 13:40:00,1,0,-1,29,10,39
323.0,2017-03-01 13:43:00,0,1,1,30,9,39
323.0,2017-03-01 13:46:00,0,2,2,32,7,39
323.0,2017-03-01 13:49:00,0,0,0,32,7,39
323.0,2017-03-01 13:52:00,0,0,0,32,7,39
323.0,2017-03-01 13:55:00,0,0,0,32,7,39
323.0,2017-03-01 13:58:00,0,1,1,33,6,39
323.0,2017-03-01 14:01:00,0,0,0,33,6,39
323.0,2017-03-01 14:04:00,0,0,0,33,6,39
323.0,2017-03-01 14:06:00,0,0,0,33,6,39
323.0,2017-03-01 14:09:00,0,0,0,33,6,39
323.0,2017-03-01 14:12:00,1,0,-1,32,7,39
323.0,2017-03-01 14:15:00,0,0,0,32,7,39
323.0,2017-03-01 14:18:00,1,0,-1,31,8,39
323.0,2017-03-01 14:21:00,0,0,0,31,8,39
323.0,2017-03-01 14:24:00,1,0,-1,30,9,39
323.0,2017-03-01 14:27:00,0,0,0,30,9,39
323.0,2017-03-01 14:30:00,0,0,0,30,9,39
323.0,2017-03-01 14:33:00,1,0,-1,29,10,39
323.0,2017-03-01 14:36:00,0,0,0,29,10,39
323.0,2017-03-01 14:39:00,0,0,0,29,10,39
323.0,2017-03-01 14:42:00,0,0,0,29,10,39
323.0,2017-03-01 14:45:00,0,0,0,29,10,39
323.0,2017-03-01 14:47:00,1,0,-1,28,11,39
323.0,2017-03-01 14:50:00,1,0,-1,27,12,39
323.0,2017-03-01 14:53:00,1,0,-1,26,13,39
323.0,2017-03-01 14:56:00,0,0,0,26,13,39
323.0,2017-03-01 14:59:00,0,1,1,27,12,39
323.0,2017-03-01 15:02:00,0,0,0,27,12,39
323.0,2017-03-01 15:05:00,0,0,0,27,12,39
323.0,2017-03-01 15:08:00,0,0,0,27,12,39
323.0,2017-03-01 15:11:00,0,0,0,27,12,39
323.0,2017-03-01 15:14:00,0,0,0,27,12,39
323.0,2017-03-01 15:17:00,0,0,0,27,12,39
323.0,2017-03-01 15:20:00,0,0,0,27,12,39
323.0,2017-03-01 15:23:00,0,0,0,27,12,39
323.0,2017-03-01 15:26:00,0,0,0,27,12,39
323.0,2017-03-01 15:28:00,0,0,0,26,13,39
323.0,2017-03-01 15:31:00,0,2,2,28,11,39
323.0,2017-03-01 15:34:00,0,0,0,28,11,39
323.0,2017-03-01 15:37:00,0,0,0,28,11,39
323.0,2017-03-01 15:40:00,0,0,0,28,11,39
323.0,2017-03-01 15:43:00,0,0,0,28,11,39
323.0,2017-03-01 15:46:00,0,0,0,28,11,39
323.0,2017-03-01 15:49:00,0,0,0,28,11,39
323.0,2017-03-01 15:52:00,0,0,0,28,11,39
323.0,2017-03-01 15:55:00,0,0,0,28,11,39
323.0,2017-03-01 15:58:00,0,0,0,28,11,39
323.0,2017-03-01 16:01:00,0,0,0,28,11,39
323.0,2017-03-01 16:04:00,0,0,0,28,11,39
323.0,2017-03-01 16:07:00,0,0,0,28,11,39
323.0,2017-03-01 16:10:00,0,0,0,28,11,39
323.0,2017-03-01 16:13:00,0,0,0,28,11,39
323.0,2017-03-01 16:16:00,1,0,-1,27,12,39
323.0,2017-03-01 16:19:00,0,0,0,27,12,39
323.0,2017-03-01 16:22:00,0,0,0,27,12,39
323.0,2017-03-01 16:25:00,2,0,-2,25,14,39
323.0,2017-03-01 16:28:00,0,0,0,25,14,39
323.0,2017-03-01 16:31:00,1,0,-1,24,15,39
323.0,2017-03-01 16:34:00,0,0,0,24,15,39
323.0,2017-03-01 16:37:00,0,0,0,24,15,39
323.0,2017-03-01 16:40:00,0,0,0,24,15,39
323.0,2017-03-01 16:43:00,0,0,0,24,15,39
323.0,2017-03-01 16:46:00,1,0,-1,23,16,39
323.0,2017-03-01 16:47:00,1,0,-1,23,16,39
323.0,2017-03-01 16:50:00,0,0,0,23,16,39
323.0,2017-03-01 16:53:00,2,0,-2,21,18,39
323.0,2017-03-01 16:56:00,0,0,0,21,18,39
323.0,2017-03-01 16:59:00,0,0,0,21,18,39
323.0,2017-03-01 17:02:00,1,0,-1,20,19,39
323.0,2017-03-01 17:05:00,0,0,0,20,19,39
323.0,2017-03-01 17:08:00,0,0,0,20,19,39
323.0,2017-03-01 17:11:00,1,0,-1,19,20,39
323.0,2017-03-01 17:14:00,1,0,-1,18,21,39
323.0,2017-03-01 17:17:00,0,0,0,18,21,39
323.0,2017-03-01 17:20:00,0,0,0,18,21,39
323.0,2017-03-01 17:23:00,1,0,-1,17,22,39
323.0,2017-03-01 17:25:00,1,0,-1,16,23,39
323.0,2017-03-01 17:28:00,1,0,-1,15,24,39
323.0,2017-03-01 17:31:00,0,0,0,15,24,39
323.0,2017-03-01 17:34:00,0,1,1,16,23,39
323.0,2017-03-01 17:37:00,0,0,0,16,23,39
323.0,2017-03-01 17:40:00,1,1,0,16,23,39
323.0,2017-03-01 17:43:00,0,0,0,16,23,39
323.0,2017-03-01 17:46:00,0,0,0,16,23,39
323.0,2017-03-01 17:49:00,1,0,-1,15,24,39
323.0,2017-03-01 17:52:00,0,0,0,15,24,39
323.0,2017-03-01 17:55:00,1,0,-1,14,25,39
323.0,2017-03-01 17:58:00,0,0,0,14,25,39
323.0,2017-03-01 18:01:00,2,0,-2,12,27,39
323.0,2017-03-01 18:02:00,1,0,-1,13,26,39
323.0,2017-03-01 18:05:00,2,1,-1,12,27,39
323.0,2017-03-01 18:08:00,0,0,0,12,27,39
323.0,2017-03-01 18:11:00,1,1,0,12,27,39
323.0,2017-03-01 18:14:00,0,0,0,12,27,39
323.0,2017-03-01 18:17:00,2,0,-2,10,29,39
323.0,2017-03-01 18:20:00,1,0,-1,9,30,39
323.0,2017-03-01 18:23:00,1,1,0,9,30,39
323.0,2017-03-01 18:26:00,0,0,0,9,30,39
323.0,2017-03-01 18:29:00,1,0,-1,8,31,39
323.0,2017-03-01 18:32:00,2,0,-2,6,33,39
323.0,2017-03-01 18:35:00,2,0,-2,4,35,39
323.0,2017-03-01 18:38:00,0,0,0,4,35,39
323.0,2017-03-01 18:40:00,2,1,-1,3,36,39
323.0,2017-03-01 18:43:00,1,0,-1,2,37,39
323.0,2017-03-01 18:46:00,1,0,-1,1,38,39
323.0,2017-03-01 18:49:00,0,0,0,1,38,39
323.0,2017-03-01 18:52:00,0,1,1,2,37,39
323.0,2017-03-01 18:55:00,1,1,0,2,37,39
323.0,2017-03-01 18:58:00,0,0,0,2,37,39
323.0,2017-03-01 19:01:00,0,0,0,2,37,39
323.0,2017-03-01 19:04:00,0,0,0,2,37,39
323.0,2017-03-01 19:07:00,1,0,-1,1,38,39
323.0,2017-03-01 19:10:00,0,0,0,1,38,39
323.0,2017-03-01 19:13:00,1,0,-1,0,39,39
323.0,2017-03-01 19:16:00,0,0,0,0,39,39
323.0,2017-03-01 19:19:00,0,0,0,0,39,39
323.0,2017-03-01 19:22:00,0,0,0,0,39,39
323.0,2017-03-01 19:25:00,0,0,0,0,39,39
323.0,2017-03-01 19:28:00,0,0,0,0,39,39
323.0,2017-03-01 19:31:00,0,0,0,0,39,39
323.0,2017-03-01 19:34:00,0,0,0,0,39,39
323.0,2017-03-01 19:37:00,0,0,0,0,39,39
323.0,2017-03-01 19:40:00,0,0,0,0,39,39
323.0,2017-03-01 19:43:00,0,0,0,0,39,39
323.0,2017-03-01 19:46:00,0,1,1,1,38,39
323.0,2017-03-01 19:49:00,0,0,0,1,38,39
323.0,2017-03-01 19:51:00,0,0,0,1,38,39
323.0,2017-03-01 19:54:00,1,0,-1,0,39,39
323.0,2017-03-01 19:57:00,0,0,0,0,39,39
323.0,2017-03-01 20:00:00,0,0,0,0,39,39
323.0,2017-03-01 20:03:00,0,0,0,0,39,39
323.0,2017-03-01 20:06:00,0,0,0,0,39,39
323.0,2017-03-01 20:09:00,0,0,0,0,39,39
323.0,2017-03-01 20:12:00,0,0,0,0,39,39
323.0,2017-03-01 20:15:00,0,0,0,0,39,39
323.0,2017-03-01 20:18:00,0,0,0,0,39,39
323.0,2017-03-01 20:21:00,0,0,0,0,39,39
323.0,2017-03-01 20:24:00,1,0,-1,0,39,39
323.0,2017-03-01 20:26:00,0,0,0,10,29,39
323.0,2017-03-01 20:29:00,0,0,0,10,29,39
323.0,2017-03-01 20:32:00,0,0,0,10,29,39
323.0,2017-03-01 20:35:00,0,0,0,10,29,39
323.0,2017-03-01 20:38:00,0,0,0,10,29,39
323.0,2017-03-01 20:41:00,0,0,0,10,29,39
323.0,2017-03-01 20:44:00,0,0,0,10,29,39
323.0,2017-03-01 20:47:00,0,0,0,10,29,39
323.0,2017-03-01 20:50:00,0,0,0,10,29,39
323.0,2017-03-01 20:53:00,2,0,-2,8,31,39
323.0,2017-03-01 20:56:00,0,0,0,8,31,39
323.0,2017-03-01 20:59:00,0,0,0,8,31,39
323.0,2017-03-01 21:00:00,0,0,0,8,31,39
323.0,2017-03-01 21:03:00,1,0,-1,7,32,39
323.0,2017-03-01 21:06:00,0,0,0,7,32,39
323.0,2017-03-01 21:09:00,1,0,-1,6,33,39
323.0,2017-03-01 21:12:00,0,0,0,6,33,39
323.0,2017-03-01 21:15:00,0,0,0,6,33,39
323.0,2017-03-01 21:18:00,0,0,0,6,33,39
323.0,2017-03-01 21:21:00,0,1,1,7,32,39
323.0,2017-03-01 21:24:00,0,0,0,7,32,39
323.0,2017-03-01 21:27:00,0,0,0,7,32,39
323.0,2017-03-01 21:30:00,0,0,0,7,32,39
323.0,2017-03-01 21:33:00,0,1,1,8,31,39
323.0,2017-03-01 21:36:00,0,0,0,8,31,39
323.0,2017-03-01 21:39:00,1,0,-1,7,32,39
323.0,2017-03-01 21:42:00,1,0,-1,6,33,39
323.0,2017-03-01 21:45:00,0,0,0,6,33,39
323.0,2017-03-01 21:48:00,0,0,0,6,33,39
323.0,2017-03-01 21:51:00,0,0,0,6,33,39
323.0,2017-03-01 21:54:00,0,0,0,6,33,39
323.0,2017-03-01 21:57:00,0,0,0,6,33,39
323.0,2017-03-01 22:00:00,0,0,0,6,33,39
323.0,2017-03-01 22:01:00,0,0,0,6,33,39
323.0,2017-03-01 22:04:00,0,0,0,6,33,39
323.0,2017-03-01 22:07:00,0,0,0,6,33,39
323.0,2017-03-01 22:10:00,0,0,0,6,33,39
323.0,2017-03-01 22:13:00,0,0,0,6,33,39
323.0,2017-03-01 22:16:00,0,0,0,6,33,39
323.0,2017-03-01 22:19:00,0,0,0,6,33,39
323.0,2017-03-01 22:22:00,0,0,0,6,33,39
323.0,2017-03-01 22:25:00,0,0,0,6,33,39
323.0,2017-03-01 22:28:00,0,0,0,6,33,39
323.0,2017-03-01 22:31:00,0,2,2,8,31,39
323.0,2017-03-01 22:34:00,0,0,0,8,31,39
323.0,2017-03-01 22:37:00,0,0,0,8,31,39
323.0,2017-03-01 22:40:00,0,0,0,8,31,39
323.0,2017-03-01 22:43:00,1,0,-1,7,32,39
323.0,2017-03-01 22:46:00,0,0,0,7,32,39
323.0,2017-03-01 22:49:00,0,0,0,7,32,39
323.0,2017-03-01 22:52:00,0,0,0,7,32,39
323.0,2017-03-01 22:55:00,0,0,0,7,32,39
323.0,2017-03-01 22:58:00,0,0,0,7,32,39
323.0,2017-03-01 23:01:00,0,0,0,7,32,39
323.0,2017-03-01 23:04:00,0,1,1,8,31,39
323.0,2017-03-01 23:07:00,0,0,0,8,31,39
323.0,2017-03-01 23:10:00,0,0,0,8,31,39
323.0,2017-03-01 23:11:00,0,0,0,8,31,39
323.0,2017-03-01 23:14:00,0,0,0,8,31,39
323.0,2017-03-01 23:17:00,1,0,-1,7,32,39
323.0,2017-03-01 23:20:00,0,0,0,7,32,39
323.0,2017-03-01 23:23:00,0,0,0,7,32,39
323.0,2017-03-01 23:26:00,0,0,0,7,32,39
323.0,2017-03-01 23:29:00,0,0,0,7,32,39
323.0,2017-03-01 23:32:00,0,0,0,7,32,39
323.0,2017-03-01 23:35:00,2,0,-2,5,34,39
323.0,2017-03-01 23:38:00,0,0,0,5,34,39
323.0,2017-03-01 23:41:00,0,0,0,5,34,39
323.0,2017-03-01 23:44:00,0,0,0,5,34,39
323.0,2017-03-01 23:47:00,0,0,0,5,34,39
323.0,2017-03-01 23:50:00,0,0,0,5,34,39
323.0,2017-03-01 23:53:00,0,0,0,5,34,39
323.0,2017-03-01 23:56:00,0,0,0,5,34,39
323.0,2017-03-01 23:59:00,0,0,0,5,34,39
323.0,2017-03-02 00:02:00,0,0,0,5,34,39
323.0,2017-03-02 00:05:00,0,0,0,5,34,39
323.0,2017-03-02 00:08:00,0,0,0,5,34,39
323.0,2017-03-02 00:11:00,0,0,0,5,34,39
323.0,2017-03-02 00:14:00,0,0,0,5,34,39
323.0,2017-03-02 00:17:00,0,1,1,6,33,39
323.0,2017-03-02 00:20:00,0,0,0,6,33,39
323.0,2017-03-02 00:23:00,0,0,0,6,33,39
323.0,2017-03-02 00:26:00,0,0,0,6,33,39
323.0,2017-03-02 00:29:00,0,1,1,7,32,39
323.0,2017-03-02 00:32:00,0,0,0,7,32,39
323.0,2017-03-02 00:35:00,0,0,0,7,32,39
323.0,2017-03-02 00:38:00,0,0,0,7,32,39
323.0,2017-03-02 00:41:00,0,0,0,7,32,39
323.0,2017-03-02 00:44:00,0,0,0,7,32,39
323.0,2017-03-02 00:47:00,0,0,0,7,32,39
323.0,2017-03-02 00:50:00,0,0,0,7,32,39
323.0,2017-03-02 00:53:00,0,0,0,7,32,39
323.0,2017-03-02 00:56:00,0,0,0,7,32,39
323.0,2017-03-02 00:59:00,0,0,0,7,32,39
323.0,2017-03-02 01:01:00,0,0,0,7,32,39
323.0,2017-03-02 01:04:00,1,0,-1,6,33,39
323.0,2017-03-02 01:07:00,0,0,0,6,33,39
323.0,2017-03-02 01:10:00,0,0,0,6,33,39
323.0,2017-03-02 01:13:00,0,0,0,6,33,39
323.0,2017-03-02 01:16:00,0,0,0,6,33,39
323.0,2017-03-02 01:19:00,0,0,0,6,33,39
323.0,2017-03-02 01:22:00,0,0,0,6,33,39
323.0,2017-03-02 01:25:00,0,0,0,6,33,39
323.0,2017-03-02 01:28:00,0,0,0,6,33,39
323.0,2017-03-02 01:31:00,0,0,0,6,33,39
323.0,2017-03-02 01:33:00,0,0,0,6,33,39
323.0,2017-03-02 01:36:00,0,0,0,6,33,39
323.0,2017-03-02 01:39:00,0,0,0,6,33,39
323.0,2017-03-02 01:42:00,0,0,0,6,33,39
323.0,2017-03-02 01:45:00,0,0,0,6,33,39
323.0,2017-03-02 01:48:00,0,0,0,6,33,39
323.0,2017-03-02 01:51:00,0,0,0,6,33,39
323.0,2017-03-02 01:54:00,0,0,0,6,33,39
323.0,2017-03-02 01:57:00,0,0,0,6,33,39
323.0,2017-03-02 02:00:00,0,0,0,6,33,39
323.0,2017-03-02 02:03:00,0,0,0,6,33,39
323.0,2017-03-02 02:05:00,0,0,0,6,33,39
323.0,2017-03-02 02:08:00,0,0,0,6,33,39
323.0,2017-03-02 02:11:00,0,0,0,6,33,39
323.0,2017-03-02 02:14:00,0,0,0,6,33,39
323.0,2017-03-02 02:17:00,0,0,0,6,33,39
323.0,2017-03-02 02:20:00,0,0,0,6,33,39
323.0,2017-03-02 02:23:00,0,0,0,6,33,39
323.0,2017-03-02 02:26:00,0,0,0,6,33,39
323.0,2017-03-02 02:29:00,0,0,0,6,33,39
323.0,2017-03-02 02:32:00,0,0,0,6,33,39
323.0,2017-03-02 02:35:00,0,0,0,6,33,39
323.0,2017-03-02 02:37:00,0,0,0,6,33,39
323.0,2017-03-02 02:40:00,0,0,0,6,33,39
323.0,2017-03-02 02:43:00,0,0,0,6,33,39
323.0,2017-03-02 02:46:00,0,0,0,6,33,39
323.0,2017-03-02 02:49:00,0,0,0,6,33,39
323.0,2017-03-02 02:52:00,0,0,0,6,33,39
323.0,2017-03-02 02:55:00,0,0,0,6,33,39
323.0,2017-03-02 02:58:00,0,0,0,6,33,39
323.0,2017-03-02 03:01:00,0,0,0,6,33,39
323.0,2017-03-02 03:04:00,0,0,0,6,33,39
323.0,2017-03-02 03:07:00,0,0,0,6,33,39
323.0,2017-03-02 03:09:00,0,0,0,6,33,39
323.0,2017-03-02 03:12:00,0,0,0,6,33,39
323.0,2017-03-02 03:15:00,0,0,0,6,33,39
323.0,2017-03-02 03:18:00,0,0,0,6,33,39
323.0,2017-03-02 03:21:00,0,0,0,6,33,39
323.0,2017-03-02 03:24:00,0,0,0,6,33,39
323.0,2017-03-02 03:27:00,0,0,0,6,33,39
323.0,2017-03-02 03:30:00,0,0,0,6,33,39
323.0,2017-03-02 03:33:00,0,0,0,6,33,39
323.0,2017-03-02 03:36:00,0,0,0,6,33,39
323.0,2017-03-02 03:39:00,0,0,0,6,33,39
323.0,2017-03-02 03:42:00,0,0,0,6,33,39
323.0,2017-03-02 03:45:00,0,0,0,6,33,39
323.0,2017-03-02 03:47:00,0,0,0,6,33,39
323.0,2017-03-02 03:50:00,0,0,0,6,33,39
323.0,2017-03-02 03:53:00,0,0,0,6,33,39
323.0,2017-03-02 03:56:00,0,0,0,6,33,39
323.0,2017-03-02 03:59:00,0,0,0,6,33,39
323.0,2017-03-02 04:02:00,0,0,0,6,33,39
323.0,2017-03-02 04:05:00,0,0,0,6,33,39
323.0,2017-03-02 04:08:00,0,0,0,6,33,39
323.0,2017-03-02 04:11:00,0,0,0,6,33,39
323.0,2017-03-02 04:14:00,0,0,0,6,33,39
323.0,2017-03-02 04:17:00,0,0,0,6,33,39
323.0,2017-03-02 04:20:00,0,0,0,6,33,39
323.0,2017-03-02 04:23:00,0,0,0,6,33,39
323.0,2017-03-02 04:25:00,0,0,0,6,33,39
323.0,2017-03-02 04:28:00,0,0,0,6,33,39
323.0,2017-03-02 04:31:00,0,0,0,6,33,39
323.0,2017-03-02 04:34:00,0,0,0,6,33,39
323.0,2017-03-02 04:37:00,0,0,0,6,33,39
323.0,2017-03-02 04:40:00,0,0,0,6,33,39
323.0,2017-03-02 04:43:00,0,0,0,6,33,39
323.0,2017-03-02 04:46:00,0,0,0,6,33,39
323.0,2017-03-02 04:49:00,0,0,0,6,33,39
323.0,2017-03-02 04:52:00,0,0,0,6,33,39
323.0,2017-03-02 04:55:00,0,0,0,6,33,39
323.0,2017-03-02 04:58:00,0,0,0,6,33,39
323.0,2017-03-02 05:01:00,0,0,0,6,33,39
323.0,2017-03-02 05:04:00,0,0,0,6,33,39
323.0,2017-03-02 05:06:00,0,0,0,6,33,39
323.0,2017-03-02 05:09:00,0,0,0,6,33,39
323.0,2017-03-02 05:12:00,0,0,0,6,33,39
323.0,2017-03-02 05:15:00,0,0,0,6,33,39
323.0,2017-03-02 05:18:00,0,0,0,6,33,39
323.0,2017-03-02 05:21:00,0,0,0,6,33,39
323.0,2017-03-02 05:24:00,0,0,0,6,33,39
323.0,2017-03-02 05:27:00,0,0,0,6,33,39
323.0,2017-03-02 05:30:00,0,0,0,6,33,39
323.0,2017-03-02 05:33:00,0,0,0,6,33,39
323.0,2017-03-02 05:36:00,0,0,0,6,33,39
323.0,2017-03-02 05:39:00,0,0,0,6,33,39
323.0,2017-03-02 05:42:00,0,0,0,6,33,39
323.0,2017-03-02 05:45:00,0,0,0,6,33,39
323.0,2017-03-02 05:48:00,0,0,0,6,33,39
323.0,2017-03-02 05:51:00,0,0,0,6,33,39
323.0,2017-03-02 05:54:00,1,0,-1,5,34,39
323.0,2017-03-02 05:57:00,0,0,0,5,34,39
323.0,2017-03-02 06:00:00,0,0,0,5,34,39
323.0,2017-03-02 06:03:00,0,0,0,5,34,39
323.0,2017-03-02 06:06:00,0,0,0,5,34,39
323.0,2017-03-02 06:09:00,0,0,0,5,34,39
323.0,2017-03-02 06:12:00,0,0,0,5,34,39
323.0,2017-03-02 06:13:00,0,0,0,5,34,39
323.0,2017-03-02 06:16:00,0,0,0,5,34,39
323.0,2017-03-02 06:19:00,0,0,0,5,34,39
323.0,2017-03-02 06:22:00,0,0,0,5,34,39
323.0,2017-03-02 06:25:00,0,0,0,5,34,39
323.0,2017-03-02 06:28:00,0,1,1,6,33,39
323.0,2017-03-02 06:31:00,0,0,0,6,33,39
323.0,2017-03-02 06:34:00,0,0,0,6,33,39
323.0,2017-03-02 06:37:00,0,0,0,6,33,39
323.0,2017-03-02 06:40:00,0,0,0,6,33,39
323.0,2017-03-02 06:43:00,2,1,-1,5,34,39
323.0,2017-03-02 06:46:00,0,0,0,5,34,39
323.0,2017-03-02 06:49:00,0,0,0,5,34,39
323.0,2017-03-02 06:52:00,1,0,-1,4,35,39
323.0,2017-03-02 06:55:00,0,0,0,4,35,39
323.0,2017-03-02 06:58:00,0,0,0,4,35,39
323.0,2017-03-02 07:01:00,0,1,1,5,34,39
323.0,2017-03-02 07:04:00,0,0,0,5,34,39
323.0,2017-03-02 07:07:00,0,0,0,5,34,39
323.0,2017-03-02 07:10:00,0,0,0,5,34,39
323.0,2017-03-02 07:13:00,0,0,0,5,34,39
323.0,2017-03-02 07:16:00,0,0,0,5,34,39
323.0,2017-03-02 07:19:00,0,1,1,6,33,39
323.0,2017-03-02 07:22:00,0,1,1,7,32,39
323.0,2017-03-02 07:25:00,0,0,0,7,32,39
323.0,2017-03-02 07:28:00,0,0,0,7,32,39
323.0,2017-03-02 07:31:00,0,1,1,8,31,39
323.0,2017-03-02 07:34:00,0,0,0,8,31,39
323.0,2017-03-02 07:37:00,0,0,0,8,31,39
323.0,2017-03-02 07:40:00,0,0,0,8,31,39
323.0,2017-03-02 07:43:00,0,1,1,9,30,39
323.0,2017-03-02 07:46:00,0,0,0,9,30,39
323.0,2017-03-02 07:49:00,1,0,-1,8,31,39
323.0,2017-03-02 07:52:00,0,1,1,9,30,39
323.0,2017-03-02 07:55:00,0,0,0,9,30,39
323.0,2017-03-02 07:58:00,1,1,0,9,30,39
323.0,2017-03-02 08:01:00,0,0,0,9,30,39
323.0,2017-03-02 08:04:00,0,1,1,10,29,39
323.0,2017-03-02 08:07:00,0,1,1,11,28,39
323.0,2017-03-02 08:10:00,0,2,2,13,26,39
323.0,2017-03-02 08:13:00,0,0,0,13,26,39
323.0,2017-03-02 08:16:00,0,1,1,14,25,39
323.0,2017-03-02 08:19:00,0,0,0,14,25,39
323.0,2017-03-02 08:22:00,0,0,0,14,25,39
323.0,2017-03-02 08:25:00,0,0,0,14,25,39
323.0,2017-03-02 08:28:00,0,0,0,14,25,39
323.0,2017-03-02 08:31:00,1,1,0,14,25,39
323.0,2017-03-02 08:34:00,0,2,2,16,23,39
323.0,2017-03-02 08:37:00,0,1,1,17,22,39
323.0,2017-03-02 08:38:00,0,2,2,18,21,39
323.0,2017-03-02 08:41:00,0,1,1,19,20,39
323.0,2017-03-02 08:44:00,0,0,0,19,20,39
323.0,2017-03-02 08:47:00,0,0,0,19,20,39
323.0,2017-03-02 08:50:00,2,1,-1,18,21,39
323.0,2017-03-02 08:53:00,0,0,0,18,21,39
323.0,2017-03-02 08:56:00,0,2,2,20,19,39
323.0,2017-03-02 08:59:00,0,0,0,20,19,39
323.0,2017-03-02 09:02:00,0,1,1,21,18,39
323.0,2017-03-02 09:05:00,0,1,1,22,17,39
323.0,2017-03-02 09:08:00,0,0,0,22,17,39
323.0,2017-03-02 09:11:00,0,1,1,23,16,39
323.0,2017-03-02 09:14:00,0,1,1,25,14,39
323.0,2017-03-02 09:17:00,0,0,0,25,14,39
323.0,2017-03-02 09:20:00,0,0,0,25,14,39
323.0,2017-03-02 09:23:00,0,1,1,26,13,39
323.0,2017-03-02 09:26:00,0,0,0,26,13,39
323.0,2017-03-02 09:29:00,0,0,0,26,13,39
323.0,2017-03-02 09:32:00,0,0,0,26,13,39
323.0,2017-03-02 09:35:00,0,0,0,26,13,39
323.0,2017-03-02 09:38:00,0,0,0,26,13,39
323.0,2017-03-02 09:41:00,1,0,-1,25,14,39
323.0,2017-03-02 09:44:00,0,3,3,28,11,39
323.0,2017-03-02 09:47:00,0,0,0,28,11,39
323.0,2017-03-02 09:50:00,0,1,1,29,10,39
323.0,2017-03-02 09:53:00,0,0,0,29,10,39
323.0,2017-03-02 09:54:00,1,0,-1,27,12,39
323.0,2017-03-02 09:57:00,0,1,1,28,11,39
323.0,2017-03-02 10:00:00,0,0,0,28,11,39
323.0,2017-03-02 10:03:00,0,1,1,29,10,39
323.0,2017-03-02 10:06:00,0,0,0,29,10,39
323.0,2017-03-02 10:09:00,0,0,0,29,10,39
323.0,2017-03-02 10:12:00,0,0,0,29,10,39
323.0,2017-03-02 10:15:00,0,0,0,29,10,39
323.0,2017-03-02 10:18:00,1,0,-1,28,11,39
323.0,2017-03-02 10:21:00,0,0,0,28,11,39
323.0,2017-03-02 10:24:00,0,0,0,28,11,39
323.0,2017-03-02 10:27:00,0,0,0,28,11,39
323.0,2017-03-02 10:30:00,0,0,0,29,10,39
323.0,2017-03-02 10:33:00,0,0,0,29,10,39
323.0,2017-03-02 10:36:00,0,0,0,29,10,39
323.0,2017-03-02 10:39:00,0,1,1,30,9,39
323.0,2017-03-02 10:42:00,0,0,0,30,9,39
323.0,2017-03-02 10:45:00,0,1,1,31,8,39
323.0,2017-03-02 10:48:00,1,0,-1,30,9,39
323.0,2017-03-02 10:51:00,0,0,0,30,9,39
323.0,2017-03-02 10:54:00,0,0,0,30,9,39
323.0,2017-03-02 10:57:00,0,0,0,30,9,39
323.0,2017-03-02 11:00:00,0,0,0,30,9,39
323.0,2017-03-02 11:03:00,0,0,0,30,9,39
323.0,2017-03-02 11:05:00,0,0,0,30,9,39
323.0,2017-03-02 11:08:00,0,0,0,30,9,39
323.0,2017-03-02 11:11:00,0,0,0,30,9,39
323.0,2017-03-02 11:14:00,0,0,0,30,9,39
323.0,2017-03-02 11:17:00,0,0,0,30,9,39
323.0,2017-03-02 11:20:00,0,0,0,30,9,39
323.0,2017-03-02 11:23:00,0,0,0,30,9,39
323.0,2017-03-02 11:26:00,1,0,-1,29,10,39
323.0,2017-03-02 11:29:00,0,0,0,29,10,39
323.0,2017-03-02 11:32:00,0,1,1,30,9,39
323.0,2017-03-02 11:35:00,0,0,0,30,9,39
323.0,2017-03-02 11:38:00,0,0,0,30,9,39
323.0,2017-03-02 11:41:00,0,0,0,30,9,39
323.0,2017-03-02 11:44:00,0,0,0,30,9,39
323.0,2017-03-02 11:47:00,1,0,-1,29,10,39
323.0,2017-03-02 11:50:00,0,1,1,30,9,39
323.0,2017-03-02 11:53:00,0,0,0,30,9,39
323.0,2017-03-02 11:56:00,0,0,0,30,9,39
323.0,2017-03-02 11:59:00,0,0,0,30,9,39
323.0,2017-03-02 12:02:00,0,0,0,30,9,39
323.0,2017-03-02 12:05:00,0,0,0,30,9,39
323.0,2017-03-02 12:08:00,0,0,0,30,9,39
323.0,2017-03-02 12:11:00,0,0,0,30,9,39
323.0,2017-03-02 12:14:00,0,0,0,30,9,39
323.0,2017-03-02 12:17:00,0,1,1,31,8,39
323.0,2017-03-02 12:20:00,0,0,0,31,8,39
323.0,2017-03-02 12:23:00,0,0,0,31,8,39
323.0,2017-03-02 12:26:00,0,0,0,31,8,39
323.0,2017-03-02 12:28:00,0,0,0,6,33,39
323.0,2017-03-02 12:31:00,0,0,0,6,33,39
323.0,2017-03-02 12:34:00,0,0,0,6,33,39
323.0,2017-03-02 12:37:00,0,1,1,7,32,39
323.0,2017-03-02 12:40:00,0,0,0,7,32,39
323.0,2017-03-02 12:43:00,1,1,0,7,32,39
323.0,2017-03-02 12:46:00,0,0,0,7,32,39
323.0,2017-03-02 12:49:00,0,0,0,7,32,39
323.0,2017-03-02 12:52:00,1,0,-1,6,33,39
323.0,2017-03-02 12:55:00,0,0,0,6,33,39
323.0,2017-03-02 12:58:00,0,0,0,6,33,39
323.0,2017-03-02 13:01:00,0,0,0,6,33,39
323.0,2017-03-02 13:04:00,0,0,0,6,33,39
323.0,2017-03-02 13:07:00,0,0,0,6,33,39
323.0,2017-03-02 13:10:00,2,0,-2,4,35,39
323.0,2017-03-02 13:13:00,0,0,0,4,35,39
323.0,2017-03-02 13:16:00,0,0,0,4,35,39
323.0,2017-03-02 13:19:00,0,0,0,4,35,39
323.0,2017-03-02 13:22:00,0,0,0,4,35,39
323.0,2017-03-02 13:25:00,1,0,-1,3,36,39
323.0,2017-03-02 13:28:00,0,0,0,28,11,39
323.0,2017-03-02 13:31:00,0,0,0,28,11,39
323.0,2017-03-02 13:34:00,0,0,0,28,11,39
323.0,2017-03-02 13:37:00,0,0,0,28,11,39
323.0,2017-03-02 13:40:00,0,0,0,28,11,39
323.0,2017-03-02 13:43:00,0,0,0,28,11,39
323.0,2017-03-02 13:46:00,0,0,0,28,11,39
323.0,2017-03-02 13:49:00,0,0,0,28,11,39
323.0,2017-03-02 13:52:00,0,0,0,28,11,39
323.0,2017-03-02 13:55:00,0,0,0,28,11,39
323.0,2017-03-02 13:58:00,0,0,0,28,11,39
323.0,2017-03-02 14:01:00,0,0,0,28,11,39
323.0,2017-03-02 14:04:00,0,0,0,28,11,39
323.0,2017-03-02 14:07:00,0,0,0,28,11,39
323.0,2017-03-02 14:10:00,0,0,0,28,11,39
323.0,2017-03-02 14:13:00,0,1,1,29,10,39
323.0,2017-03-02 14:16:00,0,0,0,29,10,39
323.0,2017-03-02 14:19:00,0,0,0,29,10,39
323.0,2017-03-02 14:22:00,0,0,0,29,10,39
323.0,2017-03-02 14:25:00,0,0,0,29,10,39
323.0,2017-03-02 14:28:00,0,0,0,29,10,39
323.0,2017-03-02 14:31:00,0,0,0,29,10,39
323.0,2017-03-02 14:32:00,0,0,0,29,10,39
323.0,2017-03-02 14:35:00,0,0,0,29,10,39
323.0,2017-03-02 14:38:00,0,0,0,29,10,39
323.0,2017-03-02 14:41:00,0,1,1,30,9,39
323.0,2017-03-02 14:44:00,1,0,-1,29,10,39
323.0,2017-03-02 14:47:00,1,0,-1,28,11,39
323.0,2017-03-02 14:50:00,1,0,-1,27,12,39
323.0,2017-03-02 14:53:00,0,1,1,28,11,39
323.0,2017-03-02 14:56:00,0,0,0,28,11,39
323.0,2017-03-02 14:59:00,0,0,0,28,11,39
323.0,2017-03-02 15:02:00,0,0,0,28,11,39
323.0,2017-03-02 15:05:00,0,0,0,28,11,39
323.0,2017-03-02 15:08:00,0,0,0,28,11,39
323.0,2017-03-02 15:10:00,0,0,0,28,11,39
323.0,2017-03-02 15:13:00,0,0,0,28,11,39
323.0,2017-03-02 15:16:00,0,0,0,28,11,39
323.0,2017-03-02 15:19:00,0,0,0,28,11,39
323.0,2017-03-02 15:22:00,0,0,0,28,11,39
323.0,2017-03-02 15:25:00,0,0,0,28,11,39
323.0,2017-03-02 15:28:00,0,1,1,29,10,39
323.0,2017-03-02 15:31:00,0,0,0,29,10,39
323.0,2017-03-02 15:34:00,0,0,0,29,10,39
323.0,2017-03-02 15:37:00,0,0,0,29,10,39
323.0,2017-03-02 15:40:00,0,0,0,29,10,39
323.0,2017-03-02 15:43:00,0,1,1,30,9,39
323.0,2017-03-02 15:46:00,0,0,0,30,9,39
323.0,2017-03-02 15:47:00,0,0,0,30,9,39
323.0,2017-03-02 15:50:00,0,1,1,31,8,39
323.0,2017-03-02 15:53:00,1,0,-1,30,9,39
323.0,2017-03-02 15:56:00,1,0,-1,29,10,39
323.0,2017-03-02 15:59:00,0,0,0,29,10,39
323.0,2017-03-02 16:02:00,0,1,1,30,9,39
323.0,2017-03-02 16:05:00,0,0,0,30,9,39
323.0,2017-03-02 16:08:00,0,0,0,30,9,39
323.0,2017-03-02 16:11:00,0,0,0,30,9,39
323.0,2017-03-02 16:14:00,0,0,0,30,9,39
323.0,2017-03-02 16:17:00,0,0,0,30,9,39
323.0,2017-03-02 16:20:00,0,0,0,30,9,39
323.0,2017-03-02 16:23:00,0,0,0,30,9,39
323.0,2017-03-02 16:25:00,0,0,0,30,9,39
323.0,2017-03-02 16:28:00,0,2,2,32,7,39
323.0,2017-03-02 16:31:00,1,0,-1,31,8,39
323.0,2017-03-02 16:34:00,0,0,0,31,8,39
323.0,2017-03-02 16:37:00,0,0,0,31,8,39
323.0,2017-03-02 16:40:00,1,0,-1,30,9,39
323.0,2017-03-02 16:43:00,0,0,0,30,9,39
323.0,2017-03-02 16:46:00,1,0,-1,29,10,39
323.0,2017-03-02 16:49:00,0,0,0,29,10,39
323.0,2017-03-02 16:52:00,0,0,0,29,10,39
323.0,2017-03-02 16:55:00,0,0,0,29,10,39
323.0,2017-03-02 16:58:00,0,0,0,29,10,39
323.0,2017-03-02 17:01:00,0,0,0,29,10,39
323.0,2017-03-02 17:03:00,0,0,0,29,10,39
323.0,2017-03-02 17:06:00,0,0,0,29,10,39
323.0,2017-03-02 17:09:00,0,0,0,29,10,39
323.0,2017-03-02 17:12:00,1,0,-1,28,11,39
323.0,2017-03-02 17:15:00,0,0,0,28,11,39
323.0,2017-03-02 17:18:00,0,0,0,28,11,39
323.0,2017-03-02 17:21:00,0,1,1,29,10,39
323.0,2017-03-02 17:24:00,2,0,-2,27,12,39
323.0,2017-03-02 17:27:00,0,0,0,27,12,39
323.0,2017-03-02 17:30:00,0,0,0,27,12,39
323.0,2017-03-02 17:33:00,0,0,0,27,12,39
323.0,2017-03-02 17:36:00,0,0,0,27,12,39
323.0,2017-03-02 17:39:00,1,0,-1,26,13,39
323.0,2017-03-02 17:41:00,1,0,-1,26,13,39
323.0,2017-03-02 17:44:00,0,0,0,26,13,39
323.0,2017-03-02 17:47:00,0,0,0,26,13,39
323.0,2017-03-02 17:50:00,0,0,0,26,13,39
323.0,2017-03-02 17:53:00,1,0,-1,25,14,39
323.0,2017-03-02 17:56:00,1,0,-1,24,15,39
323.0,2017-03-02 17:59:00,0,0,0,24,15,39
323.0,2017-03-02 18:02:00,0,0,0,24,15,39
323.0,2017-03-02 18:05:00,0,0,0,24,15,39
323.0,2017-03-02 18:08:00,2,0,-2,22,17,39
323.0,2017-03-02 18:11:00,1,0,-1,21,18,39
323.0,2017-03-02 18:14:00,0,0,0,21,18,39
323.0,2017-03-02 18:17:00,0,0,0,21,18,39
323.0,2017-03-02 18:20:00,1,0,-1,20,19,39
323.0,2017-03-02 18:23:00,0,1,1,21,18,39
323.0,2017-03-02 18:26:00,1,0,-1,20,19,39
323.0,2017-03-02 18:29:00,1,0,-1,19,20,39
323.0,2017-03-02 18:32:00,0,0,0,19,20,39
323.0,2017-03-02 18:35:00,0,0,0,19,20,39
323.0,2017-03-02 18:38:00,3,0,-3,16,23,39
323.0,2017-03-02 18:41:00,1,0,-1,15,24,39
323.0,2017-03-02 18:44:00,0,0,0,15,24,39
323.0,2017-03-02 18:47:00,0,0,0,15,24,39
323.0,2017-03-02 18:50:00,1,0,-1,14,25,39
323.0,2017-03-02 18:53:00,1,0,-1,13,26,39
323.0,2017-03-02 18:56:00,1,0,-1,12,27,39
323.0,2017-03-02 18:59:00,3,0,-3,9,30,39
323.0,2017-03-02 19:02:00,0,0,0,9,30,39
323.0,2017-03-02 19:05:00,0,0,0,9,30,39
323.0,2017-03-02 19:08:00,0,0,0,9,30,39
323.0,2017-03-02 19:11:00,2,1,-1,8,31,39
323.0,2017-03-02 19:12:00,2,3,1,9,30,39
323.0,2017-03-02 19:15:00,0,0,0,9,30,39
323.0,2017-03-02 19:18:00,0,0,0,9,30,39
323.0,2017-03-02 19:21:00,0,1,1,10,29,39
323.0,2017-03-02 19:24:00,0,0,0,10,29,39
323.0,2017-03-02 19:27:00,1,0,-1,9,30,39
323.0,2017-03-02 19:30:00,0,0,0,9,30,39
323.0,2017-03-02 19:33:00,1,0,-1,8,31,39
323.0,2017-03-02 19:36:00,0,1,1,9,30,39
323.0,2017-03-02 19:39:00,0,0,0,9,30,39
323.0,2017-03-02 19:42:00,0,0,0,9,30,39
323.0,2017-03-02 19:45:00,0,0,0,9,30,39
323.0,2017-03-02 19:48:00,0,0,0,9,30,39
323.0,2017-03-02 19:51:00,0,0,0,9,30,39
323.0,2017-03-02 19:54:00,1,0,-1,9,30,39
323.0,2017-03-02 19:57:00,0,0,0,9,30,39
323.0,2017-03-02 20:00:00,0,0,0,9,30,39
323.0,2017-03-02 20:03:00,0,0,0,9,30,39
323.0,2017-03-02 20:06:00,0,0,0,9,30,39
323.0,2017-03-02 20:09:00,0,0,0,9,30,39
323.0,2017-03-02 20:12:00,0,0,0,9,30,39
323.0,2017-03-02 20:15:00,0,0,0,9,30,39
323.0,2017-03-02 20:18:00,0,0,0,9,30,39
323.0,2017-03-02 20:21:00,0,0,0,9,30,39
323.0,2017-03-02 20:24:00,0,0,0,9,30,39
323.0,2017-03-02 20:27:00,0,0,0,9,30,39
323.0,2017-03-02 20:29:00,1,0,-1,8,31,39
323.0,2017-03-02 20:32:00,0,0,0,8,31,39
323.0,2017-03-02 20:35:00,0,0,0,8,31,39
323.0,2017-03-02 20:38:00,1,1,0,8,31,39
323.0,2017-03-02 20:41:00,0,1,1,9,30,39
323.0,2017-03-02 20:44:00,0,0,0,9,30,39
323.0,2017-03-02 20:47:00,0,0,0,9,30,39
323.0,2017-03-02 20:50:00,1,1,0,9,30,39
323.0,2017-03-02 20:53:00,0,0,0,9,30,39
323.0,2017-03-02 20:56:00,0,0,0,9,30,39
323.0,2017-03-02 20:59:00,0,0,0,9,30,39
323.0,2017-03-02 21:02:00,0,0,0,9,30,39
323.0,2017-03-02 21:05:00,0,0,0,9,30,39
323.0,2017-03-02 21:08:00,0,0,0,9,30,39
323.0,2017-03-02 21:11:00,0,0,0,9,30,39
323.0,2017-03-02 21:14:00,0,0,0,9,30,39
323.0,2017-03-02 21:17:00,0,0,0,9,30,39
323.0,2017-03-02 21:20:00,0,0,0,9,30,39
323.0,2017-03-02 21:23:00,0,0,0,9,30,39
323.0,2017-03-02 21:26:00,0,0,0,9,30,39
323.0,2017-03-02 21:29:00,0,0,0,9,30,39
323.0,2017-03-02 21:32:00,0,0,0,9,30,39
323.0,2017-03-02 21:35:00,0,0,0,9,30,39
323.0,2017-03-02 21:38:00,0,0,0,9,30,39
323.0,2017-03-02 21:41:00,0,0,0,9,30,39
323.0,2017-03-02 21:44:00,1,0,-1,8,31,39
323.0,2017-03-02 21:47:00,0,0,0,8,31,39
323.0,2017-03-02 21:48:00,0,0,0,8,31,39
323.0,2017-03-02 21:51:00,0,0,0,8,31,39
323.0,2017-03-02 21:54:00,0,0,0,8,31,39
323.0,2017-03-02 21:57:00,0,0,0,8,31,39
323.0,2017-03-02 22:00:00,0,0,0,8,31,39
323.0,2017-03-02 22:03:00,0,0,0,8,31,39
323.0,2017-03-02 22:06:00,0,0,0,8,31,39
323.0,2017-03-02 22:09:00,0,0,0,8,31,39
323.0,2017-03-02 22:12:00,1,0,-1,7,32,39
323.0,2017-03-02 22:15:00,0,0,0,7,32,39
323.0,2017-03-02 22:18:00,0,1,1,8,31,39
323.0,2017-03-02 22:21:00,0,0,0,8,31,39
323.0,2017-03-02 22:24:00,0,0,0,8,31,39
323.0,2017-03-02 22:25:00,0,0,0,8,31,39
323.0,2017-03-02 22:28:00,0,0,0,8,31,39
323.0,2017-03-02 22:31:00,0,0,0,8,31,39
323.0,2017-03-02 22:34:00,1,0,-1,7,32,39
323.0,2017-03-02 22:37:00,0,1,1,8,31,39
323.0,2017-03-02 22:40:00,0,0,0,8,31,39
323.0,2017-03-02 22:43:00,0,0,0,8,31,39
323.0,2017-03-02 22:46:00,0,1,1,9,30,39
323.0,2017-03-02 22:49:00,0,0,0,9,30,39
323.0,2017-03-02 22:52:00,0,0,0,9,30,39
323.0,2017-03-02 22:55:00,0,0,0,9,30,39
323.0,2017-03-02 22:58:00,0,0,0,9,30,39
323.0,2017-03-02 23:00:00,0,0,0,9,30,39
323.0,2017-03-02 23:03:00,0,0,0,9,30,39
323.0,2017-03-02 23:06:00,0,0,0,9,30,39
323.0,2017-03-02 23:09:00,0,0,0,9,30,39
323.0,2017-03-02 23:12:00,0,0,0,9,30,39
323.0,2017-03-02 23:15:00,0,0,0,9,30,39
323.0,2017-03-02 23:18:00,0,0,0,9,30,39
323.0,2017-03-02 23:21:00,0,0,0,9,30,39
323.0,2017-03-02 23:24:00,0,0,0,9,30,39
323.0,2017-03-02 23:27:00,0,0,0,9,30,39
323.0,2017-03-02 23:30:00,0,0,0,9,30,39
323.0,2017-03-02 23:33:00,0,0,0,9,30,39
323.0,2017-03-02 23:34:00,0,0,0,9,30,39
323.0,2017-03-02 23:37:00,0,0,0,9,30,39
323.0,2017-03-02 23:40:00,0,0,0,9,30,39
323.0,2017-03-02 23:43:00,0,0,0,9,30,39
323.0,2017-03-02 23:46:00,0,0,0,9,30,39
323.0,2017-03-02 23:49:00,0,0,0,9,30,39
323.0,2017-03-02 23:52:00,0,0,0,9,30,39
323.0,2017-03-02 23:55:00,0,0,0,9,30,39
323.0,2017-03-02 23:58:00,0,0,0,9,30,39
323.0,2017-03-03 00:01:00,0,0,0,9,30,39
323.0,2017-03-03 00:04:00,0,0,0,9,30,39
323.0,2017-03-03 00:07:00,0,0,0,9,30,39
323.0,2017-03-03 00:10:00,0,0,0,9,30,39
323.0,2017-03-03 00:13:00,0,0,0,9,30,39
323.0,2017-03-03 00:16:00,0,0,0,9,30,39
323.0,2017-03-03 00:17:00,0,0,0,30,9,39
323.0,2017-03-03 00:20:00,0,0,0,30,9,39
323.0,2017-03-03 00:23:00,0,0,0,30,9,39
323.0,2017-03-03 00:26:00,0,0,0,30,9,39
323.0,2017-03-03 00:29:00,0,0,0,30,9,39
323.0,2017-03-03 00:32:00,0,0,0,30,9,39
323.0,2017-03-03 00:35:00,0,0,0,30,9,39
323.0,2017-03-03 00:38:00,0,0,0,30,9,39
323.0,2017-03-03 00:41:00,0,0,0,30,9,39
323.0,2017-03-03 00:44:00,0,0,0,30,9,39
323.0,2017-03-03 00:47:00,1,0,-1,29,10,39
323.0,2017-03-03 00:50:00,0,0,0,29,10,39
323.0,2017-03-03 00:52:00,0,0,0,32,7,39
323.0,2017-03-03 00:55:00,0,0,0,32,7,39
323.0,2017-03-03 00:58:00,0,0,0,32,7,39
323.0,2017-03-03 01:01:00,0,0,0,32,7,39
323.0,2017-03-03 01:04:00,0,0,0,32,7,39
323.0,2017-03-03 01:07:00,0,0,0,32,7,39
323.0,2017-03-03 01:10:00,0,0,0,32,7,39
323.0,2017-03-03 01:13:00,0,0,0,32,7,39
323.0,2017-03-03 01:16:00,0,0,0,32,7,39
323.0,2017-03-03 01:17:00,0,0,0,8,31,39
323.0,2017-03-03 01:20:00,0,0,0,8,31,39
323.0,2017-03-03 01:23:00,0,0,0,8,31,39
323.0,2017-03-03 01:26:00,0,0,0,8,31,39
323.0,2017-03-03 01:29:00,0,0,0,8,31,39
323.0,2017-03-03 01:32:00,0,0,0,8,31,39
323.0,2017-03-03 01:35:00,0,0,0,8,31,39
323.0,2017-03-03 01:38:00,0,0,0,8,31,39
323.0,2017-03-03 01:41:00,0,0,0,8,31,39
323.0,2017-03-03 01:44:00,0,0,0,8,31,39
323.0,2017-03-03 01:47:00,0,0,0,8,31,39
323.0,2017-03-03 01:50:00,0,0,0,8,31,39
323.0,2017-03-03 01:53:00,0,0,0,8,31,39
323.0,2017-03-03 01:56:00,0,0,0,8,31,39
323.0,2017-03-03 01:59:00,0,0,0,8,31,39
323.0,2017-03-03 02:02:00,1,0,-1,7,32,39
323.0,2017-03-03 02:05:00,0,0,0,7,32,39
323.0,2017-03-03 02:08:00,0,0,0,7,32,39
323.0,2017-03-03 02:11:00,0,0,0,7,32,39
323.0,2017-03-03 02:14:00,0,0,0,7,32,39
323.0,2017-03-03 02:17:00,0,0,0,7,32,39
323.0,2017-03-03 02:20:00,0,0,0,7,32,39
323.0,2017-03-03 02:23:00,0,0,0,7,32,39
323.0,2017-03-03 02:26:00,0,0,0,7,32,39
323.0,2017-03-03 02:29:00,0,0,0,7,32,39
323.0,2017-03-03 02:32:00,0,0,0,7,32,39
323.0,2017-03-03 02:35:00,0,0,0,7,32,39
323.0,2017-03-03 02:38:00,0,0,0,7,32,39
323.0,2017-03-03 02:41:00,0,0,0,7,32,39
323.0,2017-03-03 02:44:00,0,0,0,7,32,39
323.0,2017-03-03 02:47:00,0,0,0,7,32,39
323.0,2017-03-03 02:50:00,0,0,0,7,32,39
323.0,2017-03-03 02:53:00,0,0,0,7,32,39
323.0,2017-03-03 02:55:00,0,0,0,7,32,39
323.0,2017-03-03 02:58:00,0,0,0,7,32,39
323.0,2017-03-03 03:01:00,0,0,0,7,32,39
323.0,2017-03-03 03:04:00,0,0,0,7,32,39
323.0,2017-03-03 03:07:00,0,0,0,7,32,39
323.0,2017-03-03 03:10:00,0,0,0,7,32,39
323.0,2017-03-03 03:13:00,0,0,0,7,32,39
323.0,2017-03-03 03:16:00,0,0,0,7,32,39
323.0,2017-03-03 03:19:00,0,0,0,7,32,39
323.0,2017-03-03 03:22:00,0,0,0,7,32,39
323.0,2017-03-03 03:25:00,0,0,0,7,32,39
323.0,2017-03-03 03:28:00,0,0,0,7,32,39
323.0,2017-03-03 03:29:00,0,0,0,7,32,39
323.0,2017-03-03 03:32:00,0,0,0,7,32,39
323.0,2017-03-03 03:35:00,0,0,0,7,32,39
323.0,2017-03-03 03:38:00,0,0,0,7,32,39
323.0,2017-03-03 03:41:00,0,0,0,7,32,39
323.0,2017-03-03 03:44:00,0,0,0,7,32,39
323.0,2017-03-03 03:47:00,0,0,0,7,32,39
323.0,2017-03-03 03:50:00,0,0,0,7,32,39
323.0,2017-03-03 03:53:00,0,0,0,7,32,39
323.0,2017-03-03 03:56:00,0,0,0,7,32,39
323.0,2017-03-03 03:59:00,0,0,0,7,32,39
323.0,2017-03-03 04:02:00,0,0,0,7,32,39
323.0,2017-03-03 04:05:00,0,0,0,7,32,39
323.0,2017-03-03 04:07:00,0,0,0,7,32,39
323.0,2017-03-03 04:10:00,0,0,0,7,32,39
323.0,2017-03-03 04:13:00,0,0,0,7,32,39
323.0,2017-03-03 04:16:00,0,0,0,7,32,39
323.0,2017-03-03 04:19:00,0,0,0,7,32,39
323.0,2017-03-03 04:22:00,0,0,0,7,32,39
323.0,2017-03-03 04:25:00,0,0,0,7,32,39
323.0,2017-03-03 04:28:00,0,0,0,7,32,39
323.0,2017-03-03 04:31:00,0,0,0,7,32,39
323.0,2017-03-03 04:34:00,0,0,0,7,32,39
323.0,2017-03-03 04:37:00,0,0,0,7,32,39
323.0,2017-03-03 04:39:00,0,0,0,7,32,39
323.0,2017-03-03 04:42:00,0,0,0,7,32,39
323.0,2017-03-03 04:45:00,0,0,0,7,32,39
323.0,2017-03-03 04:48:00,0,0,0,7,32,39
323.0,2017-03-03 04:51:00,0,0,0,7,32,39
323.0,2017-03-03 04:54:00,0,0,0,7,32,39
323.0,2017-03-03 04:57:00,0,0,0,7,32,39
323.0,2017-03-03 05:00:00,0,0,0,7,32,39
323.0,2017-03-03 05:03:00,0,0,0,7,32,39
323.0,2017-03-03 05:06:00,0,0,0,7,32,39
323.0,2017-03-03 05:09:00,0,0,0,7,32,39
323.0,2017-03-03 05:12:00,0,0,0,7,32,39
323.0,2017-03-03 05:15:00,0,0,0,7,32,39
323.0,2017-03-03 05:18:00,0,0,0,7,32,39
323.0,2017-03-03 05:21:00,0,0,0,7,32,39
323.0,2017-03-03 05:24:00,0,0,0,7,32,39
323.0,2017-03-03 05:27:00,0,0,0,7,32,39
323.0,2017-03-03 05:30:00,0,0,0,7,32,39
323.0,2017-03-03 05:33:00,0,0,0,7,32,39
323.0,2017-03-03 05:36:00,0,0,0,7,32,39
323.0,2017-03-03 05:39:00,0,0,0,7,32,39
323.0,2017-03-03 05:42:00,0,0,0,7,32,39
323.0,2017-03-03 05:45:00,0,0,0,7,32,39
323.0,2017-03-03 05:46:00,0,0,0,7,32,39
323.0,2017-03-03 05:49:00,0,0,0,7,32,39
323.0,2017-03-03 05:52:00,0,0,0,7,32,39
323.0,2017-03-03 05:55:00,0,0,0,7,32,39
323.0,2017-03-03 05:58:00,0,0,0,7,32,39
323.0,2017-03-03 06:01:00,0,0,0,7,32,39
323.0,2017-03-03 06:04:00,0,0,0,7,32,39
323.0,2017-03-03 06:07:00,0,0,0,7,32,39
323.0,2017-03-03 06:10:00,0,0,0,7,32,39
323.0,2017-03-03 06:13:00,0,0,0,7,32,39
323.0,2017-03-03 06:16:00,0,0,0,7,32,39
323.0,2017-03-03 06:19:00,0,0,0,7,32,39
323.0,2017-03-03 06:21:00,0,0,0,7,32,39
323.0,2017-03-03 06:24:00,0,1,1,8,31,39
323.0,2017-03-03 06:27:00,0,0,0,8,31,39
323.0,2017-03-03 06:30:00,0,0,0,8,31,39
323.0,2017-03-03 06:33:00,0,0,0,8,31,39
323.0,2017-03-03 06:36:00,0,0,0,8,31,39
323.0,2017-03-03 06:39:00,0,0,0,8,31,39
323.0,2017-03-03 06:42:00,0,0,0,8,31,39
323.0,2017-03-03 06:45:00,0,2,2,10,29,39
323.0,2017-03-03 06:48:00,0,0,0,10,29,39
323.0,2017-03-03 06:51:00,0,0,0,10,29,39
323.0,2017-03-03 06:54:00,0,0,0,10,29,39
323.0,2017-03-03 06:57:00,0,0,0,10,29,39
323.0,2017-03-03 07:00:00,0,0,0,10,29,39
323.0,2017-03-03 07:03:00,0,0,0,10,29,39
323.0,2017-03-03 07:06:00,0,0,0,10,29,39
323.0,2017-03-03 07:09:00,0,0,0,10,29,39
323.0,2017-03-03 07:12:00,0,0,0,10,29,39
323.0,2017-03-03 07:15:00,0,0,0,10,29,39
323.0,2017-03-03 07:18:00,0,0,0,10,29,39
323.0,2017-03-03 07:21:00,0,0,0,10,29,39
323.0,2017-03-03 07:24:00,0,0,0,10,29,39
323.0,2017-03-03 07:27:00,0,1,1,11,28,39
323.0,2017-03-03 07:30:00,1,0,-1,10,29,39
323.0,2017-03-03 07:33:00,0,1,1,11,28,39
323.0,2017-03-03 07:34:00,0,0,0,11,28,39
323.0,2017-03-03 07:37:00,0,1,1,12,27,39
323.0,2017-03-03 07:40:00,1,0,-1,11,28,39
323.0,2017-03-03 07:43:00,0,0,0,11,28,39
323.0,2017-03-03 07:46:00,0,2,2,13,26,39
323.0,2017-03-03 07:49:00,0,1,1,14,25,39
323.0,2017-03-03 07:52:00,1,1,0,14,25,39
323.0,2017-03-03 07:55:00,0,0,0,14,25,39
323.0,2017-03-03 07:58:00,0,1,1,15,24,39
323.0,2017-03-03 08:01:00,0,0,0,15,24,39
323.0,2017-03-03 08:04:00,0,1,1,16,23,39
323.0,2017-03-03 08:07:00,0,0,0,16,23,39
323.0,2017-03-03 08:10:00,0,0,0,16,23,39
323.0,2017-03-03 08:11:00,0,0,0,16,23,39
323.0,2017-03-03 08:14:00,0,2,2,18,21,39
323.0,2017-03-03 08:17:00,0,0,0,18,21,39
323.0,2017-03-03 08:20:00,0,1,1,19,20,39
323.0,2017-03-03 08:23:00,0,2,2,21,18,39
323.0,2017-03-03 08:26:00,0,0,0,21,18,39
323.0,2017-03-03 08:29:00,0,3,3,24,15,39
323.0,2017-03-03 08:32:00,1,0,-1,23,16,39
323.0,2017-03-03 08:35:00,0,0,0,23,16,39
323.0,2017-03-03 08:38:00,1,0,-1,22,17,39
323.0,2017-03-03 08:41:00,1,1,0,22,17,39
323.0,2017-03-03 08:44:00,1,0,-1,21,18,39
323.0,2017-03-03 08:47:00,0,2,2,23,16,39
323.0,2017-03-03 08:48:00,0,0,0,22,17,39
323.0,2017-03-03 08:51:00,0,0,0,22,17,39
323.0,2017-03-03 08:54:00,0,1,1,23,16,39
323.0,2017-03-03 08:57:00,0,0,0,23,16,39
323.0,2017-03-03 09:00:00,0,1,1,24,15,39
323.0,2017-03-03 09:03:00,0,1,1,25,14,39
323.0,2017-03-03 09:06:00,0,1,1,26,13,39
323.0,2017-03-03 09:09:00,0,0,0,26,13,39
323.0,2017-03-03 09:12:00,0,0,0,26,13,39
323.0,2017-03-03 09:15:00,0,0,0,26,13,39
323.0,2017-03-03 09:18:00,0,0,0,26,13,39
323.0,2017-03-03 09:21:00,0,2,2,28,11,39
323.0,2017-03-03 09:24:00,1,0,-1,27,12,39
323.0,2017-03-03 09:27:00,0,1,1,28,11,39
323.0,2017-03-03 09:30:00,0,1,1,29,10,39
323.0,2017-03-03 09:33:00,0,1,1,30,9,39
323.0,2017-03-03 09:36:00,0,0,0,30,9,39
323.0,2017-03-03 09:39:00,0,0,0,30,9,39
323.0,2017-03-03 09:42:00,0,0,0,30,9,39
323.0,2017-03-03 09:45:00,0,0,0,30,9,39
323.0,2017-03-03 09:48:00,0,0,0,30,9,39
323.0,2017-03-03 09:51:00,0,0,0,30,9,39
323.0,2017-03-03 09:54:00,0,0,0,30,9,39
323.0,2017-03-03 09:57:00,0,0,0,30,9,39
323.0,2017-03-03 09:58:00,0,0,0,30,9,39
323.0,2017-03-03 10:01:00,0,0,0,30,9,39
323.0,2017-03-03 10:04:00,0,0,0,30,9,39
323.0,2017-03-03 10:07:00,0,0,0,30,9,39
323.0,2017-03-03 10:10:00,0,0,0,30,9,39
323.0,2017-03-03 10:13:00,0,0,0,30,9,39
323.0,2017-03-03 10:16:00,0,0,0,30,9,39
323.0,2017-03-03 10:19:00,0,0,0,30,9,39
323.0,2017-03-03 10:22:00,0,0,0,30,9,39
323.0,2017-03-03 10:25:00,0,0,0,30,9,39
323.0,2017-03-03 10:28:00,0,0,0,30,9,39
323.0,2017-03-03 10:31:00,0,0,0,30,9,39
323.0,2017-03-03 10:34:00,0,0,0,30,9,39
323.0,2017-03-03 10:37:00,0,0,0,30,9,39
323.0,2017-03-03 10:40:00,0,0,0,30,9,39
323.0,2017-03-03 10:43:00,0,1,1,31,8,39
323.0,2017-03-03 10:46:00,0,0,0,31,8,39
323.0,2017-03-03 10:49:00,0,0,0,31,8,39
323.0,2017-03-03 10:52:00,0,0,0,31,8,39
323.0,2017-03-03 10:55:00,0,0,0,31,8,39
323.0,2017-03-03 10:58:00,0,0,0,31,8,39
323.0,2017-03-03 11:01:00,0,0,0,31,8,39
323.0,2017-03-03 11:04:00,0,0,0,31,8,39
323.0,2017-03-03 11:07:00,0,0,0,31,8,39
323.0,2017-03-03 11:10:00,0,0,0,31,8,39
323.0,2017-03-03 11:13:00,0,0,0,31,8,39
323.0,2017-03-03 11:16:00,0,1,1,32,7,39
323.0,2017-03-03 11:19:00,0,0,0,32,7,39
323.0,2017-03-03 11:22:00,0,0,0,32,7,39
323.0,2017-03-03 11:25:00,0,0,0,32,7,39
323.0,2017-03-03 11:28:00,0,1,1,33,6,39
323.0,2017-03-03 11:31:00,0,0,0,33,6,39
323.0,2017-03-03 11:34:00,0,0,0,33,6,39
323.0,2017-03-03 11:37:00,0,0,0,33,6,39
323.0,2017-03-03 11:40:00,0,0,0,33,6,39
323.0,2017-03-03 11:43:00,1,0,-1,32,7,39
323.0,2017-03-03 11:46:00,0,0,0,32,7,39
323.0,2017-03-03 11:49:00,0,0,0,32,7,39
323.0,2017-03-03 11:52:00,0,0,0,32,7,39
323.0,2017-03-03 11:55:00,0,0,0,32,7,39
323.0,2017-03-03 11:58:00,0,0,0,32,7,39
323.0,2017-03-03 12:01:00,0,0,0,32,7,39
323.0,2017-03-03 12:04:00,0,0,0,32,7,39
323.0,2017-03-03 12:07:00,0,0,0,32,7,39
323.0,2017-03-03 12:08:00,0,0,0,9,30,39
323.0,2017-03-03 12:11:00,0,0,0,9,30,39
323.0,2017-03-03 12:14:00,0,1,1,10,29,39
323.0,2017-03-03 12:17:00,0,0,0,10,29,39
323.0,2017-03-03 12:20:00,0,0,0,10,29,39
323.0,2017-03-03 12:23:00,0,0,0,10,29,39
323.0,2017-03-03 12:26:00,0,0,0,10,29,39
323.0,2017-03-03 12:29:00,0,0,0,10,29,39
323.0,2017-03-03 12:32:00,0,0,0,10,29,39
323.0,2017-03-03 12:35:00,0,0,0,10,29,39
323.0,2017-03-03 12:38:00,0,0,0,10,29,39
323.0,2017-03-03 12:41:00,0,0,0,10,29,39
323.0,2017-03-03 12:42:00,0,0,0,9,30,39
323.0,2017-03-03 12:45:00,0,0,0,9,30,39
323.0,2017-03-03 12:48:00,0,1,1,10,29,39
323.0,2017-03-03 12:51:00,0,0,0,10,29,39
323.0,2017-03-03 12:54:00,0,0,0,10,29,39
323.0,2017-03-03 12:57:00,0,0,0,10,29,39
323.0,2017-03-03 13:00:00,0,0,0,10,29,39
323.0,2017-03-03 13:03:00,0,0,0,10,29,39
323.0,2017-03-03 13:06:00,0,0,0,10,29,39
323.0,2017-03-03 13:09:00,0,0,0,10,29,39
323.0,2017-03-03 13:12:00,0,0,0,10,29,39
323.0,2017-03-03 13:15:00,0,0,0,10,29,39
323.0,2017-03-03 13:18:00,0,1,1,11,28,39
323.0,2017-03-03 13:21:00,0,0,0,11,28,39
323.0,2017-03-03 13:24:00,0,1,1,12,27,39
323.0,2017-03-03 13:27:00,0,0,0,35,4,39
323.0,2017-03-03 13:30:00,0,0,0,35,4,39
323.0,2017-03-03 13:33:00,0,0,0,35,4,39
323.0,2017-03-03 13:36:00,0,0,0,35,4,39
323.0,2017-03-03 13:39:00,0,0,0,35,4,39
323.0,2017-03-03 13:42:00,0,0,0,35,4,39
323.0,2017-03-03 13:45:00,0,0,0,35,4,39
323.0,2017-03-03 13:48:00,0,0,0,35,4,39
323.0,2017-03-03 13:51:00,0,1,1,36,3,39
323.0,2017-03-03 13:54:00,0,0,0,36,3,39
323.0,2017-03-03 13:57:00,0,0,0,36,3,39
323.0,2017-03-03 14:00:00,1,0,-1,35,4,39
323.0,2017-03-03 14:03:00,0,0,0,36,3,39
323.0,2017-03-03 14:06:00,0,0,0,36,3,39
323.0,2017-03-03 14:09:00,0,0,0,36,3,39
323.0,2017-03-03 14:12:00,0,0,0,36,3,39
323.0,2017-03-03 14:15:00,0,0,0,36,3,39
323.0,2017-03-03 14:18:00,0,0,0,36,3,39
323.0,2017-03-03 14:21:00,0,0,0,36,3,39
323.0,2017-03-03 14:24:00,0,0,0,36,3,39
323.0,2017-03-03 14:27:00,0,0,0,36,3,39
323.0,2017-03-03 14:30:00,0,0,0,36,3,39
323.0,2017-03-03 14:33:00,0,0,0,36,3,39
323.0,2017-03-03 14:36:00,0,0,0,36,3,39
323.0,2017-03-03 14:39:00,2,0,-2,34,5,39
323.0,2017-03-03 14:40:00,1,0,-1,33,6,39
323.0,2017-03-03 14:43:00,0,0,0,33,6,39
323.0,2017-03-03 14:46:00,0,0,0,33,6,39
323.0,2017-03-03 14:49:00,0,0,0,33,6,39
323.0,2017-03-03 14:52:00,0,0,0,33,6,39
323.0,2017-03-03 14:55:00,0,0,0,33,6,39
323.0,2017-03-03 14:58:00,0,0,0,33,6,39
323.0,2017-03-03 15:01:00,0,0,0,33,6,39
323.0,2017-03-03 15:04:00,0,0,0,33,6,39
323.0,2017-03-03 15:07:00,0,0,0,33,6,39
323.0,2017-03-03 15:10:00,0,0,0,33,6,39
323.0,2017-03-03 15:13:00,0,0,0,33,6,39
323.0,2017-03-03 15:16:00,0,0,0,33,6,39
323.0,2017-03-03 15:17:00,0,1,1,35,4,39
323.0,2017-03-03 15:20:00,0,0,0,35,4,39
323.0,2017-03-03 15:23:00,0,0,0,35,4,39
323.0,2017-03-03 15:26:00,1,1,0,35,4,39
323.0,2017-03-03 15:29:00,0,0,0,35,4,39
323.0,2017-03-03 15:32:00,0,0,0,35,4,39
323.0,2017-03-03 15:35:00,0,1,1,36,3,39
323.0,2017-03-03 15:38:00,0,0,0,36,3,39
323.0,2017-03-03 15:41:00,0,0,0,36,3,39
323.0,2017-03-03 15:44:00,0,0,0,36,3,39
323.0,2017-03-03 15:47:00,0,0,0,36,3,39
323.0,2017-03-03 15:50:00,0,0,0,36,3,39
323.0,2017-03-03 15:53:00,1,0,-1,35,4,39
323.0,2017-03-03 15:54:00,1,0,-1,34,5,39
323.0,2017-03-03 15:57:00,0,0,0,34,5,39
323.0,2017-03-03 16:00:00,0,0,0,34,5,39
323.0,2017-03-03 16:03:00,1,0,-1,33,6,39
323.0,2017-03-03 16:06:00,0,0,0,33,6,39
323.0,2017-03-03 16:09:00,1,0,-1,32,7,39
323.0,2017-03-03 16:12:00,0,0,0,32,7,39
323.0,2017-03-03 16:15:00,0,0,0,32,7,39
323.0,2017-03-03 16:18:00,0,0,0,32,7,39
323.0,2017-03-03 16:21:00,0,1,1,33,6,39
323.0,2017-03-03 16:24:00,0,0,0,33,6,39
323.0,2017-03-03 16:27:00,1,0,-1,32,7,39
323.0,2017-03-03 16:30:00,1,0,-1,31,8,39
323.0,2017-03-03 16:32:00,0,0,0,32,7,39
323.0,2017-03-03 16:35:00,0,0,0,32,7,39
323.0,2017-03-03 16:38:00,0,0,0,32,7,39
323.0,2017-03-03 16:41:00,0,0,0,32,7,39
323.0,2017-03-03 16:44:00,0,0,0,32,7,39
323.0,2017-03-03 16:47:00,0,0,0,32,7,39
323.0,2017-03-03 16:50:00,0,0,0,32,7,39
323.0,2017-03-03 16:53:00,0,0,0,32,7,39
323.0,2017-03-03 16:56:00,0,0,0,32,7,39
323.0,2017-03-03 16:59:00,0,1,1,33,6,39
323.0,2017-03-03 17:02:00,0,0,0,33,6,39
323.0,2017-03-03 17:05:00,0,1,1,34,5,39
323.0,2017-03-03 17:08:00,2,0,-2,32,7,39
323.0,2017-03-03 17:10:00,2,0,-2,30,9,39
323.0,2017-03-03 17:13:00,0,0,0,30,9,39
323.0,2017-03-03 17:16:00,1,1,0,30,9,39
323.0,2017-03-03 17:19:00,0,0,0,30,9,39
323.0,2017-03-03 17:22:00,1,0,-1,29,10,39
323.0,2017-03-03 17:25:00,0,0,0,29,10,39
323.0,2017-03-03 17:28:00,0,0,0,29,10,39
323.0,2017-03-03 17:31:00,0,1,1,30,9,39
323.0,2017-03-03 17:34:00,0,0,0,30,9,39
323.0,2017-03-03 17:37:00,1,0,-1,29,10,39
323.0,2017-03-03 17:40:00,0,0,0,29,10,39
323.0,2017-03-03 17:43:00,0,0,0,29,10,39
323.0,2017-03-03 17:46:00,0,0,0,29,10,39
323.0,2017-03-03 17:47:00,0,0,0,30,9,39
323.0,2017-03-03 17:50:00,0,0,0,30,9,39
323.0,2017-03-03 17:53:00,0,0,0,30,9,39
323.0,2017-03-03 17:56:00,0,0,0,30,9,39
323.0,2017-03-03 17:59:00,0,0,0,30,9,39
323.0,2017-03-03 18:02:00,0,0,0,30,9,39
323.0,2017-03-03 18:05:00,1,0,-1,29,10,39
323.0,2017-03-03 18:08:00,0,0,0,29,10,39
323.0,2017-03-03 18:11:00,0,0,0,29,10,39
323.0,2017-03-03 18:14:00,1,1,0,29,10,39
323.0,2017-03-03 18:17:00,1,0,-1,28,11,39
323.0,2017-03-03 18:20:00,0,0,0,28,11,39
323.0,2017-03-03 18:23:00,0,0,0,28,11,39
323.0,2017-03-03 18:25:00,1,0,-1,28,11,39
323.0,2017-03-03 18:28:00,0,0,0,28,11,39
323.0,2017-03-03 18:31:00,0,0,0,28,11,39
323.0,2017-03-03 18:34:00,1,0,-1,27,12,39
323.0,2017-03-03 18:37:00,0,0,0,27,12,39
323.0,2017-03-03 18:40:00,0,0,0,27,12,39
323.0,2017-03-03 18:43:00,0,0,0,27,12,39
323.0,2017-03-03 18:46:00,0,0,0,27,12,39
323.0,2017-03-03 18:49:00,0,0,0,27,12,39
323.0,2017-03-03 18:52:00,0,0,0,27,12,39
323.0,2017-03-03 18:55:00,0,0,0,27,12,39
323.0,2017-03-03 18:58:00,0,0,0,27,12,39
323.0,2017-03-03 19:01:00,1,1,0,26,13,39
323.0,2017-03-03 19:04:00,1,0,-1,25,14,39
323.0,2017-03-03 19:07:00,0,0,0,25,14,39
323.0,2017-03-03 19:10:00,0,0,0,25,14,39
323.0,2017-03-03 19:13:00,0,0,0,25,14,39
323.0,2017-03-03 19:16:00,0,0,0,25,14,39
323.0,2017-03-03 19:19:00,1,0,-1,24,15,39
323.0,2017-03-03 19:22:00,0,0,0,24,15,39
323.0,2017-03-03 19:25:00,1,0,-1,23,16,39
323.0,2017-03-03 19:28:00,0,0,0,23,16,39
323.0,2017-03-03 19:31:00,1,0,-1,22,17,39
323.0,2017-03-03 19:34:00,0,0,0,22,17,39
323.0,2017-03-03 19:37:00,0,0,0,22,17,39
323.0,2017-03-03 19:38:00,0,0,0,23,16,39
323.0,2017-03-03 19:41:00,0,0,0,23,16,39
323.0,2017-03-03 19:44:00,0,0,0,23,16,39
323.0,2017-03-03 19:47:00,0,1,1,24,15,39
323.0,2017-03-03 19:50:00,0,0,0,24,15,39
323.0,2017-03-03 19:53:00,0,0,0,24,15,39
323.0,2017-03-03 19:56:00,0,0,0,24,15,39
323.0,2017-03-03 19:59:00,0,0,0,24,15,39
323.0,2017-03-03 20:02:00,0,0,0,24,15,39
323.0,2017-03-03 20:05:00,0,0,0,24,15,39
323.0,2017-03-03 20:06:00,0,0,0,24,15,39
323.0,2017-03-03 20:09:00,0,0,0,24,15,39
323.0,2017-03-03 20:12:00,0,0,0,24,15,39
323.0,2017-03-03 20:15:00,0,0,0,24,15,39
323.0,2017-03-03 20:18:00,1,0,-1,23,16,39
323.0,2017-03-03 20:21:00,0,0,0,23,16,39
323.0,2017-03-03 20:24:00,0,0,0,23,16,39
323.0,2017-03-03 20:27:00,0,0,0,23,16,39
323.0,2017-03-03 20:30:00,0,1,1,24,15,39
323.0,2017-03-03 20:33:00,0,0,0,24,15,39
323.0,2017-03-03 20:34:00,0,0,0,24,15,39
323.0,2017-03-03 20:37:00,0,0,0,24,15,39
323.0,2017-03-03 20:40:00,1,0,-1,23,16,39
323.0,2017-03-03 20:43:00,0,0,0,23,16,39
323.0,2017-03-03 20:46:00,0,1,1,24,15,39
323.0,2017-03-03 20:49:00,1,0,-1,23,16,39
323.0,2017-03-03 20:52:00,0,0,0,23,16,39
323.0,2017-03-03 20:55:00,0,0,0,23,16,39
323.0,2017-03-03 20:58:00,2,0,-2,21,18,39
323.0,2017-03-03 21:01:00,0,0,0,21,18,39
323.0,2017-03-03 21:04:00,0,0,0,21,18,39
323.0,2017-03-03 21:07:00,0,0,0,21,18,39
323.0,2017-03-03 21:09:00,0,0,0,21,18,39
323.0,2017-03-03 21:12:00,0,0,0,21,18,39
323.0,2017-03-03 21:15:00,0,0,0,21,18,39
323.0,2017-03-03 21:18:00,0,0,0,21,18,39
323.0,2017-03-03 21:21:00,0,0,0,21,18,39
323.0,2017-03-03 21:24:00,0,0,0,21,18,39
323.0,2017-03-03 21:27:00,0,0,0,21,18,39
323.0,2017-03-03 21:30:00,0,0,0,21,18,39
323.0,2017-03-03 21:33:00,0,0,0,21,18,39
323.0,2017-03-03 21:36:00,0,0,0,21,18,39
323.0,2017-03-03 21:39:00,0,0,0,21,18,39
323.0,2017-03-03 21:42:00,0,0,0,21,18,39
323.0,2017-03-03 21:44:00,1,0,-1,20,19,39
323.0,2017-03-03 21:47:00,0,0,0,20,19,39
323.0,2017-03-03 21:50:00,0,0,0,20,19,39
323.0,2017-03-03 21:53:00,0,0,0,20,19,39
323.0,2017-03-03 21:56:00,0,0,0,20,19,39
323.0,2017-03-03 21:59:00,0,0,0,20,19,39
323.0,2017-03-03 22:02:00,0,0,0,20,19,39
323.0,2017-03-03 22:05:00,0,0,0,20,19,39
323.0,2017-03-03 22:08:00,0,0,0,20,19,39
323.0,2017-03-03 22:11:00,0,0,0,20,19,39
323.0,2017-03-03 22:14:00,0,1,1,21,18,39
323.0,2017-03-03 22:17:00,0,0,0,21,18,39
323.0,2017-03-03 22:20:00,0,0,0,21,18,39
323.0,2017-03-03 22:23:00,0,0,0,21,18,39
323.0,2017-03-03 22:26:00,0,0,0,21,18,39
323.0,2017-03-03 22:29:00,0,0,0,21,18,39
323.0,2017-03-03 22:32:00,0,0,0,21,18,39
323.0,2017-03-03 22:35:00,0,0,0,21,18,39
323.0,2017-03-03 22:38:00,0,0,0,21,18,39
323.0,2017-03-03 22:41:00,0,0,0,21,18,39
323.0,2017-03-03 22:44:00,0,0,0,21,18,39
323.0,2017-03-03 22:47:00,0,0,0,21,18,39
323.0,2017-03-03 22:50:00,1,0,-1,20,19,39
323.0,2017-03-03 22:53:00,0,0,0,20,19,39
323.0,2017-03-03 22:56:00,0,0,0,20,19,39
323.0,2017-03-03 22:58:00,0,0,0,20,19,39
323.0,2017-03-03 23:01:00,0,0,0,20,19,39
323.0,2017-03-03 23:04:00,0,0,0,20,19,39
323.0,2017-03-03 23:07:00,0,0,0,20,19,39
323.0,2017-03-03 23:10:00,0,0,0,20,19,39
323.0,2017-03-03 23:13:00,0,0,0,20,19,39
323.0,2017-03-03 23:16:00,1,0,-1,19,20,39
323.0,2017-03-03 23:19:00,0,0,0,19,20,39
323.0,2017-03-03 23:22:00,0,0,0,19,20,39
323.0,2017-03-03 23:25:00,0,0,0,19,20,39
323.0,2017-03-03 23:28:00,0,0,0,19,20,39
323.0,2017-03-03 23:31:00,0,0,0,19,20,39
323.0,2017-03-03 23:34:00,0,0,0,19,20,39
323.0,2017-03-03 23:37:00,0,0,0,19,20,39
323.0,2017-03-03 23:40:00,0,0,0,19,20,39
323.0,2017-03-03 23:43:00,0,0,0,19,20,39
323.0,2017-03-03 23:46:00,0,0,0,19,20,39
323.0,2017-03-03 23:49:00,1,1,0,19,20,39
323.0,2017-03-03 23:52:00,0,1,1,20,19,39
323.0,2017-03-03 23:55:00,0,0,0,20,19,39
323.0,2017-03-03 23:58:00,0,0,0,20,19,39
323.0,2017-03-04 00:01:00,0,0,0,20,19,39
323.0,2017-03-04 00:04:00,0,0,0,20,19,39
323.0,2017-03-04 00:07:00,0,0,0,20,19,39
323.0,2017-03-04 00:10:00,0,0,0,20,19,39
323.0,2017-03-04 00:13:00,0,0,0,20,19,39
323.0,2017-03-04 00:15:00,0,0,0,33,6,39
323.0,2017-03-04 00:18:00,0,0,0,33,6,39
323.0,2017-03-04 00:21:00,0,0,0,33,6,39
323.0,2017-03-04 00:24:00,0,0,0,33,6,39
323.0,2017-03-04 00:27:00,0,0,0,33,6,39
323.0,2017-03-04 00:30:00,0,0,0,33,6,39
323.0,2017-03-04 00:33:00,0,0,0,33,6,39
323.0,2017-03-04 00:36:00,0,0,0,33,6,39
323.0,2017-03-04 00:39:00,0,0,0,33,6,39
323.0,2017-03-04 00:42:00,0,0,0,33,6,39
323.0,2017-03-04 00:45:00,0,0,0,33,6,39
323.0,2017-03-04 00:48:00,0,0,0,33,6,39
323.0,2017-03-04 00:51:00,0,0,0,33,6,39
323.0,2017-03-04 00:54:00,0,0,0,33,6,39
323.0,2017-03-04 00:57:00,0,0,0,33,6,39
323.0,2017-03-04 01:00:00,0,0,0,33,6,39
323.0,2017-03-04 01:03:00,0,0,0,33,6,39
323.0,2017-03-04 01:06:00,0,0,0,33,6,39
323.0,2017-03-04 01:09:00,0,0,0,33,6,39
323.0,2017-03-04 01:12:00,0,0,0,33,6,39
323.0,2017-03-04 01:15:00,0,0,0,33,6,39
323.0,2017-03-04 01:18:00,0,0,0,33,6,39
323.0,2017-03-04 01:21:00,0,0,0,33,6,39
323.0,2017-03-04 01:24:00,0,0,0,33,6,39
323.0,2017-03-04 01:27:00,0,0,0,33,6,39
323.0,2017-03-04 01:28:00,0,0,0,20,19,39
323.0,2017-03-04 01:31:00,0,0,0,20,19,39
323.0,2017-03-04 01:34:00,0,0,0,20,19,39
323.0,2017-03-04 01:37:00,0,0,0,20,19,39
323.0,2017-03-04 01:40:00,0,0,0,20,19,39
323.0,2017-03-04 01:43:00,0,0,0,20,19,39
323.0,2017-03-04 01:46:00,0,0,0,20,19,39
323.0,2017-03-04 01:49:00,0,0,0,20,19,39
323.0,2017-03-04 01:52:00,0,0,0,20,19,39
323.0,2017-03-04 01:55:00,0,0,0,20,19,39
323.0,2017-03-04 01:58:00,0,0,0,20,19,39
323.0,2017-03-04 02:01:00,0,0,0,20,19,39
323.0,2017-03-04 02:04:00,0,0,0,20,19,39
323.0,2017-03-04 02:06:00,0,0,0,20,19,39
323.0,2017-03-04 02:09:00,0,0,0,20,19,39
323.0,2017-03-04 02:12:00,0,0,0,20,19,39
323.0,2017-03-04 02:15:00,0,0,0,20,19,39
323.0,2017-03-04 02:18:00,0,0,0,20,19,39
323.0,2017-03-04 02:21:00,0,0,0,20,19,39
323.0,2017-03-04 02:24:00,0,0,0,20,19,39
323.0,2017-03-04 02:27:00,0,0,0,20,19,39
323.0,2017-03-04 02:30:00,0,0,0,20,19,39
323.0,2017-03-04 02:33:00,0,0,0,20,19,39
323.0,2017-03-04 02:36:00,0,0,0,20,19,39
323.0,2017-03-04 02:39:00,1,0,-1,19,20,39
323.0,2017-03-04 02:42:00,0,0,0,19,20,39
323.0,2017-03-04 02:43:00,0,0,0,19,20,39
323.0,2017-03-04 02:46:00,0,0,0,19,20,39
323.0,2017-03-04 02:49:00,0,0,0,19,20,39
323.0,2017-03-04 02:52:00,0,0,0,19,20,39
323.0,2017-03-04 02:55:00,0,0,0,19,20,39
323.0,2017-03-04 02:58:00,0,0,0,19,20,39
323.0,2017-03-04 03:01:00,0,0,0,19,20,39
323.0,2017-03-04 03:04:00,0,0,0,19,20,39
323.0,2017-03-04 03:07:00,0,0,0,19,20,39
323.0,2017-03-04 03:10:00,0,0,0,19,20,39
323.0,2017-03-04 03:13:00,0,0,0,19,20,39
323.0,2017-03-04 03:16:00,0,0,0,19,20,39
323.0,2017-03-04 03:19:00,0,0,0,19,20,39
323.0,2017-03-04 03:21:00,0,0,0,19,20,39
323.0,2017-03-04 03:24:00,0,0,0,19,20,39
323.0,2017-03-04 03:27:00,0,0,0,19,20,39
323.0,2017-03-04 03:30:00,0,0,0,19,20,39
323.0,2017-03-04 03:33:00,0,0,0,19,20,39
323.0,2017-03-04 03:36:00,0,0,0,19,20,39
323.0,2017-03-04 03:39:00,0,0,0,19,20,39
323.0,2017-03-04 03:42:00,0,0,0,19,20,39
323.0,2017-03-04 03:45:00,0,0,0,19,20,39
323.0,2017-03-04 03:48:00,0,0,0,19,20,39
323.0,2017-03-04 03:51:00,0,0,0,19,20,39
323.0,2017-03-04 03:54:00,0,0,0,19,20,39
323.0,2017-03-04 03:57:00,0,0,0,19,20,39
323.0,2017-03-04 04:00:00,0,0,0,19,20,39
323.0,2017-03-04 04:02:00,0,0,0,19,20,39
323.0,2017-03-04 04:05:00,0,0,0,19,20,39
323.0,2017-03-04 04:08:00,0,0,0,19,20,39
323.0,2017-03-04 04:11:00,0,0,0,19,20,39
323.0,2017-03-04 04:14:00,0,0,0,19,20,39
323.0,2017-03-04 04:17:00,0,0,0,19,20,39
323.0,2017-03-04 04:20:00,0,0,0,19,20,39
323.0,2017-03-04 04:23:00,0,0,0,19,20,39
323.0,2017-03-04 04:26:00,0,0,0,19,20,39
323.0,2017-03-04 04:29:00,0,0,0,19,20,39
323.0,2017-03-04 04:32:00,0,0,0,19,20,39
323.0,2017-03-04 04:34:00,0,0,0,19,20,39
323.0,2017-03-04 04:37:00,0,0,0,19,20,39
323.0,2017-03-04 04:40:00,0,0,0,19,20,39
323.0,2017-03-04 04:43:00,0,0,0,19,20,39
323.0,2017-03-04 04:46:00,0,0,0,19,20,39
323.0,2017-03-04 04:49:00,0,0,0,19,20,39
323.0,2017-03-04 04:52:00,0,0,0,19,20,39
323.0,2017-03-04 04:55:00,0,0,0,19,20,39
323.0,2017-03-04 04:58:00,0,0,0,19,20,39
323.0,2017-03-04 05:01:00,0,0,0,19,20,39
323.0,2017-03-04 05:04:00,0,0,0,19,20,39
323.0,2017-03-04 05:07:00,0,0,0,19,20,39
323.0,2017-03-04 05:10:00,0,0,0,19,20,39
323.0,2017-03-04 05:13:00,0,0,0,19,20,39
323.0,2017-03-04 05:16:00,0,0,0,19,20,39
323.0,2017-03-04 05:19:00,0,0,0,19,20,39
323.0,2017-03-04 05:22:00,0,0,0,19,20,39
323.0,2017-03-04 05:25:00,0,0,0,19,20,39
323.0,2017-03-04 05:28:00,0,0,0,19,20,39
323.0,2017-03-04 05:31:00,0,0,0,19,20,39
323.0,2017-03-04 05:34:00,0,0,0,19,20,39
323.0,2017-03-04 05:37:00,0,0,0,19,20,39
323.0,2017-03-04 05:40:00,0,0,0,19,20,39
323.0,2017-03-04 05:41:00,0,0,0,19,20,39
323.0,2017-03-04 05:44:00,1,0,-1,18,21,39
323.0,2017-03-04 05:47:00,0,0,0,18,21,39
323.0,2017-03-04 05:50:00,0,0,0,18,21,39
323.0,2017-03-04 05:53:00,0,0,0,18,21,39
323.0,2017-03-04 05:56:00,0,0,0,18,21,39
323.0,2017-03-04 05:59:00,0,0,0,18,21,39
323.0,2017-03-04 06:02:00,0,0,0,18,21,39
323.0,2017-03-04 06:05:00,0,0,0,18,21,39
323.0,2017-03-04 06:08:00,0,0,0,18,21,39
323.0,2017-03-04 06:11:00,0,0,0,18,21,39
323.0,2017-03-04 06:14:00,0,0,0,18,21,39
323.0,2017-03-04 06:17:00,0,0,0,18,21,39
323.0,2017-03-04 06:20:00,0,0,0,18,21,39
323.0,2017-03-04 06:23:00,0,0,0,18,21,39
323.0,2017-03-04 06:26:00,0,0,0,18,21,39
323.0,2017-03-04 06:29:00,0,0,0,18,21,39
323.0,2017-03-04 06:32:00,0,0,0,18,21,39
323.0,2017-03-04 06:35:00,0,0,0,18,21,39
323.0,2017-03-04 06:38:00,0,0,0,18,21,39
323.0,2017-03-04 06:41:00,0,0,0,18,21,39
323.0,2017-03-04 06:44:00,0,0,0,18,21,39
323.0,2017-03-04 06:47:00,0,0,0,18,21,39
323.0,2017-03-04 06:49:00,0,0,0,18,21,39
323.0,2017-03-04 06:52:00,0,0,0,18,21,39
323.0,2017-03-04 06:55:00,0,0,0,18,21,39
323.0,2017-03-04 06:58:00,0,0,0,18,21,39
323.0,2017-03-04 07:01:00,0,0,0,18,21,39
323.0,2017-03-04 07:04:00,0,0,0,18,21,39
323.0,2017-03-04 07:07:00,0,0,0,18,21,39
323.0,2017-03-04 07:10:00,0,0,0,18,21,39
323.0,2017-03-04 07:13:00,0,0,0,18,21,39
323.0,2017-03-04 07:16:00,0,0,0,18,21,39
323.0,2017-03-04 07:19:00,0,0,0,18,21,39
323.0,2017-03-04 07:22:00,0,0,0,18,21,39
323.0,2017-03-04 07:24:00,0,0,0,18,21,39
323.0,2017-03-04 07:27:00,0,0,0,18,21,39
323.0,2017-03-04 07:30:00,0,0,0,18,21,39
323.0,2017-03-04 07:33:00,0,0,0,18,21,39
323.0,2017-03-04 07:36:00,0,0,0,18,21,39
323.0,2017-03-04 07:39:00,1,0,-1,17,22,39
323.0,2017-03-04 07:42:00,0,0,0,17,22,39
323.0,2017-03-04 07:45:00,0,0,0,17,22,39
323.0,2017-03-04 07:48:00,0,0,0,17,22,39
323.0,2017-03-04 07:51:00,0,0,0,17,22,39
323.0,2017-03-04 07:54:00,0,0,0,17,22,39
323.0,2017-03-04 07:57:00,0,0,0,17,22,39
323.0,2017-03-04 07:59:00,0,0,0,17,22,39
323.0,2017-03-04 08:02:00,0,0,0,17,22,39
323.0,2017-03-04 08:05:00,0,0,0,17,22,39
323.0,2017-03-04 08:08:00,0,0,0,17,22,39
323.0,2017-03-04 08:11:00,0,0,0,17,22,39
323.0,2017-03-04 08:14:00,0,0,0,17,22,39
323.0,2017-03-04 08:17:00,0,0,0,17,22,39
323.0,2017-03-04 08:20:00,0,0,0,17,22,39
323.0,2017-03-04 08:23:00,0,0,0,17,22,39
323.0,2017-03-04 08:26:00,0,0,0,17,22,39
323.0,2017-03-04 08:29:00,0,0,0,17,22,39
323.0,2017-03-04 08:32:00,0,0,0,17,22,39
323.0,2017-03-04 08:34:00,0,0,0,17,22,39
323.0,2017-03-04 08:37:00,0,1,1,18,21,39
323.0,2017-03-04 08:40:00,0,0,0,18,21,39
323.0,2017-03-04 08:43:00,0,0,0,18,21,39
323.0,2017-03-04 08:46:00,0,0,0,18,21,39
323.0,2017-03-04 08:49:00,0,0,0,18,21,39
323.0,2017-03-04 08:52:00,0,0,0,18,21,39
323.0,2017-03-04 08:55:00,0,0,0,18,21,39
323.0,2017-03-04 08:58:00,0,0,0,18,21,39
323.0,2017-03-04 09:01:00,0,0,0,18,21,39
323.0,2017-03-04 09:04:00,0,0,0,18,21,39
323.0,2017-03-04 09:07:00,0,0,0,18,21,39
323.0,2017-03-04 09:09:00,0,0,0,18,21,39
323.0,2017-03-04 09:12:00,0,1,1,19,20,39
323.0,2017-03-04 09:15:00,0,0,0,19,20,39
323.0,2017-03-04 09:18:00,0,0,0,19,20,39
323.0,2017-03-04 09:21:00,0,0,0,19,20,39
323.0,2017-03-04 09:24:00,0,0,0,19,20,39
323.0,2017-03-04 09:27:00,0,0,0,19,20,39
323.0,2017-03-04 09:30:00,0,0,0,19,20,39
323.0,2017-03-04 09:33:00,0,0,0,19,20,39
323.0,2017-03-04 09:36:00,0,0,0,19,20,39
323.0,2017-03-04 09:39:00,0,0,0,19,20,39
323.0,2017-03-04 09:42:00,0,0,0,19,20,39
323.0,2017-03-04 09:44:00,1,0,-1,18,21,39
323.0,2017-03-04 09:47:00,0,0,0,18,21,39
323.0,2017-03-04 09:50:00,0,0,0,18,21,39
323.0,2017-03-04 09:53:00,1,0,-1,17,22,39
323.0,2017-03-04 09:56:00,0,0,0,17,22,39
323.0,2017-03-04 09:59:00,0,0,0,17,22,39
323.0,2017-03-04 10:02:00,0,0,0,17,22,39
323.0,2017-03-04 10:05:00,0,0,0,17,22,39
323.0,2017-03-04 10:08:00,0,0,0,17,22,39
323.0,2017-03-04 10:11:00,0,0,0,17,22,39
323.0,2017-03-04 10:14:00,0,0,0,17,22,39
323.0,2017-03-04 10:17:00,0,0,0,17,22,39
323.0,2017-03-04 10:19:00,0,0,0,17,22,39
323.0,2017-03-04 10:22:00,0,0,0,17,22,39
323.0,2017-03-04 10:25:00,0,0,0,17,22,39
323.0,2017-03-04 10:28:00,0,0,0,17,22,39
323.0,2017-03-04 10:31:00,0,0,0,17,22,39
323.0,2017-03-04 10:34:00,1,0,-1,16,23,39
323.0,2017-03-04 10:37:00,0,0,0,16,23,39
323.0,2017-03-04 10:40:00,0,0,0,16,23,39
323.0,2017-03-04 10:43:00,0,0,0,16,23,39
323.0,2017-03-04 10:46:00,0,0,0,16,23,39
323.0,2017-03-04 10:49:00,0,0,0,16,23,39
323.0,2017-03-04 10:52:00,0,0,0,16,23,39
323.0,2017-03-04 10:55:00,0,0,0,16,23,39
323.0,2017-03-04 10:58:00,0,0,0,16,23,39
323.0,2017-03-04 11:01:00,0,0,0,16,23,39
323.0,2017-03-04 11:04:00,0,0,0,16,23,39
323.0,2017-03-04 11:07:00,0,0,0,16,23,39
323.0,2017-03-04 11:10:00,0,0,0,16,23,39
323.0,2017-03-04 11:13:00,0,0,0,16,23,39
323.0,2017-03-04 11:16:00,0,0,0,16,23,39
323.0,2017-03-04 11:19:00,0,0,0,16,23,39
323.0,2017-03-04 11:22:00,0,1,1,17,22,39
323.0,2017-03-04 11:25:00,0,0,0,17,22,39
323.0,2017-03-04 11:28:00,0,0,0,17,22,39
323.0,2017-03-04 11:31:00,0,0,0,17,22,39
323.0,2017-03-04 11:34:00,0,0,0,17,22,39
323.0,2017-03-04 11:37:00,0,0,0,17,22,39
323.0,2017-03-04 11:40:00,0,0,0,17,22,39
323.0,2017-03-04 11:43:00,0,0,0,17,22,39
323.0,2017-03-04 11:46:00,0,0,0,17,22,39
323.0,2017-03-04 11:49:00,0,0,0,17,22,39
323.0,2017-03-04 11:52:00,0,0,0,17,22,39
323.0,2017-03-04 11:55:00,0,0,0,17,22,39
323.0,2017-03-04 11:58:00,0,0,0,17,22,39
323.0,2017-03-04 12:01:00,0,0,0,17,22,39
323.0,2017-03-04 12:04:00,0,1,1,18,21,39
323.0,2017-03-04 12:07:00,0,0,0,18,21,39
323.0,2017-03-04 12:10:00,0,0,0,18,21,39
323.0,2017-03-04 12:13:00,0,0,0,18,21,39
323.0,2017-03-04 12:16:00,0,0,0,18,21,39
323.0,2017-03-04 12:17:00,0,0,0,20,19,39
323.0,2017-03-04 12:20:00,0,0,0,20,19,39
323.0,2017-03-04 12:23:00,0,1,1,21,18,39
323.0,2017-03-04 12:26:00,0,0,0,21,18,39
323.0,2017-03-04 12:29:00,0,0,0,21,18,39
323.0,2017-03-04 12:32:00,1,0,-1,20,19,39
323.0,2017-03-04 12:35:00,0,0,0,20,19,39
323.0,2017-03-04 12:38:00,0,0,0,20,19,39
323.0,2017-03-04 12:41:00,0,0,0,20,19,39
323.0,2017-03-04 12:44:00,0,0,0,20,19,39
323.0,2017-03-04 12:47:00,0,0,0,20,19,39
323.0,2017-03-04 12:49:00,0,0,0,20,19,39
323.0,2017-03-04 12:52:00,0,0,0,20,19,39
323.0,2017-03-04 12:55:00,0,0,0,20,19,39
323.0,2017-03-04 12:58:00,1,0,-1,19,20,39
323.0,2017-03-04 13:01:00,1,0,-1,18,21,39
323.0,2017-03-04 13:04:00,1,1,0,18,21,39
323.0,2017-03-04 13:07:00,0,0,0,18,21,39
323.0,2017-03-04 13:10:00,0,0,0,18,21,39
323.0,2017-03-04 13:13:00,0,0,0,18,21,39
323.0,2017-03-04 13:16:00,0,1,1,19,20,39
323.0,2017-03-04 13:19:00,0,1,1,18,21,39
323.0,2017-03-04 13:22:00,0,0,0,18,21,39
323.0,2017-03-04 13:25:00,0,0,0,18,21,39
323.0,2017-03-04 13:28:00,0,0,0,18,21,39
323.0,2017-03-04 13:31:00,0,0,0,18,21,39
323.0,2017-03-04 13:34:00,0,0,0,18,21,39
323.0,2017-03-04 13:37:00,0,0,0,18,21,39
323.0,2017-03-04 13:40:00,0,0,0,18,21,39
323.0,2017-03-04 13:43:00,0,0,0,18,21,39
323.0,2017-03-04 13:46:00,0,0,0,18,21,39
323.0,2017-03-04 13:49:00,0,0,0,18,21,39
323.0,2017-03-04 13:52:00,0,0,0,18,21,39
323.0,2017-03-04 13:55:00,0,0,0,18,21,39
323.0,2017-03-04 13:58:00,0,0,0,18,21,39
323.0,2017-03-04 14:01:00,0,0,0,18,21,39
323.0,2017-03-04 14:04:00,0,0,0,18,21,39
323.0,2017-03-04 14:07:00,0,0,0,18,21,39
323.0,2017-03-04 14:10:00,0,0,0,18,21,39
323.0,2017-03-04 14:13:00,0,0,0,18,21,39
323.0,2017-03-04 14:16:00,0,0,0,18,21,39
323.0,2017-03-04 14:19:00,0,0,0,18,21,39
323.0,2017-03-04 14:22:00,0,0,0,18,21,39
323.0,2017-03-04 14:25:00,0,0,0,18,21,39
323.0,2017-03-04 14:28:00,0,0,0,18,21,39
323.0,2017-03-04 14:30:00,0,0,0,18,21,39
323.0,2017-03-04 14:33:00,0,3,3,21,18,39
323.0,2017-03-04 14:36:00,0,0,0,21,18,39
323.0,2017-03-04 14:39:00,0,0,0,21,18,39
323.0,2017-03-04 14:42:00,0,0,0,21,18,39
323.0,2017-03-04 14:45:00,0,0,0,21,18,39
323.0,2017-03-04 14:48:00,0,0,0,21,18,39
323.0,2017-03-04 14:51:00,0,2,2,23,16,39
323.0,2017-03-04 14:54:00,0,0,0,23,16,39
323.0,2017-03-04 14:57:00,0,0,0,23,16,39
323.0,2017-03-04 15:00:00,0,0,0,23,16,39
323.0,2017-03-04 15:03:00,0,1,1,24,15,39
323.0,2017-03-04 15:06:00,0,1,1,25,14,39
323.0,2017-03-04 15:09:00,0,0,0,25,14,39
323.0,2017-03-04 15:12:00,0,1,1,26,13,39
323.0,2017-03-04 15:15:00,0,0,0,26,13,39
323.0,2017-03-04 15:18:00,0,0,0,26,13,39
323.0,2017-03-04 15:21:00,0,0,0,26,13,39
323.0,2017-03-04 15:24:00,0,0,0,26,13,39
323.0,2017-03-04 15:27:00,0,0,0,26,13,39
323.0,2017-03-04 15:30:00,0,0,0,26,13,39
323.0,2017-03-04 15:33:00,0,0,0,26,13,39
323.0,2017-03-04 15:36:00,0,0,0,26,13,39
323.0,2017-03-04 15:39:00,0,0,0,26,13,39
323.0,2017-03-04 15:42:00,0,0,0,26,13,39
323.0,2017-03-04 15:45:00,0,0,0,26,13,39
323.0,2017-03-04 15:48:00,0,0,0,26,13,39
323.0,2017-03-04 15:51:00,0,0,0,26,13,39
323.0,2017-03-04 15:54:00,0,0,0,26,13,39
323.0,2017-03-04 15:57:00,0,0,0,26,13,39
323.0,2017-03-04 16:00:00,0,0,0,26,13,39
323.0,2017-03-04 16:03:00,0,0,0,26,13,39
323.0,2017-03-04 16:06:00,0,0,0,26,13,39
323.0,2017-03-04 16:09:00,0,0,0,26,13,39
323.0,2017-03-04 16:12:00,0,1,1,27,12,39
323.0,2017-03-04 16:15:00,1,0,-1,26,13,39
323.0,2017-03-04 16:18:00,0,0,0,26,13,39
323.0,2017-03-04 16:21:00,0,0,0,26,13,39
323.0,2017-03-04 16:24:00,0,0,0,26,13,39
323.0,2017-03-04 16:27:00,0,0,0,26,13,39
323.0,2017-03-04 16:30:00,0,0,0,26,13,39
323.0,2017-03-04 16:33:00,0,0,0,26,13,39
323.0,2017-03-04 16:36:00,1,0,-1,25,14,39
323.0,2017-03-04 16:39:00,0,0,0,25,14,39
323.0,2017-03-04 16:42:00,0,0,0,25,14,39
323.0,2017-03-04 16:45:00,0,0,0,25,14,39
323.0,2017-03-04 16:48:00,0,0,0,25,14,39
323.0,2017-03-04 16:51:00,0,0,0,25,14,39
323.0,2017-03-04 16:54:00,1,0,-1,24,15,39
323.0,2017-03-04 16:55:00,0,0,0,24,15,39
323.0,2017-03-04 16:58:00,0,0,0,24,15,39
323.0,2017-03-04 17:01:00,0,0,0,24,15,39
323.0,2017-03-04 17:04:00,1,0,-1,23,16,39
323.0,2017-03-04 17:07:00,1,0,-1,22,17,39
323.0,2017-03-04 17:10:00,0,0,0,22,17,39
323.0,2017-03-04 17:13:00,0,0,0,22,17,39
323.0,2017-03-04 17:16:00,0,0,0,22,17,39
323.0,2017-03-04 17:19:00,0,0,0,22,17,39
323.0,2017-03-04 17:22:00,0,0,0,22,17,39
323.0,2017-03-04 17:25:00,1,1,0,22,17,39
323.0,2017-03-04 17:28:00,0,0,0,22,17,39
323.0,2017-03-04 17:31:00,0,0,0,21,18,39
323.0,2017-03-04 17:34:00,0,0,0,21,18,39
323.0,2017-03-04 17:37:00,0,0,0,21,18,39
323.0,2017-03-04 17:40:00,0,0,0,21,18,39
323.0,2017-03-04 17:43:00,0,0,0,21,18,39
323.0,2017-03-04 17:46:00,0,0,0,21,18,39
323.0,2017-03-04 17:49:00,0,0,0,21,18,39
323.0,2017-03-04 17:52:00,0,0,0,21,18,39
323.0,2017-03-04 17:55:00,0,0,0,21,18,39
323.0,2017-03-04 17:58:00,0,0,0,21,18,39
323.0,2017-03-04 18:01:00,0,0,0,21,18,39
323.0,2017-03-04 18:03:00,0,0,0,22,17,39
323.0,2017-03-04 18:06:00,0,0,0,22,17,39
323.0,2017-03-04 18:09:00,0,0,0,22,17,39
323.0,2017-03-04 18:12:00,0,0,0,22,17,39
323.0,2017-03-04 18:15:00,0,1,1,23,16,39
323.0,2017-03-04 18:18:00,0,0,0,23,16,39
323.0,2017-03-04 18:21:00,0,0,0,23,16,39
323.0,2017-03-04 18:24:00,0,0,0,23,16,39
323.0,2017-03-04 18:27:00,1,0,-1,22,17,39
323.0,2017-03-04 18:30:00,0,0,0,22,17,39
323.0,2017-03-04 18:33:00,0,0,0,22,17,39
323.0,2017-03-04 18:36:00,0,0,0,22,17,39
323.0,2017-03-04 18:38:00,0,0,0,22,17,39
323.0,2017-03-04 18:41:00,0,0,0,22,17,39
323.0,2017-03-04 18:44:00,0,0,0,22,17,39
323.0,2017-03-04 18:47:00,0,0,0,22,17,39
323.0,2017-03-04 18:50:00,0,0,0,22,17,39
323.0,2017-03-04 18:53:00,0,0,0,22,17,39
323.0,2017-03-04 18:56:00,0,0,0,22,17,39
323.0,2017-03-04 18:59:00,0,0,0,22,17,39
323.0,2017-03-04 19:02:00,0,0,0,22,17,39
323.0,2017-03-04 19:05:00,0,0,0,22,17,39
323.0,2017-03-04 19:08:00,0,0,0,22,17,39
323.0,2017-03-04 19:11:00,0,0,0,22,17,39
323.0,2017-03-04 19:14:00,1,0,-1,20,19,39
323.0,2017-03-04 19:17:00,0,0,0,20,19,39
323.0,2017-03-04 19:20:00,0,0,0,20,19,39
323.0,2017-03-04 19:23:00,0,0,0,20,19,39
323.0,2017-03-04 19:26:00,0,0,0,20,19,39
323.0,2017-03-04 19:29:00,0,0,0,20,19,39
323.0,2017-03-04 19:32:00,0,0,0,20,19,39
323.0,2017-03-04 19:35:00,0,0,0,20,19,39
323.0,2017-03-04 19:38:00,0,0,0,20,19,39
323.0,2017-03-04 19:41:00,0,0,0,20,19,39
323.0,2017-03-04 19:44:00,0,0,0,20,19,39
323.0,2017-03-04 19:47:00,0,0,0,20,19,39
323.0,2017-03-04 19:49:00,0,0,0,21,18,39
323.0,2017-03-04 19:52:00,0,0,0,21,18,39
323.0,2017-03-04 19:55:00,0,0,0,21,18,39
323.0,2017-03-04 19:58:00,0,0,0,21,18,39
323.0,2017-03-04 20:01:00,0,0,0,21,18,39
323.0,2017-03-04 20:04:00,0,0,0,21,18,39
323.0,2017-03-04 20:07:00,0,0,0,21,18,39
323.0,2017-03-04 20:10:00,0,0,0,21,18,39
323.0,2017-03-04 20:13:00,0,0,0,21,18,39
323.0,2017-03-04 20:16:00,0,0,0,21,18,39
323.0,2017-03-04 20:19:00,0,1,1,22,17,39
323.0,2017-03-04 20:22:00,0,0,0,22,17,39
323.0,2017-03-04 20:25:00,0,0,0,22,17,39
323.0,2017-03-04 20:26:00,0,0,0,22,17,39
323.0,2017-03-04 20:29:00,0,0,0,22,17,39
323.0,2017-03-04 20:32:00,0,0,0,22,17,39
323.0,2017-03-04 20:35:00,0,0,0,22,17,39
323.0,2017-03-04 20:38:00,2,0,-2,20,19,39
323.0,2017-03-04 20:41:00,0,0,0,20,19,39
323.0,2017-03-04 20:44:00,0,1,1,21,18,39
323.0,2017-03-04 20:47:00,0,0,0,21,18,39
323.0,2017-03-04 20:50:00,0,0,0,21,18,39
323.0,2017-03-04 20:53:00,0,0,0,21,18,39
323.0,2017-03-04 20:56:00,0,0,0,21,18,39
323.0,2017-03-04 20:59:00,0,0,0,21,18,39
323.0,2017-03-04 21:02:00,0,1,1,22,17,39
323.0,2017-03-04 21:05:00,0,0,0,22,17,39
323.0,2017-03-04 21:08:00,0,0,0,22,17,39
323.0,2017-03-04 21:11:00,0,0,0,22,17,39
323.0,2017-03-04 21:14:00,0,0,0,22,17,39
323.0,2017-03-04 21:17:00,0,0,0,22,17,39
323.0,2017-03-04 21:20:00,0,0,0,22,17,39
323.0,2017-03-04 21:23:00,0,0,0,22,17,39
323.0,2017-03-04 21:26:00,0,0,0,22,17,39
323.0,2017-03-04 21:29:00,0,0,0,22,17,39
323.0,2017-03-04 21:32:00,0,0,0,22,17,39
323.0,2017-03-04 21:35:00,0,0,0,22,17,39
323.0,2017-03-04 21:38:00,0,0,0,22,17,39
323.0,2017-03-04 21:41:00,0,0,0,22,17,39
323.0,2017-03-04 21:44:00,0,0,0,22,17,39
323.0,2017-03-04 21:47:00,0,0,0,22,17,39
323.0,2017-03-04 21:50:00,0,0,0,22,17,39
323.0,2017-03-04 21:53:00,0,0,0,22,17,39
323.0,2017-03-04 21:56:00,0,0,0,22,17,39
323.0,2017-03-04 21:59:00,0,1,1,23,16,39
323.0,2017-03-04 22:02:00,0,0,0,23,16,39
323.0,2017-03-04 22:05:00,0,0,0,23,16,39
323.0,2017-03-04 22:06:00,0,0,0,23,16,39
323.0,2017-03-04 22:09:00,0,0,0,23,16,39
323.0,2017-03-04 22:12:00,0,0,0,23,16,39
323.0,2017-03-04 22:15:00,1,0,-1,22,17,39
323.0,2017-03-04 22:18:00,0,0,0,22,17,39
323.0,2017-03-04 22:21:00,0,0,0,22,17,39
323.0,2017-03-04 22:24:00,0,0,0,22,17,39
323.0,2017-03-04 22:27:00,0,0,0,22,17,39
323.0,2017-03-04 22:30:00,0,0,0,22,17,39
323.0,2017-03-04 22:33:00,0,0,0,22,17,39
323.0,2017-03-04 22:36:00,0,0,0,22,17,39
323.0,2017-03-04 22:39:00,0,0,0,22,17,39
323.0,2017-03-04 22:42:00,1,0,-1,21,18,39
323.0,2017-03-04 22:45:00,0,0,0,21,18,39
323.0,2017-03-04 22:48:00,0,0,0,21,18,39
323.0,2017-03-04 22:51:00,0,0,0,21,18,39
323.0,2017-03-04 22:54:00,0,0,0,21,18,39
323.0,2017-03-04 22:57:00,0,0,0,21,18,39
323.0,2017-03-04 23:00:00,0,0,0,21,18,39
323.0,2017-03-04 23:03:00,0,0,0,21,18,39
323.0,2017-03-04 23:06:00,0,0,0,21,18,39
323.0,2017-03-04 23:09:00,0,0,0,21,18,39
323.0,2017-03-04 23:12:00,0,0,0,21,18,39
323.0,2017-03-04 23:15:00,0,0,0,21,18,39
323.0,2017-03-04 23:18:00,0,0,0,21,18,39
323.0,2017-03-04 23:20:00,0,0,0,21,18,39
323.0,2017-03-04 23:23:00,0,0,0,21,18,39
323.0,2017-03-04 23:26:00,0,0,0,21,18,39
323.0,2017-03-04 23:29:00,0,0,0,21,18,39
323.0,2017-03-04 23:32:00,0,0,0,21,18,39
323.0,2017-03-04 23:35:00,0,0,0,21,18,39
323.0,2017-03-04 23:38:00,0,0,0,21,18,39
323.0,2017-03-04 23:41:00,0,0,0,21,18,39
323.0,2017-03-04 23:44:00,0,0,0,21,18,39
323.0,2017-03-04 23:47:00,0,0,0,21,18,39
323.0,2017-03-04 23:50:00,0,1,1,22,17,39
323.0,2017-03-04 23:53:00,0,0,0,22,17,39
323.0,2017-03-04 23:54:00,0,0,0,22,17,39
323.0,2017-03-04 23:57:00,0,0,0,22,17,39
323.0,2017-03-05 00:00:00,0,0,0,22,17,39
323.0,2017-03-05 00:03:00,0,0,0,22,17,39
323.0,2017-03-05 00:06:00,0,0,0,22,17,39
323.0,2017-03-05 00:07:00,0,0,0,18,21,39
323.0,2017-03-05 00:10:00,0,0,0,18,21,39
323.0,2017-03-05 00:13:00,0,0,0,18,21,39
323.0,2017-03-05 00:16:00,1,0,-1,17,22,39
323.0,2017-03-05 00:19:00,0,1,1,18,21,39
323.0,2017-03-05 00:22:00,0,0,0,18,21,39
323.0,2017-03-05 00:25:00,0,0,0,18,21,39
323.0,2017-03-05 00:28:00,0,0,0,18,21,39
323.0,2017-03-05 00:31:00,0,0,0,18,21,39
323.0,2017-03-05 00:34:00,0,0,0,18,21,39
323.0,2017-03-05 00:37:00,0,0,0,18,21,39
323.0,2017-03-05 00:40:00,0,0,0,18,21,39
323.0,2017-03-05 00:43:00,0,0,0,18,21,39
323.0,2017-03-05 00:46:00,0,0,0,18,21,39
323.0,2017-03-05 00:49:00,0,0,0,18,21,39
323.0,2017-03-05 00:52:00,0,0,0,18,21,39
323.0,2017-03-05 00:55:00,0,0,0,18,21,39
323.0,2017-03-05 00:58:00,0,0,0,18,21,39
323.0,2017-03-05 01:00:00,0,0,0,22,17,39
323.0,2017-03-05 01:03:00,0,0,0,22,17,39
323.0,2017-03-05 01:06:00,0,0,0,22,17,39
323.0,2017-03-05 01:09:00,0,0,0,22,17,39
323.0,2017-03-05 01:12:00,0,0,0,22,17,39
323.0,2017-03-05 01:15:00,0,0,0,22,17,39
323.0,2017-03-05 01:18:00,0,0,0,22,17,39
323.0,2017-03-05 01:21:00,0,0,0,22,17,39
323.0,2017-03-05 01:24:00,0,0,0,22,17,39
323.0,2017-03-05 01:27:00,0,0,0,22,17,39
323.0,2017-03-05 01:30:00,0,0,0,22,17,39
323.0,2017-03-05 01:33:00,0,0,0,22,17,39
323.0,2017-03-05 01:34:00,0,0,0,22,17,39
323.0,2017-03-05 01:37:00,0,0,0,22,17,39
323.0,2017-03-05 01:40:00,0,0,0,22,17,39
323.0,2017-03-05 01:43:00,0,0,0,22,17,39
323.0,2017-03-05 01:46:00,0,0,0,22,17,39
323.0,2017-03-05 01:49:00,0,0,0,22,17,39
323.0,2017-03-05 01:52:00,0,0,0,22,17,39
323.0,2017-03-05 01:55:00,0,0,0,22,17,39
323.0,2017-03-05 01:58:00,0,0,0,22,17,39
323.0,2017-03-05 02:01:00,0,0,0,22,17,39
323.0,2017-03-05 02:04:00,0,0,0,22,17,39
323.0,2017-03-05 02:06:00,0,0,0,22,17,39
323.0,2017-03-05 02:09:00,0,0,0,22,17,39
323.0,2017-03-05 02:12:00,0,0,0,22,17,39
323.0,2017-03-05 02:15:00,0,0,0,22,17,39
323.0,2017-03-05 02:18:00,0,0,0,22,17,39
323.0,2017-03-05 02:21:00,0,0,0,22,17,39
323.0,2017-03-05 02:24:00,0,0,0,22,17,39
323.0,2017-03-05 02:27:00,0,0,0,22,17,39
323.0,2017-03-05 02:30:00,0,0,0,22,17,39
323.0,2017-03-05 02:33:00,0,0,0,22,17,39
323.0,2017-03-05 02:36:00,0,0,0,22,17,39
323.0,2017-03-05 02:39:00,0,0,0,22,17,39
323.0,2017-03-05 02:42:00,0,0,0,22,17,39
323.0,2017-03-05 02:45:00,0,0,0,22,17,39
323.0,2017-03-05 02:48:00,0,0,0,22,17,39
323.0,2017-03-05 02:51:00,0,0,0,22,17,39
323.0,2017-03-05 02:54:00,0,0,0,22,17,39
323.0,2017-03-05 02:57:00,0,0,0,22,17,39
323.0,2017-03-05 03:00:00,0,0,0,22,17,39
323.0,2017-03-05 03:03:00,0,0,0,22,17,39
323.0,2017-03-05 03:06:00,0,0,0,22,17,39
323.0,2017-03-05 03:09:00,0,0,0,22,17,39
323.0,2017-03-05 03:12:00,0,0,0,22,17,39
323.0,2017-03-05 03:15:00,0,0,0,22,17,39
323.0,2017-03-05 03:18:00,0,0,0,22,17,39
323.0,2017-03-05 03:21:00,0,0,0,22,17,39
323.0,2017-03-05 03:24:00,0,0,0,22,17,39
323.0,2017-03-05 03:27:00,0,0,0,22,17,39
323.0,2017-03-05 03:30:00,0,0,0,22,17,39
323.0,2017-03-05 03:33:00,0,0,0,22,17,39
323.0,2017-03-05 03:36:00,0,0,0,22,17,39
323.0,2017-03-05 03:39:00,0,0,0,22,17,39
323.0,2017-03-05 03:42:00,0,0,0,22,17,39
323.0,2017-03-05 03:45:00,0,0,0,22,17,39
323.0,2017-03-05 03:48:00,0,0,0,22,17,39
323.0,2017-03-05 03:51:00,0,0,0,22,17,39
323.0,2017-03-05 03:54:00,0,0,0,22,17,39
323.0,2017-03-05 03:55:00,0,0,0,22,17,39
323.0,2017-03-05 03:58:00,0,0,0,22,17,39
323.0,2017-03-05 04:01:00,0,0,0,22,17,39
323.0,2017-03-05 04:04:00,0,0,0,22,17,39
323.0,2017-03-05 04:07:00,0,0,0,22,17,39
323.0,2017-03-05 04:10:00,0,0,0,22,17,39
323.0,2017-03-05 04:13:00,0,0,0,22,17,39
323.0,2017-03-05 04:16:00,0,0,0,22,17,39
323.0,2017-03-05 04:19:00,0,0,0,22,17,39
323.0,2017-03-05 04:22:00,0,0,0,22,17,39
323.0,2017-03-05 04:25:00,0,0,0,22,17,39
323.0,2017-03-05 04:27:00,0,0,0,22,17,39
323.0,2017-03-05 04:30:00,0,0,0,22,17,39
323.0,2017-03-05 04:33:00,0,0,0,22,17,39
323.0,2017-03-05 04:36:00,0,0,0,22,17,39
323.0,2017-03-05 04:39:00,0,0,0,22,17,39
323.0,2017-03-05 04:42:00,0,0,0,22,17,39
323.0,2017-03-05 04:45:00,0,0,0,22,17,39
323.0,2017-03-05 04:48:00,0,0,0,22,17,39
323.0,2017-03-05 04:51:00,0,0,0,22,17,39
323.0,2017-03-05 04:54:00,0,0,0,22,17,39
323.0,2017-03-05 04:57:00,0,0,0,22,17,39
323.0,2017-03-05 05:00:00,0,0,0,22,17,39
323.0,2017-03-05 05:03:00,0,0,0,22,17,39
323.0,2017-03-05 05:06:00,0,0,0,22,17,39
323.0,2017-03-05 05:09:00,0,0,0,22,17,39
323.0,2017-03-05 05:12:00,0,0,0,22,17,39
323.0,2017-03-05 05:15:00,0,0,0,22,17,39
323.0,2017-03-05 05:18:00,0,0,0,22,17,39
323.0,2017-03-05 05:21:00,0,0,0,22,17,39
323.0,2017-03-05 05:24:00,0,0,0,22,17,39
323.0,2017-03-05 05:27:00,0,0,0,22,17,39
323.0,2017-03-05 05:30:00,0,0,0,22,17,39
323.0,2017-03-05 05:33:00,0,0,0,22,17,39
323.0,2017-03-05 05:36:00,0,0,0,22,17,39
323.0,2017-03-05 05:39:00,0,0,0,22,17,39
323.0,2017-03-05 05:42:00,0,0,0,22,17,39
323.0,2017-03-05 05:45:00,0,0,0,22,17,39
323.0,2017-03-05 05:48:00,0,0,0,22,17,39
323.0,2017-03-05 05:51:00,0,0,0,22,17,39
323.0,2017-03-05 05:54:00,0,0,0,22,17,39
323.0,2017-03-05 05:57:00,0,0,0,22,17,39
323.0,2017-03-05 06:00:00,0,0,0,22,17,39
323.0,2017-03-05 06:03:00,0,0,0,22,17,39
323.0,2017-03-05 06:06:00,0,0,0,22,17,39
323.0,2017-03-05 06:07:00,0,0,0,22,17,39
323.0,2017-03-05 06:10:00,0,0,0,22,17,39
323.0,2017-03-05 06:13:00,0,0,0,22,17,39
323.0,2017-03-05 06:16:00,0,0,0,22,17,39
323.0,2017-03-05 06:19:00,0,0,0,22,17,39
323.0,2017-03-05 06:22:00,0,0,0,22,17,39
323.0,2017-03-05 06:25:00,0,0,0,22,17,39
323.0,2017-03-05 06:28:00,0,0,0,22,17,39
323.0,2017-03-05 06:31:00,0,0,0,22,17,39
323.0,2017-03-05 06:34:00,0,0,0,22,17,39
323.0,2017-03-05 06:37:00,0,0,0,22,17,39
323.0,2017-03-05 06:40:00,0,0,0,22,17,39
323.0,2017-03-05 06:43:00,0,0,0,22,17,39
323.0,2017-03-05 06:46:00,0,0,0,22,17,39
323.0,2017-03-05 06:49:00,0,0,0,22,17,39
323.0,2017-03-05 06:52:00,0,0,0,22,17,39
323.0,2017-03-05 06:55:00,0,0,0,22,17,39
323.0,2017-03-05 06:58:00,0,0,0,22,17,39
323.0,2017-03-05 07:01:00,0,0,0,22,17,39
323.0,2017-03-05 07:04:00,0,0,0,22,17,39
323.0,2017-03-05 07:07:00,0,0,0,22,17,39
323.0,2017-03-05 07:10:00,0,0,0,22,17,39
323.0,2017-03-05 07:13:00,0,0,0,22,17,39
323.0,2017-03-05 07:16:00,0,0,0,22,17,39
323.0,2017-03-05 07:19:00,0,0,0,22,17,39
323.0,2017-03-05 07:22:00,0,0,0,22,17,39
323.0,2017-03-05 07:25:00,0,0,0,22,17,39
323.0,2017-03-05 07:28:00,0,0,0,22,17,39
323.0,2017-03-05 07:31:00,0,0,0,22,17,39
323.0,2017-03-05 07:34:00,0,0,0,22,17,39
323.0,2017-03-05 07:37:00,0,0,0,22,17,39
323.0,2017-03-05 07:40:00,0,1,1,23,16,39
323.0,2017-03-05 07:43:00,0,0,0,23,16,39
323.0,2017-03-05 07:46:00,1,0,-1,22,17,39
323.0,2017-03-05 07:49:00,0,0,0,22,17,39
323.0,2017-03-05 07:52:00,0,0,0,22,17,39
323.0,2017-03-05 07:55:00,0,0,0,22,17,39
323.0,2017-03-05 07:58:00,0,0,0,22,17,39
323.0,2017-03-05 08:01:00,0,0,0,22,17,39
323.0,2017-03-05 08:04:00,0,0,0,22,17,39
323.0,2017-03-05 08:07:00,0,0,0,22,17,39
323.0,2017-03-05 08:10:00,0,0,0,22,17,39
323.0,2017-03-05 08:13:00,0,0,0,22,17,39
323.0,2017-03-05 08:16:00,0,0,0,22,17,39
323.0,2017-03-05 08:19:00,0,0,0,22,17,39
323.0,2017-03-05 08:22:00,0,0,0,22,17,39
323.0,2017-03-05 08:25:00,0,0,0,22,17,39
323.0,2017-03-05 08:28:00,0,0,0,22,17,39
323.0,2017-03-05 08:31:00,0,0,0,22,17,39
323.0,2017-03-05 08:34:00,0,0,0,22,17,39
323.0,2017-03-05 08:37:00,0,0,0,22,17,39
323.0,2017-03-05 08:40:00,0,0,0,22,17,39
323.0,2017-03-05 08:43:00,0,0,0,22,17,39
323.0,2017-03-05 08:46:00,0,0,0,22,17,39
323.0,2017-03-05 08:49:00,0,0,0,22,17,39
323.0,2017-03-05 08:52:00,0,0,0,22,17,39
323.0,2017-03-05 08:55:00,0,0,0,22,17,39
323.0,2017-03-05 08:58:00,0,0,0,22,17,39
323.0,2017-03-05 09:01:00,0,0,0,22,17,39
323.0,2017-03-05 09:04:00,0,0,0,22,17,39
323.0,2017-03-05 09:07:00,0,0,0,22,17,39
323.0,2017-03-05 09:10:00,0,0,0,22,17,39
323.0,2017-03-05 09:13:00,0,0,0,22,17,39
323.0,2017-03-05 09:16:00,0,0,0,22,17,39
323.0,2017-03-05 09:19:00,0,0,0,22,17,39
323.0,2017-03-05 09:22:00,0,0,0,22,17,39
323.0,2017-03-05 09:25:00,0,0,0,22,17,39
323.0,2017-03-05 09:28:00,0,0,0,22,17,39
323.0,2017-03-05 09:31:00,0,0,0,22,17,39
323.0,2017-03-05 09:34:00,0,0,0,22,17,39
323.0,2017-03-05 09:37:00,0,0,0,22,17,39
323.0,2017-03-05 09:40:00,0,0,0,22,17,39
323.0,2017-03-05 09:43:00,0,0,0,22,17,39
323.0,2017-03-05 09:46:00,0,0,0,22,17,39
323.0,2017-03-05 09:49:00,0,0,0,22,17,39
323.0,2017-03-05 09:52:00,0,0,0,22,17,39
323.0,2017-03-05 09:55:00,0,0,0,22,17,39
323.0,2017-03-05 09:58:00,0,0,0,22,17,39
323.0,2017-03-05 10:01:00,0,0,0,22,17,39
323.0,2017-03-05 10:04:00,0,0,0,22,17,39
323.0,2017-03-05 10:07:00,0,0,0,22,17,39
323.0,2017-03-05 10:10:00,0,0,0,22,17,39
323.0,2017-03-05 10:13:00,0,0,0,22,17,39
323.0,2017-03-05 10:16:00,0,0,0,22,17,39
323.0,2017-03-05 10:19:00,0,0,0,22,17,39
323.0,2017-03-05 10:22:00,0,0,0,22,17,39
323.0,2017-03-05 10:25:00,0,0,0,22,17,39
323.0,2017-03-05 10:28:00,0,0,0,22,17,39
323.0,2017-03-05 10:31:00,0,0,0,22,17,39
323.0,2017-03-05 10:34:00,0,0,0,22,17,39
323.0,2017-03-05 10:37:00,0,0,0,22,17,39
323.0,2017-03-05 10:40:00,0,0,0,22,17,39
323.0,2017-03-05 10:43:00,0,0,0,22,17,39
323.0,2017-03-05 10:46:00,0,0,0,22,17,39
323.0,2017-03-05 10:49:00,0,0,0,22,17,39
323.0,2017-03-05 10:52:00,0,0,0,22,17,39
323.0,2017-03-05 10:55:00,0,0,0,22,17,39
323.0,2017-03-05 10:58:00,0,0,0,22,17,39
323.0,2017-03-05 11:01:00,0,0,0,22,17,39
323.0,2017-03-05 11:04:00,0,0,0,22,17,39
323.0,2017-03-05 11:07:00,0,0,0,22,17,39
323.0,2017-03-05 11:10:00,1,0,-1,21,18,39
323.0,2017-03-05 11:13:00,0,0,0,21,18,39
323.0,2017-03-05 11:16:00,0,0,0,21,18,39
323.0,2017-03-05 11:19:00,0,0,0,21,18,39
323.0,2017-03-05 11:22:00,0,0,0,21,18,39
323.0,2017-03-05 11:25:00,0,0,0,21,18,39
323.0,2017-03-05 11:28:00,0,0,0,21,18,39
323.0,2017-03-05 11:31:00,0,0,0,21,18,39
323.0,2017-03-05 11:34:00,0,0,0,21,18,39
323.0,2017-03-05 11:37:00,0,0,0,21,18,39
323.0,2017-03-05 11:40:00,0,0,0,21,18,39
323.0,2017-03-05 11:43:00,0,0,0,21,18,39
323.0,2017-03-05 11:46:00,0,0,0,21,18,39
323.0,2017-03-05 11:49:00,0,0,0,21,18,39
323.0,2017-03-05 11:52:00,0,1,1,22,17,39
323.0,2017-03-05 11:55:00,0,0,0,22,17,39
323.0,2017-03-05 11:58:00,0,0,0,22,17,39
323.0,2017-03-05 12:01:00,0,0,0,22,17,39
323.0,2017-03-05 12:04:00,0,0,0,22,17,39
323.0,2017-03-05 12:07:00,0,0,0,22,17,39
323.0,2017-03-05 12:10:00,0,0,0,22,17,39
323.0,2017-03-05 12:13:00,0,0,0,22,17,39
323.0,2017-03-05 12:16:00,0,0,0,22,17,39
323.0,2017-03-05 12:19:00,0,0,0,22,17,39
323.0,2017-03-05 12:22:00,0,0,0,22,17,39
323.0,2017-03-05 12:25:00,0,0,0,22,17,39
323.0,2017-03-05 12:27:00,0,0,0,22,17,39
323.0,2017-03-05 12:30:00,0,0,0,22,17,39
323.0,2017-03-05 12:33:00,0,0,0,22,17,39
323.0,2017-03-05 12:36:00,0,0,0,22,17,39
323.0,2017-03-05 12:39:00,0,0,0,22,17,39
323.0,2017-03-05 12:42:00,1,0,-1,21,18,39
323.0,2017-03-05 12:45:00,0,0,0,21,18,39
323.0,2017-03-05 12:48:00,0,0,0,21,18,39
323.0,2017-03-05 12:51:00,1,0,-1,20,19,39
323.0,2017-03-05 12:54:00,1,1,0,20,19,39
323.0,2017-03-05 12:57:00,2,0,-2,18,21,39
323.0,2017-03-05 13:00:00,1,0,-1,17,22,39
323.0,2017-03-05 13:03:00,0,0,0,17,22,39
323.0,2017-03-05 13:06:00,0,1,1,18,21,39
323.0,2017-03-05 13:09:00,0,0,0,18,21,39
323.0,2017-03-05 13:12:00,1,2,1,19,20,39
323.0,2017-03-05 13:15:00,0,0,0,19,20,39
323.0,2017-03-05 13:18:00,0,0,0,19,20,39
323.0,2017-03-05 13:21:00,0,0,0,19,20,39
323.0,2017-03-05 13:24:00,0,0,0,19,20,39
323.0,2017-03-05 13:27:00,0,0,0,19,20,39
323.0,2017-03-05 13:30:00,0,0,0,19,20,39
323.0,2017-03-05 13:33:00,0,0,0,19,20,39
323.0,2017-03-05 13:36:00,0,0,0,19,20,39
323.0,2017-03-05 13:39:00,0,0,0,19,20,39
323.0,2017-03-05 13:42:00,1,0,-1,18,21,39
323.0,2017-03-05 13:45:00,0,0,0,18,21,39
323.0,2017-03-05 13:48:00,0,0,0,18,21,39
323.0,2017-03-05 13:51:00,0,0,0,18,21,39
323.0,2017-03-05 13:54:00,0,0,0,18,21,39
323.0,2017-03-05 13:57:00,0,0,0,18,21,39
323.0,2017-03-05 14:00:00,0,0,0,18,21,39
323.0,2017-03-05 14:03:00,0,0,0,18,21,39
323.0,2017-03-05 14:06:00,0,1,1,19,20,39
323.0,2017-03-05 14:09:00,0,0,0,19,20,39
323.0,2017-03-05 14:12:00,0,0,0,19,20,39
323.0,2017-03-05 14:15:00,0,0,0,19,20,39
323.0,2017-03-05 14:18:00,0,0,0,19,20,39
323.0,2017-03-05 14:21:00,0,0,0,19,20,39
323.0,2017-03-05 14:24:00,1,0,-1,18,21,39
323.0,2017-03-05 14:27:00,0,0,0,18,21,39
323.0,2017-03-05 14:30:00,0,1,1,19,20,39
323.0,2017-03-05 14:33:00,0,0,0,19,20,39
323.0,2017-03-05 14:36:00,0,0,0,19,20,39
323.0,2017-03-05 14:39:00,1,0,-1,18,21,39
323.0,2017-03-05 14:42:00,0,0,0,18,21,39
323.0,2017-03-05 14:45:00,0,0,0,18,21,39
323.0,2017-03-05 14:48:00,0,0,0,18,21,39
323.0,2017-03-05 14:51:00,0,0,0,18,21,39
323.0,2017-03-05 14:54:00,0,0,0,18,21,39
323.0,2017-03-05 14:57:00,0,0,0,18,21,39
323.0,2017-03-05 15:00:00,0,0,0,18,21,39
323.0,2017-03-05 15:03:00,0,0,0,18,21,39
323.0,2017-03-05 15:06:00,1,0,-1,17,22,39
323.0,2017-03-05 15:09:00,0,1,1,18,21,39
323.0,2017-03-05 15:12:00,0,0,0,18,21,39
323.0,2017-03-05 15:15:00,0,0,0,18,21,39
323.0,2017-03-05 15:18:00,0,1,1,19,20,39
323.0,2017-03-05 15:21:00,0,0,0,19,20,39
323.0,2017-03-05 15:24:00,0,0,0,19,20,39
323.0,2017-03-05 15:27:00,0,0,0,19,20,39
323.0,2017-03-05 15:30:00,0,0,0,19,20,39
323.0,2017-03-05 15:33:00,0,0,0,19,20,39
323.0,2017-03-05 15:36:00,1,0,-1,18,21,39
323.0,2017-03-05 15:39:00,0,0,0,18,21,39
323.0,2017-03-05 15:42:00,0,1,1,19,20,39
323.0,2017-03-05 15:45:00,0,0,0,19,20,39
323.0,2017-03-05 15:48:00,0,0,0,19,20,39
323.0,2017-03-05 15:51:00,0,0,0,19,20,39
323.0,2017-03-05 15:54:00,0,0,0,19,20,39
323.0,2017-03-05 15:57:00,0,0,0,20,19,39
323.0,2017-03-05 16:00:00,0,0,0,20,19,39
323.0,2017-03-05 16:03:00,2,0,-2,18,21,39
323.0,2017-03-05 16:06:00,0,0,0,18,21,39
323.0,2017-03-05 16:09:00,0,0,0,18,21,39
323.0,2017-03-05 16:12:00,0,0,0,18,21,39
323.0,2017-03-05 16:15:00,0,0,0,18,21,39
323.0,2017-03-05 16:18:00,0,0,0,18,21,39
323.0,2017-03-05 16:21:00,0,2,2,20,19,39
323.0,2017-03-05 16:24:00,0,0,0,20,19,39
323.0,2017-03-05 16:27:00,0,0,0,20,19,39
323.0,2017-03-05 16:30:00,0,0,0,20,19,39
323.0,2017-03-05 16:31:00,0,0,0,20,19,39
323.0,2017-03-05 16:34:00,0,0,0,20,19,39
323.0,2017-03-05 16:37:00,0,1,1,21,18,39
323.0,2017-03-05 16:40:00,0,0,0,21,18,39
323.0,2017-03-05 16:43:00,0,0,0,21,18,39
323.0,2017-03-05 16:46:00,0,1,1,22,17,39
323.0,2017-03-05 16:49:00,0,0,0,22,17,39
323.0,2017-03-05 16:52:00,0,0,0,22,17,39
323.0,2017-03-05 16:55:00,0,0,0,22,17,39
323.0,2017-03-05 16:58:00,0,0,0,22,17,39
323.0,2017-03-05 17:01:00,1,0,-1,21,18,39
323.0,2017-03-05 17:04:00,0,0,0,21,18,39
323.0,2017-03-05 17:06:00,0,0,0,21,18,39
323.0,2017-03-05 17:09:00,0,0,0,21,18,39
323.0,2017-03-05 17:12:00,0,1,1,22,17,39
323.0,2017-03-05 17:15:00,0,0,0,22,17,39
323.0,2017-03-05 17:18:00,0,0,0,22,17,39
323.0,2017-03-05 17:21:00,0,0,0,22,17,39
323.0,2017-03-05 17:24:00,0,0,0,22,17,39
323.0,2017-03-05 17:27:00,0,1,1,23,16,39
323.0,2017-03-05 17:30:00,0,0,0,23,16,39
323.0,2017-03-05 17:33:00,0,1,1,24,15,39
323.0,2017-03-05 17:36:00,0,0,0,24,15,39
323.0,2017-03-05 17:39:00,1,0,-1,23,16,39
323.0,2017-03-05 17:40:00,0,0,0,23,16,39
323.0,2017-03-05 17:43:00,0,0,0,23,16,39
323.0,2017-03-05 17:46:00,1,0,-1,22,17,39
323.0,2017-03-05 17:49:00,0,0,0,22,17,39
323.0,2017-03-05 17:52:00,0,0,0,22,17,39
323.0,2017-03-05 17:55:00,2,0,-2,20,19,39
323.0,2017-03-05 17:58:00,0,0,0,20,19,39
323.0,2017-03-05 18:01:00,0,0,0,20,19,39
323.0,2017-03-05 18:04:00,0,0,0,20,19,39
323.0,2017-03-05 18:07:00,1,0,-1,19,20,39
323.0,2017-03-05 18:10:00,0,0,0,19,20,39
323.0,2017-03-05 18:13:00,0,0,0,19,20,39
323.0,2017-03-05 18:15:00,0,0,0,19,20,39
323.0,2017-03-05 18:18:00,0,0,0,19,20,39
323.0,2017-03-05 18:21:00,0,0,0,19,20,39
323.0,2017-03-05 18:24:00,0,0,0,19,20,39
323.0,2017-03-05 18:27:00,0,0,0,19,20,39
323.0,2017-03-05 18:30:00,0,1,1,20,19,39
323.0,2017-03-05 18:33:00,0,0,0,20,19,39
323.0,2017-03-05 18:36:00,0,0,0,20,19,39
323.0,2017-03-05 18:39:00,1,0,-1,19,20,39
323.0,2017-03-05 18:42:00,0,0,0,19,20,39
323.0,2017-03-05 18:45:00,0,0,0,19,20,39
323.0,2017-03-05 18:48:00,0,0,0,19,20,39
323.0,2017-03-05 18:51:00,0,0,0,19,20,39
323.0,2017-03-05 18:54:00,0,0,0,19,20,39
323.0,2017-03-05 18:57:00,0,0,0,19,20,39
323.0,2017-03-05 19:00:00,0,1,1,20,19,39
323.0,2017-03-05 19:03:00,0,0,0,20,19,39
323.0,2017-03-05 19:06:00,0,0,0,20,19,39
323.0,2017-03-05 19:09:00,0,0,0,20,19,39
323.0,2017-03-05 19:12:00,0,0,0,20,19,39
323.0,2017-03-05 19:15:00,0,0,0,20,19,39
323.0,2017-03-05 19:18:00,0,0,0,20,19,39
323.0,2017-03-05 19:21:00,0,0,0,20,19,39
323.0,2017-03-05 19:24:00,0,0,0,20,19,39
323.0,2017-03-05 19:25:00,0,0,0,20,19,39
323.0,2017-03-05 19:28:00,0,0,0,20,19,39
323.0,2017-03-05 19:31:00,0,2,2,22,17,39
323.0,2017-03-05 19:34:00,0,0,0,22,17,39
323.0,2017-03-05 19:37:00,0,0,0,22,17,39
323.0,2017-03-05 19:40:00,0,0,0,22,17,39
323.0,2017-03-05 19:43:00,0,1,1,23,16,39
323.0,2017-03-05 19:46:00,0,0,0,23,16,39
323.0,2017-03-05 19:49:00,0,0,0,23,16,39
323.0,2017-03-05 19:52:00,0,0,0,23,16,39
323.0,2017-03-05 19:55:00,0,0,0,23,16,39
323.0,2017-03-05 19:58:00,0,0,0,23,16,39
323.0,2017-03-05 19:59:00,0,0,0,23,16,39
323.0,2017-03-05 20:02:00,0,0,0,23,16,39
323.0,2017-03-05 20:05:00,0,0,0,23,16,39
323.0,2017-03-05 20:08:00,1,0,-1,22,17,39
323.0,2017-03-05 20:11:00,1,0,-1,21,18,39
323.0,2017-03-05 20:14:00,0,0,0,21,18,39
323.0,2017-03-05 20:17:00,0,0,0,21,18,39
323.0,2017-03-05 20:20:00,0,0,0,21,18,39
323.0,2017-03-05 20:23:00,0,0,0,21,18,39
323.0,2017-03-05 20:26:00,0,0,0,21,18,39
323.0,2017-03-05 20:29:00,0,0,0,21,18,39
323.0,2017-03-05 20:32:00,0,0,0,21,18,39
323.0,2017-03-05 20:35:00,0,0,0,21,18,39
323.0,2017-03-05 20:36:00,0,0,0,21,18,39
323.0,2017-03-05 20:39:00,0,0,0,21,18,39
323.0,2017-03-05 20:42:00,0,0,0,21,18,39
323.0,2017-03-05 20:45:00,0,0,0,21,18,39
323.0,2017-03-05 20:48:00,0,0,0,21,18,39
323.0,2017-03-05 20:51:00,0,0,0,21,18,39
323.0,2017-03-05 20:54:00,0,0,0,21,18,39
323.0,2017-03-05 20:57:00,0,0,0,21,18,39
323.0,2017-03-05 21:00:00,0,0,0,21,18,39
323.0,2017-03-05 21:03:00,0,0,0,21,18,39
323.0,2017-03-05 21:06:00,0,0,0,21,18,39
323.0,2017-03-05 21:09:00,0,0,0,21,18,39
323.0,2017-03-05 21:10:00,0,0,0,21,18,39
323.0,2017-03-05 21:13:00,0,0,0,21,18,39
323.0,2017-03-05 21:16:00,0,0,0,21,18,39
323.0,2017-03-05 21:19:00,0,0,0,21,18,39
323.0,2017-03-05 21:22:00,0,0,0,21,18,39
323.0,2017-03-05 21:25:00,0,0,0,21,18,39
323.0,2017-03-05 21:28:00,0,0,0,21,18,39
323.0,2017-03-05 21:31:00,0,0,0,21,18,39
323.0,2017-03-05 21:34:00,0,0,0,21,18,39
323.0,2017-03-05 21:37:00,0,0,0,21,18,39
323.0,2017-03-05 21:40:00,0,0,0,21,18,39
323.0,2017-03-05 21:43:00,0,0,0,21,18,39
323.0,2017-03-05 21:46:00,0,0,0,21,18,39
323.0,2017-03-05 21:49:00,0,0,0,21,18,39
323.0,2017-03-05 21:52:00,0,0,0,21,18,39
323.0,2017-03-05 21:55:00,0,0,0,21,18,39
323.0,2017-03-05 21:58:00,0,0,0,21,18,39
323.0,2017-03-05 22:01:00,0,0,0,21,18,39
323.0,2017-03-05 22:04:00,0,0,0,21,18,39
323.0,2017-03-05 22:07:00,0,0,0,21,18,39
323.0,2017-03-05 22:10:00,0,0,0,21,18,39
323.0,2017-03-05 22:13:00,0,0,0,21,18,39
323.0,2017-03-05 22:16:00,0,0,0,21,18,39
323.0,2017-03-05 22:19:00,0,1,1,22,17,39
323.0,2017-03-05 22:20:00,0,0,0,22,17,39
323.0,2017-03-05 22:23:00,0,0,0,22,17,39
323.0,2017-03-05 22:26:00,0,0,0,22,17,39
323.0,2017-03-05 22:29:00,0,0,0,22,17,39
323.0,2017-03-05 22:32:00,0,0,0,22,17,39
323.0,2017-03-05 22:35:00,0,0,0,22,17,39
323.0,2017-03-05 22:38:00,0,0,0,22,17,39
323.0,2017-03-05 22:41:00,0,0,0,22,17,39
323.0,2017-03-05 22:44:00,0,0,0,22,17,39
323.0,2017-03-05 22:47:00,0,0,0,22,17,39
323.0,2017-03-05 22:50:00,0,0,0,22,17,39
323.0,2017-03-05 22:53:00,0,0,0,22,17,39
323.0,2017-03-05 22:56:00,0,0,0,22,17,39
323.0,2017-03-05 22:59:00,0,0,0,22,17,39
323.0,2017-03-05 23:02:00,0,0,0,22,17,39
323.0,2017-03-05 23:05:00,0,0,0,22,17,39
323.0,2017-03-05 23:08:00,0,0,0,22,17,39
323.0,2017-03-05 23:11:00,0,0,0,22,17,39
323.0,2017-03-05 23:14:00,0,0,0,22,17,39
323.0,2017-03-05 23:17:00,0,0,0,22,17,39
323.0,2017-03-05 23:20:00,1,0,-1,21,18,39
323.0,2017-03-05 23:23:00,0,0,0,21,18,39
323.0,2017-03-05 23:26:00,0,0,0,21,18,39
323.0,2017-03-05 23:29:00,0,0,0,21,18,39
323.0,2017-03-05 23:32:00,0,0,0,21,18,39
323.0,2017-03-05 23:34:00,0,0,0,21,18,39
323.0,2017-03-05 23:37:00,0,0,0,21,18,39
323.0,2017-03-05 23:40:00,0,0,0,21,18,39
323.0,2017-03-05 23:43:00,0,0,0,21,18,39
323.0,2017-03-05 23:46:00,0,0,0,21,18,39
323.0,2017-03-05 23:49:00,0,0,0,21,18,39
323.0,2017-03-05 23:52:00,0,0,0,21,18,39
323.0,2017-03-05 23:55:00,0,0,0,21,18,39
323.0,2017-03-05 23:58:00,0,0,0,21,18,39
323.0,2017-03-06 00:01:00,0,0,0,21,18,39
323.0,2017-03-06 00:04:00,0,0,0,21,18,39
323.0,2017-03-06 00:07:00,0,0,0,21,18,39
323.0,2017-03-06 00:10:00,0,0,0,21,18,39
323.0,2017-03-06 00:13:00,0,0,0,21,18,39
323.0,2017-03-06 00:16:00,0,0,0,21,18,39
323.0,2017-03-06 00:19:00,0,0,0,21,18,39
323.0,2017-03-06 00:22:00,0,0,0,21,18,39
323.0,2017-03-06 00:25:00,0,0,0,21,18,39
323.0,2017-03-06 00:28:00,0,0,0,21,18,39
323.0,2017-03-06 00:31:00,0,0,0,21,18,39
323.0,2017-03-06 00:34:00,0,0,0,21,18,39
323.0,2017-03-06 00:37:00,0,0,0,21,18,39
323.0,2017-03-06 00:40:00,0,0,0,21,18,39
323.0,2017-03-06 00:43:00,0,0,0,21,18,39
323.0,2017-03-06 00:46:00,0,0,0,21,18,39
323.0,2017-03-06 00:49:00,0,0,0,21,18,39
323.0,2017-03-06 00:52:00,0,0,0,21,18,39
323.0,2017-03-06 00:55:00,0,0,0,21,18,39
323.0,2017-03-06 00:58:00,0,0,0,21,18,39
323.0,2017-03-06 01:01:00,0,0,0,21,18,39
323.0,2017-03-06 01:04:00,0,0,0,21,18,39
323.0,2017-03-06 01:07:00,0,0,0,21,18,39
323.0,2017-03-06 01:10:00,0,0,0,21,18,39
323.0,2017-03-06 01:13:00,0,0,0,21,18,39
323.0,2017-03-06 01:16:00,0,0,0,21,18,39
323.0,2017-03-06 01:19:00,0,0,0,21,18,39
323.0,2017-03-06 01:22:00,0,0,0,21,18,39
323.0,2017-03-06 01:25:00,0,0,0,21,18,39
323.0,2017-03-06 01:28:00,0,0,0,21,18,39
323.0,2017-03-06 01:31:00,0,0,0,21,18,39
323.0,2017-03-06 01:34:00,0,0,0,21,18,39
323.0,2017-03-06 01:37:00,0,0,0,21,18,39
323.0,2017-03-06 01:40:00,0,0,0,21,18,39
323.0,2017-03-06 01:43:00,0,0,0,21,18,39
323.0,2017-03-06 01:46:00,0,0,0,21,18,39
323.0,2017-03-06 01:49:00,0,0,0,21,18,39
323.0,2017-03-06 01:52:00,0,0,0,21,18,39
323.0,2017-03-06 01:55:00,0,0,0,21,18,39
323.0,2017-03-06 01:58:00,0,0,0,21,18,39
323.0,2017-03-06 02:01:00,0,0,0,21,18,39
323.0,2017-03-06 02:04:00,0,0,0,21,18,39
323.0,2017-03-06 02:07:00,0,0,0,21,18,39
323.0,2017-03-06 02:10:00,0,0,0,21,18,39
323.0,2017-03-06 02:13:00,0,0,0,21,18,39
323.0,2017-03-06 02:16:00,0,0,0,21,18,39
323.0,2017-03-06 02:18:00,0,0,0,21,18,39
323.0,2017-03-06 02:21:00,0,0,0,21,18,39
323.0,2017-03-06 02:24:00,0,0,0,21,18,39
323.0,2017-03-06 02:27:00,0,0,0,21,18,39
323.0,2017-03-06 02:30:00,0,0,0,21,18,39
323.0,2017-03-06 02:33:00,0,0,0,21,18,39
323.0,2017-03-06 02:36:00,0,0,0,21,18,39
323.0,2017-03-06 02:39:00,0,0,0,21,18,39
323.0,2017-03-06 02:42:00,0,0,0,21,18,39
323.0,2017-03-06 02:45:00,0,0,0,21,18,39
323.0,2017-03-06 02:48:00,0,0,0,21,18,39
323.0,2017-03-06 02:50:00,0,0,0,21,18,39
323.0,2017-03-06 02:53:00,0,0,0,21,18,39
323.0,2017-03-06 02:56:00,0,0,0,21,18,39
323.0,2017-03-06 02:59:00,0,0,0,21,18,39
323.0,2017-03-06 03:02:00,0,0,0,21,18,39
323.0,2017-03-06 03:05:00,0,0,0,21,18,39
323.0,2017-03-06 03:08:00,0,0,0,21,18,39
323.0,2017-03-06 03:11:00,0,0,0,21,18,39
323.0,2017-03-06 03:14:00,0,0,0,21,18,39
323.0,2017-03-06 03:17:00,0,0,0,21,18,39
323.0,2017-03-06 03:20:00,0,0,0,21,18,39
323.0,2017-03-06 03:23:00,0,0,0,21,18,39
323.0,2017-03-06 03:26:00,0,0,0,21,18,39
323.0,2017-03-06 03:29:00,0,0,0,21,18,39
323.0,2017-03-06 03:32:00,0,0,0,21,18,39
323.0,2017-03-06 03:35:00,0,0,0,21,18,39
323.0,2017-03-06 03:38:00,0,0,0,21,18,39
323.0,2017-03-06 03:41:00,0,0,0,21,18,39
323.0,2017-03-06 03:44:00,0,0,0,21,18,39
323.0,2017-03-06 03:47:00,0,0,0,21,18,39
323.0,2017-03-06 03:50:00,0,0,0,21,18,39
323.0,2017-03-06 03:53:00,0,0,0,21,18,39
323.0,2017-03-06 03:56:00,0,0,0,21,18,39
323.0,2017-03-06 03:59:00,0,0,0,21,18,39
323.0,2017-03-06 04:00:00,0,0,0,21,18,39
323.0,2017-03-06 04:03:00,0,0,0,21,18,39
323.0,2017-03-06 04:06:00,0,0,0,21,18,39
323.0,2017-03-06 04:09:00,0,0,0,21,18,39
323.0,2017-03-06 04:12:00,0,0,0,21,18,39
323.0,2017-03-06 04:15:00,0,0,0,21,18,39
323.0,2017-03-06 04:18:00,0,0,0,21,18,39
323.0,2017-03-06 04:21:00,0,0,0,21,18,39
323.0,2017-03-06 04:24:00,0,0,0,21,18,39
323.0,2017-03-06 04:27:00,0,0,0,21,18,39
323.0,2017-03-06 04:30:00,0,0,0,21,18,39
323.0,2017-03-06 04:32:00,0,0,0,21,18,39
323.0,2017-03-06 04:35:00,0,0,0,21,18,39
323.0,2017-03-06 04:38:00,0,0,0,21,18,39
323.0,2017-03-06 04:41:00,0,0,0,21,18,39
323.0,2017-03-06 04:44:00,0,0,0,21,18,39
323.0,2017-03-06 04:47:00,0,0,0,21,18,39
323.0,2017-03-06 04:50:00,0,0,0,21,18,39
323.0,2017-03-06 04:53:00,0,0,0,21,18,39
323.0,2017-03-06 04:56:00,0,0,0,21,18,39
323.0,2017-03-06 04:59:00,0,0,0,21,18,39
323.0,2017-03-06 05:02:00,0,0,0,21,18,39
323.0,2017-03-06 05:04:00,0,0,0,21,18,39
323.0,2017-03-06 05:07:00,0,0,0,21,18,39
323.0,2017-03-06 05:10:00,0,0,0,21,18,39
323.0,2017-03-06 05:13:00,0,0,0,21,18,39
323.0,2017-03-06 05:16:00,0,0,0,21,18,39
323.0,2017-03-06 05:19:00,0,0,0,21,18,39
323.0,2017-03-06 05:22:00,0,0,0,21,18,39
323.0,2017-03-06 05:25:00,0,0,0,21,18,39
323.0,2017-03-06 05:28:00,0,0,0,21,18,39
323.0,2017-03-06 05:31:00,0,0,0,21,18,39
323.0,2017-03-06 05:34:00,0,0,0,21,18,39
323.0,2017-03-06 05:37:00,0,0,0,21,18,39
323.0,2017-03-06 05:40:00,0,0,0,21,18,39
323.0,2017-03-06 05:43:00,0,0,0,21,18,39
323.0,2017-03-06 05:46:00,0,0,0,21,18,39
323.0,2017-03-06 05:49:00,0,0,0,21,18,39
323.0,2017-03-06 05:52:00,0,0,0,21,18,39
323.0,2017-03-06 05:55:00,0,0,0,21,18,39
323.0,2017-03-06 05:58:00,0,0,0,21,18,39
323.0,2017-03-06 06:01:00,0,0,0,21,18,39
323.0,2017-03-06 06:04:00,0,0,0,21,18,39
323.0,2017-03-06 06:07:00,0,0,0,21,18,39
323.0,2017-03-06 06:10:00,0,0,0,21,18,39
323.0,2017-03-06 06:11:00,0,0,0,21,18,39
323.0,2017-03-06 06:14:00,0,0,0,21,18,39
323.0,2017-03-06 06:17:00,0,0,0,21,18,39
323.0,2017-03-06 06:20:00,0,0,0,21,18,39
323.0,2017-03-06 06:23:00,0,0,0,21,18,39
323.0,2017-03-06 06:26:00,0,1,1,22,17,39
323.0,2017-03-06 06:29:00,0,0,0,22,17,39
323.0,2017-03-06 06:32:00,0,0,0,22,17,39
323.0,2017-03-06 06:35:00,0,0,0,22,17,39
323.0,2017-03-06 06:38:00,0,0,0,22,17,39
323.0,2017-03-06 06:41:00,0,0,0,22,17,39
323.0,2017-03-06 06:44:00,0,1,1,23,16,39
323.0,2017-03-06 06:46:00,0,0,0,23,16,39
323.0,2017-03-06 06:49:00,0,0,0,23,16,39
323.0,2017-03-06 06:52:00,0,0,0,23,16,39
323.0,2017-03-06 06:55:00,0,0,0,23,16,39
323.0,2017-03-06 06:58:00,0,0,0,23,16,39
323.0,2017-03-06 07:01:00,0,0,0,23,16,39
323.0,2017-03-06 07:04:00,0,0,0,23,16,39
323.0,2017-03-06 07:07:00,0,0,0,23,16,39
323.0,2017-03-06 07:10:00,0,0,0,23,16,39
323.0,2017-03-06 07:13:00,0,0,0,23,16,39
323.0,2017-03-06 07:16:00,0,0,0,23,16,39
323.0,2017-03-06 07:19:00,0,0,0,23,16,39
323.0,2017-03-06 07:22:00,0,0,0,23,16,39
323.0,2017-03-06 07:25:00,0,1,1,24,15,39
323.0,2017-03-06 07:28:00,0,0,0,24,15,39
323.0,2017-03-06 07:31:00,0,0,0,24,15,39
323.0,2017-03-06 07:34:00,1,1,0,24,15,39
323.0,2017-03-06 07:37:00,1,1,0,24,15,39
323.0,2017-03-06 07:40:00,1,0,-1,23,16,39
323.0,2017-03-06 07:43:00,0,1,1,24,15,39
323.0,2017-03-06 07:46:00,0,0,0,24,15,39
323.0,2017-03-06 07:49:00,0,2,2,26,13,39
323.0,2017-03-06 07:52:00,0,0,0,26,13,39
323.0,2017-03-06 07:55:00,0,0,0,26,13,39
323.0,2017-03-06 07:58:00,0,0,0,26,13,39
323.0,2017-03-06 07:59:00,0,1,1,27,12,39
323.0,2017-03-06 08:02:00,0,0,0,27,12,39
323.0,2017-03-06 08:05:00,0,2,2,29,10,39
323.0,2017-03-06 08:08:00,0,1,1,30,9,39
323.0,2017-03-06 08:11:00,1,0,-1,29,10,39
323.0,2017-03-06 08:14:00,0,1,1,30,9,39
323.0,2017-03-06 08:17:00,0,0,0,30,9,39
323.0,2017-03-06 08:20:00,0,0,0,30,9,39
323.0,2017-03-06 08:23:00,0,0,0,30,9,39
323.0,2017-03-06 08:26:00,0,0,0,30,9,39
323.0,2017-03-06 08:29:00,0,0,0,30,9,39
323.0,2017-03-06 08:32:00,1,2,1,31,8,39
323.0,2017-03-06 08:35:00,1,0,-1,29,10,39
323.0,2017-03-06 08:38:00,0,0,0,29,10,39
323.0,2017-03-06 08:41:00,0,2,2,31,8,39
323.0,2017-03-06 08:44:00,0,0,0,31,8,39
323.0,2017-03-06 08:47:00,1,2,1,32,7,39
323.0,2017-03-06 08:50:00,1,2,1,33,6,39
323.0,2017-03-06 08:53:00,1,0,-1,32,7,39
323.0,2017-03-06 08:56:00,0,0,0,32,7,39
323.0,2017-03-06 08:59:00,0,0,0,32,7,39
323.0,2017-03-06 09:02:00,0,0,0,32,7,39
323.0,2017-03-06 09:05:00,0,1,1,33,6,39
323.0,2017-03-06 09:08:00,0,2,2,35,4,39
323.0,2017-03-06 09:11:00,0,0,0,36,3,39
323.0,2017-03-06 09:14:00,1,0,-1,35,4,39
323.0,2017-03-06 09:17:00,0,3,3,38,1,39
323.0,2017-03-06 09:20:00,0,0,0,38,1,39
323.0,2017-03-06 09:23:00,0,0,0,38,1,39
323.0,2017-03-06 09:26:00,1,0,-1,37,2,39
323.0,2017-03-06 09:29:00,1,1,0,37,2,39
323.0,2017-03-06 09:32:00,0,0,0,37,2,39
323.0,2017-03-06 09:35:00,0,0,0,37,2,39
323.0,2017-03-06 09:38:00,0,0,0,37,2,39
323.0,2017-03-06 09:41:00,1,0,-1,36,3,39
323.0,2017-03-06 09:44:00,0,0,0,36,3,39
323.0,2017-03-06 09:46:00,0,0,0,36,3,39
323.0,2017-03-06 09:49:00,0,0,0,36,3,39
323.0,2017-03-06 09:52:00,0,0,0,36,3,39
323.0,2017-03-06 09:55:00,0,0,0,36,3,39
323.0,2017-03-06 09:58:00,0,1,1,37,2,39
323.0,2017-03-06 10:01:00,0,0,0,37,2,39
323.0,2017-03-06 10:04:00,1,1,0,37,2,39
323.0,2017-03-06 10:07:00,0,1,1,38,1,39
323.0,2017-03-06 10:10:00,0,0,0,38,1,39
323.0,2017-03-06 10:13:00,0,0,0,38,1,39
323.0,2017-03-06 10:16:00,0,0,0,38,1,39
323.0,2017-03-06 10:19:00,0,0,0,38,1,39
323.0,2017-03-06 10:21:00,0,0,0,38,1,39
323.0,2017-03-06 10:24:00,0,0,0,38,1,39
323.0,2017-03-06 10:27:00,0,0,0,38,1,39
323.0,2017-03-06 10:30:00,0,0,0,38,1,39
323.0,2017-03-06 10:33:00,0,0,0,38,1,39
323.0,2017-03-06 10:36:00,0,0,0,38,1,39
323.0,2017-03-06 10:39:00,0,0,0,38,1,39
323.0,2017-03-06 10:42:00,0,0,0,38,1,39
323.0,2017-03-06 10:45:00,0,0,0,38,1,39
323.0,2017-03-06 10:48:00,0,0,0,38,1,39
323.0,2017-03-06 10:51:00,0,0,0,38,1,39
323.0,2017-03-06 10:54:00,0,0,0,38,1,39
323.0,2017-03-06 10:56:00,0,0,0,38,1,39
323.0,2017-03-06 10:59:00,0,0,0,38,1,39
323.0,2017-03-06 11:02:00,0,0,0,38,1,39
323.0,2017-03-06 11:05:00,0,0,0,38,1,39
323.0,2017-03-06 11:08:00,0,0,0,38,1,39
323.0,2017-03-06 11:11:00,0,0,0,38,1,39
323.0,2017-03-06 11:14:00,0,0,0,38,1,39
323.0,2017-03-06 11:17:00,0,0,0,38,1,39
323.0,2017-03-06 11:20:00,0,0,0,38,1,39
323.0,2017-03-06 11:23:00,0,0,0,38,1,39
323.0,2017-03-06 11:26:00,0,0,0,38,1,39
323.0,2017-03-06 11:29:00,0,0,0,38,1,39
323.0,2017-03-06 11:31:00,0,1,1,38,1,39
323.0,2017-03-06 11:34:00,0,0,0,38,1,39
323.0,2017-03-06 11:37:00,0,0,0,38,1,39
323.0,2017-03-06 11:40:00,0,0,0,38,1,39
323.0,2017-03-06 11:43:00,0,0,0,38,1,39
323.0,2017-03-06 11:46:00,0,0,0,38,1,39
323.0,2017-03-06 11:49:00,0,0,0,38,1,39
323.0,2017-03-06 11:52:00,0,0,0,38,1,39
323.0,2017-03-06 11:55:00,0,0,0,38,1,39
323.0,2017-03-06 11:58:00,0,0,0,38,1,39
323.0,2017-03-06 12:01:00,0,0,0,38,1,39
323.0,2017-03-06 12:04:00,0,0,0,38,1,39
323.0,2017-03-06 12:07:00,0,0,0,21,18,39
323.0,2017-03-06 12:10:00,0,0,0,21,18,39
323.0,2017-03-06 12:13:00,0,0,0,21,18,39
323.0,2017-03-06 12:16:00,0,0,0,21,18,39
323.0,2017-03-06 12:19:00,0,0,0,21,18,39
323.0,2017-03-06 12:22:00,0,0,0,21,18,39
323.0,2017-03-06 12:25:00,0,0,0,21,18,39
323.0,2017-03-06 12:28:00,0,0,0,21,18,39
323.0,2017-03-06 12:31:00,0,0,0,21,18,39
323.0,2017-03-06 12:34:00,0,0,0,21,18,39
323.0,2017-03-06 12:37:00,0,0,0,21,18,39
323.0,2017-03-06 12:40:00,0,0,0,21,18,39
323.0,2017-03-06 12:43:00,0,0,0,21,18,39
323.0,2017-03-06 12:46:00,0,0,0,21,18,39
323.0,2017-03-06 12:49:00,0,0,0,21,18,39
323.0,2017-03-06 12:52:00,0,0,0,21,18,39
323.0,2017-03-06 12:55:00,0,0,0,21,18,39
323.0,2017-03-06 12:58:00,1,0,-1,20,19,39
323.0,2017-03-06 13:01:00,0,1,1,21,18,39
323.0,2017-03-06 13:04:00,0,0,0,21,18,39
323.0,2017-03-06 13:07:00,0,0,0,21,18,39
323.0,2017-03-06 13:10:00,0,0,0,21,18,39
323.0,2017-03-06 13:13:00,0,0,0,21,18,39
323.0,2017-03-06 13:15:00,0,0,0,38,1,39
323.0,2017-03-06 13:18:00,0,0,0,38,1,39
323.0,2017-03-06 13:21:00,0,0,0,38,1,39
323.0,2017-03-06 13:24:00,0,0,0,38,1,39
323.0,2017-03-06 13:27:00,0,0,0,38,1,39
323.0,2017-03-06 13:30:00,0,0,0,38,1,39
323.0,2017-03-06 13:33:00,0,0,0,38,1,39
323.0,2017-03-06 13:36:00,0,0,0,38,1,39
323.0,2017-03-06 13:39:00,0,0,0,38,1,39
323.0,2017-03-06 13:42:00,1,0,-1,37,2,39
323.0,2017-03-06 13:45:00,0,0,0,37,2,39
323.0,2017-03-06 13:48:00,0,0,0,37,2,39
323.0,2017-03-06 13:50:00,0,0,0,37,2,39
323.0,2017-03-06 13:53:00,0,0,0,37,2,39
323.0,2017-03-06 13:56:00,0,0,0,37,2,39
323.0,2017-03-06 13:59:00,0,0,0,37,2,39
323.0,2017-03-06 14:02:00,0,0,0,37,2,39
323.0,2017-03-06 14:05:00,0,1,1,38,1,39
323.0,2017-03-06 14:08:00,1,1,0,38,1,39
323.0,2017-03-06 14:11:00,1,0,-1,37,2,39
323.0,2017-03-06 14:14:00,0,1,1,38,1,39
323.0,2017-03-06 14:17:00,1,0,-1,37,2,39
323.0,2017-03-06 14:20:00,0,0,0,37,2,39
323.0,2017-03-06 14:23:00,0,0,0,37,2,39
323.0,2017-03-06 14:26:00,0,0,0,37,2,39
323.0,2017-03-06 14:29:00,0,0,0,37,2,39
323.0,2017-03-06 14:32:00,0,0,0,37,2,39
323.0,2017-03-06 14:35:00,0,0,0,37,2,39
323.0,2017-03-06 14:38:00,0,0,0,37,2,39
323.0,2017-03-06 14:41:00,0,0,0,37,2,39
323.0,2017-03-06 14:44:00,0,0,0,37,2,39
323.0,2017-03-06 14:47:00,0,1,1,38,1,39
323.0,2017-03-06 14:50:00,0,0,0,38,1,39
323.0,2017-03-06 14:53:00,0,0,0,38,1,39
323.0,2017-03-06 14:56:00,0,0,0,38,1,39
323.0,2017-03-06 14:59:00,1,0,-1,37,2,39
323.0,2017-03-06 15:02:00,0,0,0,37,2,39
323.0,2017-03-06 15:04:00,0,1,1,38,1,39
323.0,2017-03-06 15:07:00,0,0,0,38,1,39
323.0,2017-03-06 15:10:00,0,0,0,38,1,39
323.0,2017-03-06 15:13:00,0,0,0,38,1,39
323.0,2017-03-06 15:16:00,0,0,0,38,1,39
323.0,2017-03-06 15:19:00,0,0,0,38,1,39
323.0,2017-03-06 15:22:00,0,0,0,38,1,39
323.0,2017-03-06 15:25:00,0,0,0,38,1,39
323.0,2017-03-06 15:28:00,0,0,0,38,1,39
323.0,2017-03-06 15:31:00,0,0,0,38,1,39
323.0,2017-03-06 15:34:00,0,0,0,38,1,39
323.0,2017-03-06 15:37:00,0,0,0,38,1,39
323.0,2017-03-06 15:40:00,1,0,-1,37,2,39
323.0,2017-03-06 15:42:00,1,0,-1,37,2,39
323.0,2017-03-06 15:45:00,0,0,0,37,2,39
323.0,2017-03-06 15:48:00,0,0,0,37,2,39
323.0,2017-03-06 15:51:00,0,0,0,37,2,39
323.0,2017-03-06 15:54:00,0,0,0,37,2,39
323.0,2017-03-06 15:57:00,1,0,-1,36,3,39
323.0,2017-03-06 16:00:00,0,0,0,36,3,39
323.0,2017-03-06 16:03:00,0,0,0,36,3,39
323.0,2017-03-06 16:06:00,0,0,0,36,3,39
323.0,2017-03-06 16:09:00,0,0,0,36,3,39
323.0,2017-03-06 16:12:00,0,0,0,36,3,39
323.0,2017-03-06 16:15:00,0,0,0,36,3,39
323.0,2017-03-06 16:18:00,0,0,0,36,3,39
323.0,2017-03-06 16:20:00,0,0,0,36,3,39
323.0,2017-03-06 16:23:00,0,0,0,36,3,39
323.0,2017-03-06 16:26:00,0,0,0,36,3,39
323.0,2017-03-06 16:29:00,0,1,1,37,2,39
323.0,2017-03-06 16:32:00,1,0,-1,36,3,39
323.0,2017-03-06 16:35:00,0,0,0,36,3,39
323.0,2017-03-06 16:38:00,0,0,0,36,3,39
323.0,2017-03-06 16:41:00,0,0,0,36,3,39
323.0,2017-03-06 16:44:00,0,0,0,36,3,39
323.0,2017-03-06 16:47:00,0,0,0,36,3,39
323.0,2017-03-06 16:50:00,0,0,0,36,3,39
323.0,2017-03-06 16:53:00,0,0,0,36,3,39
323.0,2017-03-06 16:56:00,0,0,0,36,3,39
323.0,2017-03-06 16:58:00,0,0,0,36,3,39
323.0,2017-03-06 17:01:00,1,0,-1,35,4,39
323.0,2017-03-06 17:04:00,0,0,0,35,4,39
323.0,2017-03-06 17:07:00,0,0,0,35,4,39
323.0,2017-03-06 17:10:00,1,1,0,35,4,39
323.0,2017-03-06 17:13:00,0,0,0,35,4,39
323.0,2017-03-06 17:16:00,1,0,-1,34,5,39
323.0,2017-03-06 17:19:00,1,0,-1,33,6,39
323.0,2017-03-06 17:22:00,0,0,0,33,6,39
323.0,2017-03-06 17:25:00,0,0,0,33,6,39
323.0,2017-03-06 17:28:00,1,0,-1,32,7,39
323.0,2017-03-06 17:31:00,0,0,0,32,7,39
323.0,2017-03-06 17:34:00,0,0,0,32,7,39
323.0,2017-03-06 17:37:00,0,0,0,31,8,39
323.0,2017-03-06 17:40:00,0,2,2,33,6,39
323.0,2017-03-06 17:43:00,0,0,0,33,6,39
323.0,2017-03-06 17:46:00,1,0,-1,32,7,39
323.0,2017-03-06 17:49:00,0,0,0,32,7,39
323.0,2017-03-06 17:52:00,0,0,0,32,7,39
323.0,2017-03-06 17:55:00,0,1,1,33,6,39
323.0,2017-03-06 17:58:00,0,0,0,33,6,39
323.0,2017-03-06 18:01:00,2,0,-2,31,8,39
323.0,2017-03-06 18:04:00,0,0,0,31,8,39
323.0,2017-03-06 18:07:00,1,1,0,31,8,39
323.0,2017-03-06 18:10:00,0,0,0,31,8,39
323.0,2017-03-06 18:13:00,0,0,0,31,8,39
323.0,2017-03-06 18:15:00,0,0,0,31,8,39
323.0,2017-03-06 18:18:00,1,0,-1,30,9,39
323.0,2017-03-06 18:21:00,0,1,1,31,8,39
323.0,2017-03-06 18:24:00,0,0,0,31,8,39
323.0,2017-03-06 18:27:00,0,0,0,31,8,39
323.0,2017-03-06 18:30:00,0,1,1,32,7,39
323.0,2017-03-06 18:33:00,0,0,0,32,7,39
323.0,2017-03-06 18:36:00,0,1,1,33,6,39
323.0,2017-03-06 18:39:00,0,0,0,33,6,39
323.0,2017-03-06 18:42:00,0,0,0,33,6,39
323.0,2017-03-06 18:45:00,0,0,0,33,6,39
323.0,2017-03-06 18:48:00,0,0,0,33,6,39
323.0,2017-03-06 18:51:00,0,0,0,34,5,39
323.0,2017-03-06 18:54:00,1,0,-1,33,6,39
323.0,2017-03-06 18:57:00,0,0,0,33,6,39
323.0,2017-03-06 19:00:00,0,0,0,33,6,39
323.0,2017-03-06 19:03:00,1,0,-1,32,7,39
323.0,2017-03-06 19:06:00,0,0,0,32,7,39
323.0,2017-03-06 19:09:00,0,0,0,32,7,39
323.0,2017-03-06 19:12:00,0,0,0,32,7,39
323.0,2017-03-06 19:15:00,0,0,0,32,7,39
323.0,2017-03-06 19:18:00,0,0,0,32,7,39
323.0,2017-03-06 19:21:00,1,0,-1,31,8,39
323.0,2017-03-06 19:24:00,0,0,0,31,8,39
323.0,2017-03-06 19:27:00,1,0,-1,30,9,39
323.0,2017-03-06 19:30:00,0,0,0,30,9,39
323.0,2017-03-06 19:33:00,0,0,0,30,9,39
323.0,2017-03-06 19:36:00,0,0,0,30,9,39
323.0,2017-03-06 19:39:00,0,0,0,30,9,39
323.0,2017-03-06 19:42:00,0,1,1,31,8,39
323.0,2017-03-06 19:45:00,0,0,0,31,8,39
323.0,2017-03-06 19:48:00,0,0,0,31,8,39
323.0,2017-03-06 19:51:00,0,0,0,31,8,39
323.0,2017-03-06 19:54:00,1,0,-1,30,9,39
323.0,2017-03-06 19:57:00,0,1,1,31,8,39
323.0,2017-03-06 20:00:00,0,0,0,31,8,39
323.0,2017-03-06 20:03:00,2,0,-2,29,10,39
323.0,2017-03-06 20:06:00,0,0,0,29,10,39
323.0,2017-03-06 20:09:00,1,0,-1,28,11,39
323.0,2017-03-06 20:12:00,0,0,0,28,11,39
323.0,2017-03-06 20:15:00,1,0,-1,27,12,39
323.0,2017-03-06 20:18:00,0,0,0,27,12,39
323.0,2017-03-06 20:21:00,0,0,0,27,12,39
323.0,2017-03-06 20:24:00,0,0,0,27,12,39
323.0,2017-03-06 20:27:00,1,0,-1,26,13,39
323.0,2017-03-06 20:30:00,0,0,0,26,13,39
323.0,2017-03-06 20:33:00,0,0,0,26,13,39
323.0,2017-03-06 20:36:00,0,0,0,26,13,39
323.0,2017-03-06 20:39:00,0,0,0,26,13,39
323.0,2017-03-06 20:42:00,0,1,1,27,12,39
323.0,2017-03-06 20:45:00,0,0,0,27,12,39
323.0,2017-03-06 20:48:00,0,0,0,27,12,39
323.0,2017-03-06 20:51:00,1,0,-1,26,13,39
323.0,2017-03-06 20:54:00,0,0,0,26,13,39
323.0,2017-03-06 20:57:00,0,0,0,26,13,39
323.0,2017-03-06 20:59:00,0,0,0,26,13,39
323.0,2017-03-06 21:02:00,0,0,0,26,13,39
323.0,2017-03-06 21:05:00,0,0,0,26,13,39
323.0,2017-03-06 21:08:00,0,0,0,26,13,39
323.0,2017-03-06 21:11:00,0,0,0,26,13,39
323.0,2017-03-06 21:14:00,0,0,0,26,13,39
323.0,2017-03-06 21:17:00,0,0,0,26,13,39
323.0,2017-03-06 21:20:00,0,0,0,26,13,39
323.0,2017-03-06 21:23:00,0,0,0,26,13,39
323.0,2017-03-06 21:26:00,0,1,1,27,12,39
323.0,2017-03-06 21:29:00,0,0,0,27,12,39
323.0,2017-03-06 21:32:00,0,0,0,27,12,39
323.0,2017-03-06 21:33:00,0,0,0,27,12,39
323.0,2017-03-06 21:36:00,0,0,0,27,12,39
323.0,2017-03-06 21:39:00,0,1,1,28,11,39
323.0,2017-03-06 21:42:00,0,0,0,28,11,39
323.0,2017-03-06 21:45:00,0,0,0,28,11,39
323.0,2017-03-06 21:48:00,0,0,0,28,11,39
323.0,2017-03-06 21:51:00,1,0,-1,27,12,39
323.0,2017-03-06 21:54:00,0,0,0,27,12,39
323.0,2017-03-06 21:57:00,0,0,0,27,12,39
323.0,2017-03-06 22:00:00,0,0,0,27,12,39
323.0,2017-03-06 22:03:00,1,0,-1,26,13,39
323.0,2017-03-06 22:06:00,0,0,0,26,13,39
323.0,2017-03-06 22:08:00,0,0,0,26,13,39
323.0,2017-03-06 22:11:00,0,0,0,26,13,39
323.0,2017-03-06 22:14:00,0,0,0,26,13,39
323.0,2017-03-06 22:17:00,0,0,0,26,13,39
323.0,2017-03-06 22:20:00,0,0,0,26,13,39
323.0,2017-03-06 22:23:00,0,0,0,26,13,39
323.0,2017-03-06 22:26:00,0,0,0,26,13,39
323.0,2017-03-06 22:29:00,0,0,0,26,13,39
323.0,2017-03-06 22:32:00,0,0,0,26,13,39
323.0,2017-03-06 22:35:00,0,0,0,26,13,39
323.0,2017-03-06 22:38:00,0,0,0,26,13,39
323.0,2017-03-06 22:41:00,0,1,1,27,12,39
323.0,2017-03-06 22:44:00,0,0,0,27,12,39
323.0,2017-03-06 22:47:00,0,0,0,27,12,39
323.0,2017-03-06 22:48:00,0,0,0,27,12,39
323.0,2017-03-06 22:51:00,0,0,0,27,12,39
323.0,2017-03-06 22:54:00,0,0,0,27,12,39
323.0,2017-03-06 22:57:00,0,0,0,27,12,39
323.0,2017-03-06 23:00:00,0,0,0,27,12,39
323.0,2017-03-06 23:03:00,0,0,0,27,12,39
323.0,2017-03-06 23:06:00,0,0,0,27,12,39
323.0,2017-03-06 23:09:00,0,0,0,27,12,39
323.0,2017-03-06 23:12:00,0,0,0,27,12,39
323.0,2017-03-06 23:15:00,0,1,1,28,11,39
323.0,2017-03-06 23:18:00,0,0,0,28,11,39
323.0,2017-03-06 23:21:00,0,0,0,28,11,39
323.0,2017-03-06 23:24:00,0,0,0,28,11,39
323.0,2017-03-06 23:27:00,0,0,0,28,11,39
323.0,2017-03-06 23:30:00,0,0,0,28,11,39
323.0,2017-03-06 23:33:00,0,0,0,28,11,39
323.0,2017-03-06 23:36:00,0,0,0,28,11,39
323.0,2017-03-06 23:39:00,0,0,0,28,11,39
323.0,2017-03-06 23:42:00,0,0,0,28,11,39
323.0,2017-03-06 23:45:00,0,0,0,28,11,39
323.0,2017-03-06 23:48:00,0,0,0,28,11,39
323.0,2017-03-06 23:51:00,0,0,0,28,11,39
323.0,2017-03-06 23:54:00,0,0,0,28,11,39
323.0,2017-03-06 23:57:00,0,0,0,28,11,39
323.0,2017-03-06 23:58:00,0,0,0,28,11,39
323.0,2017-03-07 00:01:00,0,0,0,28,11,39
323.0,2017-03-07 00:04:00,0,0,0,28,11,39
323.0,2017-03-07 00:05:00,0,0,0,38,1,39
323.0,2017-03-07 00:08:00,0,0,0,38,1,39
323.0,2017-03-07 00:11:00,0,0,0,38,1,39
323.0,2017-03-07 00:14:00,0,0,0,38,1,39
323.0,2017-03-07 00:17:00,0,0,0,38,1,39
323.0,2017-03-07 00:20:00,0,0,0,38,1,39
323.0,2017-03-07 00:23:00,0,0,0,38,1,39
323.0,2017-03-07 00:26:00,0,0,0,38,1,39
323.0,2017-03-07 00:29:00,0,0,0,38,1,39
323.0,2017-03-07 00:32:00,0,0,0,38,1,39
323.0,2017-03-07 00:35:00,0,0,0,38,1,39
323.0,2017-03-07 00:38:00,0,0,0,38,1,39
323.0,2017-03-07 00:40:00,1,0,-1,37,2,39
323.0,2017-03-07 00:43:00,0,0,0,37,2,39
323.0,2017-03-07 00:46:00,0,0,0,37,2,39
323.0,2017-03-07 00:49:00,0,0,0,37,2,39
323.0,2017-03-07 00:52:00,0,0,0,37,2,39
323.0,2017-03-07 00:55:00,0,0,0,37,2,39
323.0,2017-03-07 00:58:00,0,0,0,37,2,39
323.0,2017-03-07 01:01:00,0,0,0,37,2,39
323.0,2017-03-07 01:02:00,0,0,0,27,12,39
323.0,2017-03-07 01:05:00,0,0,0,27,12,39
323.0,2017-03-07 01:08:00,0,0,0,27,12,39
323.0,2017-03-07 01:11:00,0,0,0,27,12,39
323.0,2017-03-07 01:14:00,0,0,0,27,12,39
323.0,2017-03-07 01:17:00,0,0,0,27,12,39
323.0,2017-03-07 01:20:00,0,0,0,27,12,39
323.0,2017-03-07 01:23:00,0,0,0,27,12,39
323.0,2017-03-07 01:26:00,0,0,0,27,12,39
323.0,2017-03-07 01:29:00,0,0,0,27,12,39
323.0,2017-03-07 01:32:00,0,0,0,27,12,39
323.0,2017-03-07 01:34:00,0,0,0,27,12,39
323.0,2017-03-07 01:37:00,0,0,0,27,12,39
323.0,2017-03-07 01:40:00,0,0,0,27,12,39
323.0,2017-03-07 01:43:00,0,0,0,27,12,39
323.0,2017-03-07 01:46:00,0,0,0,27,12,39
323.0,2017-03-07 01:49:00,0,0,0,27,12,39
323.0,2017-03-07 01:52:00,0,0,0,27,12,39
323.0,2017-03-07 01:55:00,0,0,0,27,12,39
323.0,2017-03-07 01:58:00,0,0,0,27,12,39
323.0,2017-03-07 02:01:00,0,0,0,27,12,39
323.0,2017-03-07 02:04:00,0,0,0,27,12,39
323.0,2017-03-07 02:07:00,0,0,0,27,12,39
323.0,2017-03-07 02:10:00,0,0,0,27,12,39
323.0,2017-03-07 02:13:00,0,0,0,27,12,39
323.0,2017-03-07 02:16:00,0,0,0,27,12,39
323.0,2017-03-07 02:19:00,0,0,0,27,12,39
323.0,2017-03-07 02:22:00,0,0,0,27,12,39
323.0,2017-03-07 02:25:00,0,0,0,27,12,39
323.0,2017-03-07 02:28:00,0,0,0,27,12,39
323.0,2017-03-07 02:31:00,0,0,0,27,12,39
323.0,2017-03-07 02:34:00,0,0,0,27,12,39
323.0,2017-03-07 02:37:00,0,0,0,27,12,39
323.0,2017-03-07 02:38:00,0,0,0,27,12,39
323.0,2017-03-07 02:41:00,0,0,0,27,12,39
323.0,2017-03-07 02:44:00,0,0,0,27,12,39
323.0,2017-03-07 02:47:00,0,0,0,27,12,39
323.0,2017-03-07 02:50:00,0,0,0,27,12,39
323.0,2017-03-07 02:53:00,0,0,0,27,12,39
323.0,2017-03-07 02:56:00,0,0,0,27,12,39
323.0,2017-03-07 02:59:00,0,0,0,27,12,39
323.0,2017-03-07 03:02:00,0,0,0,27,12,39
323.0,2017-03-07 03:05:00,0,0,0,27,12,39
323.0,2017-03-07 03:08:00,0,0,0,27,12,39
323.0,2017-03-07 03:09:00,0,0,0,27,12,39
323.0,2017-03-07 03:12:00,0,0,0,27,12,39
323.0,2017-03-07 03:15:00,0,0,0,27,12,39
323.0,2017-03-07 03:18:00,0,0,0,27,12,39
323.0,2017-03-07 03:21:00,0,0,0,27,12,39
323.0,2017-03-07 03:24:00,0,0,0,27,12,39
323.0,2017-03-07 03:27:00,0,0,0,27,12,39
323.0,2017-03-07 03:30:00,0,0,0,27,12,39
323.0,2017-03-07 03:33:00,0,0,0,27,12,39
323.0,2017-03-07 03:36:00,0,0,0,27,12,39
323.0,2017-03-07 03:39:00,0,0,0,27,12,39
323.0,2017-03-07 03:42:00,0,0,0,27,12,39
323.0,2017-03-07 03:45:00,0,0,0,27,12,39
323.0,2017-03-07 03:47:00,0,0,0,27,12,39
323.0,2017-03-07 03:50:00,0,0,0,27,12,39
323.0,2017-03-07 03:53:00,0,0,0,27,12,39
323.0,2017-03-07 03:56:00,0,0,0,27,12,39
323.0,2017-03-07 03:59:00,0,0,0,27,12,39
323.0,2017-03-07 04:02:00,0,0,0,27,12,39
323.0,2017-03-07 04:05:00,0,0,0,27,12,39
323.0,2017-03-07 04:08:00,0,0,0,27,12,39
323.0,2017-03-07 04:11:00,0,0,0,27,12,39
323.0,2017-03-07 04:14:00,0,0,0,27,12,39
323.0,2017-03-07 04:17:00,0,0,0,27,12,39
323.0,2017-03-07 04:19:00,0,0,0,27,12,39
323.0,2017-03-07 04:22:00,0,0,0,27,12,39
323.0,2017-03-07 04:25:00,0,0,0,27,12,39
323.0,2017-03-07 04:28:00,0,0,0,27,12,39
323.0,2017-03-07 04:31:00,0,0,0,27,12,39
323.0,2017-03-07 04:34:00,0,0,0,27,12,39
323.0,2017-03-07 04:37:00,0,0,0,27,12,39
323.0,2017-03-07 04:40:00,0,0,0,27,12,39
323.0,2017-03-07 04:43:00,0,0,0,27,12,39
323.0,2017-03-07 04:46:00,0,0,0,27,12,39
323.0,2017-03-07 04:49:00,0,0,0,27,12,39
323.0,2017-03-07 04:51:00,0,0,0,27,12,39
323.0,2017-03-07 04:54:00,0,0,0,27,12,39
323.0,2017-03-07 04:57:00,0,0,0,27,12,39
323.0,2017-03-07 05:00:00,0,0,0,27,12,39
323.0,2017-03-07 05:03:00,0,0,0,27,12,39
323.0,2017-03-07 05:06:00,0,0,0,27,12,39
323.0,2017-03-07 05:09:00,0,0,0,27,12,39
323.0,2017-03-07 05:12:00,0,0,0,27,12,39
323.0,2017-03-07 05:15:00,0,0,0,27,12,39
323.0,2017-03-07 05:18:00,0,0,0,27,12,39
323.0,2017-03-07 05:21:00,0,0,0,27,12,39
323.0,2017-03-07 05:24:00,0,0,0,27,12,39
323.0,2017-03-07 05:27:00,0,0,0,27,12,39
323.0,2017-03-07 05:30:00,0,0,0,27,12,39
323.0,2017-03-07 05:33:00,0,0,0,27,12,39
323.0,2017-03-07 05:36:00,0,1,1,28,11,39
323.0,2017-03-07 05:39:00,0,0,0,28,11,39
323.0,2017-03-07 05:42:00,0,0,0,28,11,39
323.0,2017-03-07 05:45:00,0,0,0,28,11,39
323.0,2017-03-07 05:48:00,0,0,0,28,11,39
323.0,2017-03-07 05:51:00,0,0,0,28,11,39
323.0,2017-03-07 05:54:00,0,0,0,28,11,39
323.0,2017-03-07 05:57:00,0,0,0,28,11,39
323.0,2017-03-07 05:58:00,0,0,0,28,11,39
323.0,2017-03-07 06:01:00,0,0,0,28,11,39
323.0,2017-03-07 06:04:00,0,0,0,28,11,39
323.0,2017-03-07 06:07:00,0,0,0,28,11,39
323.0,2017-03-07 06:10:00,0,0,0,28,11,39
323.0,2017-03-07 06:13:00,0,0,0,28,11,39
323.0,2017-03-07 06:16:00,0,0,0,28,11,39
323.0,2017-03-07 06:19:00,0,0,0,28,11,39
323.0,2017-03-07 06:22:00,0,0,0,28,11,39
323.0,2017-03-07 06:25:00,0,1,1,29,10,39
323.0,2017-03-07 06:28:00,0,0,0,29,10,39
323.0,2017-03-07 06:31:00,0,0,0,29,10,39
323.0,2017-03-07 06:32:00,0,0,0,29,10,39
323.0,2017-03-07 06:35:00,0,0,0,29,10,39
323.0,2017-03-07 06:38:00,0,0,0,29,10,39
323.0,2017-03-07 06:41:00,0,0,0,29,10,39
323.0,2017-03-07 06:44:00,0,0,0,29,10,39
323.0,2017-03-07 06:47:00,0,1,1,30,9,39
323.0,2017-03-07 06:50:00,0,0,0,30,9,39
323.0,2017-03-07 06:53:00,0,0,0,30,9,39
323.0,2017-03-07 06:56:00,0,0,0,30,9,39
323.0,2017-03-07 06:59:00,0,0,0,30,9,39
323.0,2017-03-07 07:02:00,0,0,0,30,9,39
323.0,2017-03-07 07:05:00,0,0,0,30,9,39
323.0,2017-03-07 07:08:00,0,0,0,30,9,39
323.0,2017-03-07 07:11:00,0,0,0,30,9,39
323.0,2017-03-07 07:14:00,0,0,0,30,9,39
323.0,2017-03-07 07:17:00,0,1,1,31,8,39
323.0,2017-03-07 07:20:00,0,0,0,31,8,39
323.0,2017-03-07 07:23:00,0,0,0,31,8,39
323.0,2017-03-07 07:26:00,0,1,1,32,7,39
323.0,2017-03-07 07:29:00,0,1,1,33,6,39
323.0,2017-03-07 07:32:00,0,0,0,33,6,39
323.0,2017-03-07 07:35:00,0,0,0,33,6,39
323.0,2017-03-07 07:38:00,0,0,0,33,6,39
323.0,2017-03-07 07:41:00,0,0,0,33,6,39
323.0,2017-03-07 07:44:00,0,1,1,35,4,39
323.0,2017-03-07 07:47:00,0,0,0,35,4,39
323.0,2017-03-07 07:50:00,0,2,2,37,2,39
323.0,2017-03-07 07:53:00,0,0,0,37,2,39
323.0,2017-03-07 07:56:00,1,0,-1,36,3,39
323.0,2017-03-07 07:59:00,0,0,0,36,3,39
323.0,2017-03-07 08:02:00,0,1,1,37,2,39
323.0,2017-03-07 08:05:00,0,0,0,37,2,39
323.0,2017-03-07 08:08:00,0,1,1,38,1,39
323.0,2017-03-07 08:11:00,1,0,-1,37,2,39
323.0,2017-03-07 08:14:00,0,1,1,38,1,39
323.0,2017-03-07 08:17:00,0,0,0,38,1,39
323.0,2017-03-07 08:20:00,0,1,1,39,0,39
323.0,2017-03-07 08:21:00,0,1,1,38,1,39
323.0,2017-03-07 08:24:00,1,0,-1,37,2,39
323.0,2017-03-07 08:27:00,0,0,0,37,2,39
323.0,2017-03-07 08:30:00,0,1,1,38,1,39
323.0,2017-03-07 08:33:00,1,1,0,38,1,39
323.0,2017-03-07 08:36:00,0,0,0,38,1,39
323.0,2017-03-07 08:39:00,0,0,0,38,1,39
323.0,2017-03-07 08:42:00,0,0,0,38,1,39
323.0,2017-03-07 08:45:00,0,0,0,38,1,39
323.0,2017-03-07 08:48:00,0,0,0,38,1,39
323.0,2017-03-07 08:51:00,0,0,0,38,1,39
323.0,2017-03-07 08:54:00,0,0,0,38,1,39
323.0,2017-03-07 08:57:00,0,0,0,38,1,39
323.0,2017-03-07 09:00:00,0,0,0,38,1,39
323.0,2017-03-07 09:03:00,0,0,0,38,1,39
323.0,2017-03-07 09:06:00,0,0,0,38,1,39
323.0,2017-03-07 09:09:00,0,0,0,38,1,39
323.0,2017-03-07 09:12:00,0,0,0,38,1,39
323.0,2017-03-07 09:15:00,0,0,0,38,1,39
323.0,2017-03-07 09:18:00,0,0,0,38,1,39
323.0,2017-03-07 09:21:00,0,0,0,38,1,39
323.0,2017-03-07 09:24:00,0,0,0,38,1,39
323.0,2017-03-07 09:27:00,0,0,0,38,1,39
323.0,2017-03-07 09:30:00,0,0,0,38,1,39
323.0,2017-03-07 09:32:00,0,0,0,34,5,39
323.0,2017-03-07 09:35:00,0,0,0,34,5,39
323.0,2017-03-07 09:38:00,0,0,0,34,5,39
323.0,2017-03-07 09:41:00,0,0,0,34,5,39
323.0,2017-03-07 09:44:00,0,0,0,34,5,39
323.0,2017-03-07 09:47:00,0,0,0,34,5,39
323.0,2017-03-07 09:50:00,0,0,0,34,5,39
323.0,2017-03-07 09:53:00,0,0,0,34,5,39
323.0,2017-03-07 09:56:00,0,0,0,34,5,39
323.0,2017-03-07 09:59:00,0,0,0,34,5,39
323.0,2017-03-07 10:02:00,0,0,0,34,5,39
323.0,2017-03-07 10:05:00,0,0,0,34,5,39
323.0,2017-03-07 10:07:00,0,0,0,27,12,39
323.0,2017-03-07 10:10:00,0,0,0,27,12,39
323.0,2017-03-07 10:13:00,0,0,0,27,12,39
323.0,2017-03-07 10:16:00,0,0,0,27,12,39
323.0,2017-03-07 10:19:00,0,0,0,27,12,39
323.0,2017-03-07 10:22:00,0,0,0,27,12,39
323.0,2017-03-07 10:25:00,0,0,0,27,12,39
323.0,2017-03-07 10:28:00,0,0,0,27,12,39
323.0,2017-03-07 10:31:00,0,0,0,27,12,39
323.0,2017-03-07 10:34:00,0,0,0,27,12,39
323.0,2017-03-07 10:37:00,0,0,0,27,12,39
323.0,2017-03-07 10:40:00,0,0,0,27,12,39
323.0,2017-03-07 10:41:00,0,0,0,27,12,39
323.0,2017-03-07 10:44:00,0,1,1,28,11,39
323.0,2017-03-07 10:47:00,0,0,0,28,11,39
323.0,2017-03-07 10:50:00,0,0,0,28,11,39
323.0,2017-03-07 10:53:00,0,0,0,28,11,39
323.0,2017-03-07 10:56:00,0,0,0,28,11,39
323.0,2017-03-07 10:59:00,0,0,0,28,11,39
323.0,2017-03-07 11:02:00,0,0,0,28,11,39
323.0,2017-03-07 11:05:00,0,0,0,28,11,39
323.0,2017-03-07 11:08:00,0,0,0,28,11,39
323.0,2017-03-07 11:10:00,0,0,0,28,11,39
323.0,2017-03-07 11:13:00,0,0,0,28,11,39
323.0,2017-03-07 11:16:00,0,0,0,28,11,39
323.0,2017-03-07 11:19:00,0,0,0,28,11,39
323.0,2017-03-07 11:22:00,0,0,0,28,11,39
323.0,2017-03-07 11:25:00,0,0,0,28,11,39
323.0,2017-03-07 11:28:00,0,0,0,28,11,39
323.0,2017-03-07 11:31:00,0,0,0,28,11,39
323.0,2017-03-07 11:34:00,0,0,0,28,11,39
323.0,2017-03-07 11:37:00,0,0,0,28,11,39
323.0,2017-03-07 11:40:00,0,0,0,28,11,39
323.0,2017-03-07 11:43:00,0,0,0,28,11,39
323.0,2017-03-07 11:45:00,0,0,0,28,11,39
323.0,2017-03-07 11:48:00,0,0,0,28,11,39
323.0,2017-03-07 11:51:00,0,0,0,28,11,39
323.0,2017-03-07 11:54:00,0,0,0,28,11,39
323.0,2017-03-07 11:57:00,0,0,0,28,11,39
323.0,2017-03-07 12:00:00,0,0,0,28,11,39
323.0,2017-03-07 12:03:00,0,1,1,29,10,39
323.0,2017-03-07 12:06:00,0,0,0,29,10,39
323.0,2017-03-07 12:09:00,0,1,1,30,9,39
323.0,2017-03-07 12:12:00,0,0,0,30,9,39
323.0,2017-03-07 12:15:00,0,1,1,31,8,39
323.0,2017-03-07 12:18:00,0,0,0,31,8,39
323.0,2017-03-07 12:21:00,0,0,0,31,8,39
323.0,2017-03-07 12:24:00,0,1,1,32,7,39
323.0,2017-03-07 12:27:00,0,0,0,32,7,39
323.0,2017-03-07 12:30:00,0,0,0,28,11,39
323.0,2017-03-07 12:33:00,0,0,0,28,11,39
323.0,2017-03-07 12:36:00,1,0,-1,27,12,39
323.0,2017-03-07 12:39:00,0,0,0,27,12,39
323.0,2017-03-07 12:42:00,0,0,0,27,12,39
323.0,2017-03-07 12:45:00,1,0,-1,26,13,39
323.0,2017-03-07 12:48:00,0,0,0,26,13,39
323.0,2017-03-07 12:51:00,0,0,0,26,13,39
323.0,2017-03-07 12:54:00,0,0,0,26,13,39
323.0,2017-03-07 12:57:00,0,0,0,26,13,39
323.0,2017-03-07 13:00:00,0,0,0,26,13,39
323.0,2017-03-07 13:03:00,0,0,0,26,13,39
323.0,2017-03-07 13:06:00,1,0,-1,25,14,39
323.0,2017-03-07 13:09:00,0,0,0,25,14,39
323.0,2017-03-07 13:12:00,1,0,-1,24,15,39
323.0,2017-03-07 13:15:00,0,0,0,24,15,39
323.0,2017-03-07 13:18:00,0,0,0,24,15,39
323.0,2017-03-07 13:21:00,0,0,0,24,15,39
323.0,2017-03-07 13:24:00,0,0,0,24,15,39
323.0,2017-03-07 13:27:00,0,1,1,25,14,39
323.0,2017-03-07 13:29:00,0,0,0,29,10,39
323.0,2017-03-07 13:32:00,0,0,0,29,10,39
323.0,2017-03-07 13:35:00,0,0,0,29,10,39
323.0,2017-03-07 13:38:00,0,1,1,30,9,39
323.0,2017-03-07 13:41:00,0,0,0,30,9,39
323.0,2017-03-07 13:44:00,0,0,0,30,9,39
323.0,2017-03-07 13:47:00,0,0,0,30,9,39
323.0,2017-03-07 13:50:00,0,0,0,30,9,39
323.0,2017-03-07 13:53:00,0,0,0,30,9,39
323.0,2017-03-07 13:56:00,0,0,0,30,9,39
323.0,2017-03-07 13:59:00,0,0,0,30,9,39
323.0,2017-03-07 14:02:00,1,0,-1,29,10,39
323.0,2017-03-07 14:04:00,0,0,0,29,10,39
323.0,2017-03-07 14:07:00,0,1,1,30,9,39
323.0,2017-03-07 14:10:00,2,0,-2,28,11,39
323.0,2017-03-07 14:13:00,0,0,0,28,11,39
323.0,2017-03-07 14:16:00,0,0,0,28,11,39
323.0,2017-03-07 14:19:00,0,0,0,28,11,39
323.0,2017-03-07 14:22:00,1,0,-1,27,12,39
323.0,2017-03-07 14:25:00,0,0,0,27,12,39
323.0,2017-03-07 14:28:00,0,2,2,29,10,39
323.0,2017-03-07 14:31:00,0,0,0,29,10,39
323.0,2017-03-07 14:34:00,0,0,0,29,10,39
323.0,2017-03-07 14:37:00,0,0,0,29,10,39
323.0,2017-03-07 14:40:00,0,0,0,29,10,39
323.0,2017-03-07 14:41:00,0,0,0,29,10,39
323.0,2017-03-07 14:44:00,0,0,0,29,10,39
323.0,2017-03-07 14:47:00,0,0,0,29,10,39
323.0,2017-03-07 14:50:00,0,0,0,29,10,39
323.0,2017-03-07 14:53:00,1,0,-1,28,11,39
323.0,2017-03-07 14:56:00,0,0,0,28,11,39
323.0,2017-03-07 14:59:00,0,0,0,28,11,39
323.0,2017-03-07 15:02:00,0,0,0,28,11,39
323.0,2017-03-07 15:05:00,0,0,0,28,11,39
323.0,2017-03-07 15:08:00,0,0,0,28,11,39
323.0,2017-03-07 15:11:00,0,0,0,28,11,39
323.0,2017-03-07 15:14:00,0,0,0,28,11,39
323.0,2017-03-07 15:17:00,0,0,0,28,11,39
323.0,2017-03-07 15:18:00,0,0,0,27,12,39
323.0,2017-03-07 15:21:00,0,0,0,27,12,39
323.0,2017-03-07 15:24:00,0,0,0,27,12,39
323.0,2017-03-07 15:27:00,0,0,0,27,12,39
323.0,2017-03-07 15:30:00,0,0,0,27,12,39
323.0,2017-03-07 15:33:00,0,0,0,27,12,39
323.0,2017-03-07 15:36:00,0,0,0,27,12,39
323.0,2017-03-07 15:39:00,0,0,0,27,12,39
323.0,2017-03-07 15:42:00,0,0,0,27,12,39
323.0,2017-03-07 15:45:00,0,0,0,27,12,39
323.0,2017-03-07 15:48:00,0,0,0,27,12,39
323.0,2017-03-07 15:51:00,1,0,-1,26,13,39
323.0,2017-03-07 15:54:00,0,0,0,26,13,39
323.0,2017-03-07 15:57:00,0,0,0,26,13,39
323.0,2017-03-07 16:00:00,0,0,0,26,13,39
323.0,2017-03-07 16:03:00,1,0,-1,25,14,39
323.0,2017-03-07 16:06:00,0,0,0,25,14,39
323.0,2017-03-07 16:09:00,0,1,1,26,13,39
323.0,2017-03-07 16:12:00,0,0,0,26,13,39
323.0,2017-03-07 16:15:00,0,1,1,27,12,39
323.0,2017-03-07 16:18:00,0,0,0,27,12,39
323.0,2017-03-07 16:21:00,0,1,1,28,11,39
323.0,2017-03-07 16:24:00,0,0,0,28,11,39
323.0,2017-03-07 16:27:00,0,0,0,28,11,39
323.0,2017-03-07 16:30:00,0,0,0,28,11,39
323.0,2017-03-07 16:33:00,0,0,0,28,11,39
323.0,2017-03-07 16:36:00,0,0,0,28,11,39
323.0,2017-03-07 16:39:00,0,0,0,28,11,39
323.0,2017-03-07 16:42:00,0,0,0,28,11,39
323.0,2017-03-07 16:45:00,0,0,0,28,11,39
323.0,2017-03-07 16:48:00,0,0,0,28,11,39
323.0,2017-03-07 16:51:00,0,0,0,28,11,39
323.0,2017-03-07 16:54:00,1,0,-1,27,12,39
323.0,2017-03-07 16:57:00,1,1,0,27,12,39
323.0,2017-03-07 17:00:00,0,1,1,28,11,39
323.0,2017-03-07 17:03:00,0,0,0,28,11,39
323.0,2017-03-07 17:06:00,1,0,-1,27,12,39
323.0,2017-03-07 17:09:00,2,0,-2,25,14,39
323.0,2017-03-07 17:12:00,0,1,1,26,13,39
323.0,2017-03-07 17:15:00,1,0,-1,25,14,39
323.0,2017-03-07 17:18:00,0,0,0,25,14,39
323.0,2017-03-07 17:21:00,0,0,0,25,14,39
323.0,2017-03-07 17:23:00,0,0,0,25,14,39
323.0,2017-03-07 17:26:00,0,1,1,26,13,39
323.0,2017-03-07 17:29:00,0,0,0,26,13,39
323.0,2017-03-07 17:32:00,1,0,-1,25,14,39
323.0,2017-03-07 17:35:00,3,0,-3,22,17,39
323.0,2017-03-07 17:38:00,0,1,1,23,16,39
323.0,2017-03-07 17:41:00,0,0,0,23,16,39
323.0,2017-03-07 17:44:00,0,0,0,23,16,39
323.0,2017-03-07 17:47:00,2,0,-2,21,18,39
323.0,2017-03-07 17:50:00,0,0,0,21,18,39
323.0,2017-03-07 17:53:00,0,0,0,21,18,39
323.0,2017-03-07 17:56:00,0,1,1,22,17,39
323.0,2017-03-07 17:59:00,2,0,-2,20,19,39
323.0,2017-03-07 18:00:00,0,0,0,20,19,39
323.0,2017-03-07 18:03:00,1,0,-1,19,20,39
323.0,2017-03-07 18:06:00,0,0,0,19,20,39
323.0,2017-03-07 18:09:00,0,0,0,19,20,39
323.0,2017-03-07 18:12:00,1,0,-1,18,21,39
323.0,2017-03-07 18:15:00,1,0,-1,17,22,39
323.0,2017-03-07 18:18:00,0,0,0,17,22,39
323.0,2017-03-07 18:21:00,1,0,-1,16,23,39
323.0,2017-03-07 18:24:00,0,0,0,16,23,39
323.0,2017-03-07 18:27:00,0,0,0,16,23,39
323.0,2017-03-07 18:30:00,0,0,0,16,23,39
323.0,2017-03-07 18:33:00,0,0,0,16,23,39
323.0,2017-03-07 18:36:00,0,0,0,16,23,39
323.0,2017-03-07 18:37:00,0,0,0,16,23,39
323.0,2017-03-07 18:40:00,0,0,0,16,23,39
323.0,2017-03-07 18:43:00,1,0,-1,15,24,39
323.0,2017-03-07 18:46:00,0,0,0,15,24,39
323.0,2017-03-07 18:49:00,1,0,-1,14,25,39
323.0,2017-03-07 18:52:00,1,0,-1,13,26,39
323.0,2017-03-07 18:55:00,0,0,0,13,26,39
323.0,2017-03-07 18:58:00,0,0,0,13,26,39
323.0,2017-03-07 19:01:00,0,0,0,13,26,39
323.0,2017-03-07 19:04:00,1,0,-1,12,27,39
323.0,2017-03-07 19:07:00,0,0,0,12,27,39
323.0,2017-03-07 19:10:00,2,0,-2,10,29,39
323.0,2017-03-07 19:13:00,2,0,-2,8,31,39
323.0,2017-03-07 19:14:00,2,0,-2,7,32,39
323.0,2017-03-07 19:17:00,0,0,0,7,32,39
323.0,2017-03-07 19:20:00,0,1,1,8,31,39
323.0,2017-03-07 19:23:00,0,0,0,8,31,39
323.0,2017-03-07 19:26:00,0,0,0,8,31,39
323.0,2017-03-07 19:29:00,0,0,0,8,31,39
323.0,2017-03-07 19:32:00,0,0,0,8,31,39
323.0,2017-03-07 19:35:00,0,0,0,8,31,39
323.0,2017-03-07 19:38:00,0,1,1,9,30,39
323.0,2017-03-07 19:41:00,0,0,0,9,30,39
323.0,2017-03-07 19:44:00,0,0,0,9,30,39
323.0,2017-03-07 19:47:00,0,0,0,10,29,39
323.0,2017-03-07 19:50:00,0,0,0,10,29,39
323.0,2017-03-07 19:53:00,2,0,-2,8,31,39
323.0,2017-03-07 19:56:00,0,0,0,8,31,39
323.0,2017-03-07 19:59:00,0,1,1,9,30,39
323.0,2017-03-07 20:02:00,0,0,0,9,30,39
323.0,2017-03-07 20:05:00,0,0,0,9,30,39
323.0,2017-03-07 20:08:00,1,1,0,9,30,39
323.0,2017-03-07 20:11:00,0,1,1,10,29,39
323.0,2017-03-07 20:14:00,0,0,0,10,29,39
323.0,2017-03-07 20:17:00,0,0,0,10,29,39
323.0,2017-03-07 20:20:00,1,0,-1,9,30,39
323.0,2017-03-07 20:22:00,0,0,0,9,30,39
323.0,2017-03-07 20:25:00,1,0,-1,8,31,39
323.0,2017-03-07 20:28:00,0,0,0,8,31,39
323.0,2017-03-07 20:31:00,0,0,0,8,31,39
323.0,2017-03-07 20:34:00,1,0,-1,7,32,39
323.0,2017-03-07 20:37:00,0,0,0,7,32,39
323.0,2017-03-07 20:40:00,0,0,0,7,32,39
323.0,2017-03-07 20:43:00,0,1,1,8,31,39
323.0,2017-03-07 20:46:00,0,0,0,8,31,39
323.0,2017-03-07 20:49:00,0,0,0,8,31,39
323.0,2017-03-07 20:52:00,0,0,0,8,31,39
323.0,2017-03-07 20:55:00,0,0,0,8,31,39
323.0,2017-03-07 20:56:00,0,0,0,8,31,39
323.0,2017-03-07 20:59:00,0,0,0,8,31,39
323.0,2017-03-07 21:02:00,0,0,0,8,31,39
323.0,2017-03-07 21:05:00,0,0,0,8,31,39
323.0,2017-03-07 21:08:00,0,0,0,8,31,39
323.0,2017-03-07 21:11:00,0,0,0,8,31,39
323.0,2017-03-07 21:14:00,0,0,0,8,31,39
323.0,2017-03-07 21:17:00,0,0,0,8,31,39
323.0,2017-03-07 21:20:00,0,1,1,9,30,39
323.0,2017-03-07 21:23:00,0,0,0,9,30,39
323.0,2017-03-07 21:26:00,0,1,1,10,29,39
323.0,2017-03-07 21:29:00,0,0,0,10,29,39
323.0,2017-03-07 21:32:00,1,0,-1,9,30,39
323.0,2017-03-07 21:35:00,0,0,0,9,30,39
323.0,2017-03-07 21:38:00,0,0,0,9,30,39
323.0,2017-03-07 21:41:00,0,0,0,9,30,39
323.0,2017-03-07 21:44:00,1,1,0,9,30,39
323.0,2017-03-07 21:47:00,0,0,0,9,30,39
323.0,2017-03-07 21:50:00,1,0,-1,8,31,39
323.0,2017-03-07 21:53:00,0,0,0,8,31,39
323.0,2017-03-07 21:56:00,0,0,0,8,31,39
323.0,2017-03-07 21:59:00,0,0,0,8,31,39
323.0,2017-03-07 22:02:00,1,0,-1,7,32,39
323.0,2017-03-07 22:05:00,0,0,0,7,32,39
323.0,2017-03-07 22:08:00,0,0,0,7,32,39
323.0,2017-03-07 22:11:00,0,0,0,7,32,39
323.0,2017-03-07 22:13:00,0,1,1,8,31,39
323.0,2017-03-07 22:16:00,0,0,0,8,31,39
323.0,2017-03-07 22:19:00,0,0,0,8,31,39
323.0,2017-03-07 22:22:00,0,0,0,8,31,39
323.0,2017-03-07 22:25:00,0,0,0,8,31,39
323.0,2017-03-07 22:28:00,0,0,0,8,31,39
323.0,2017-03-07 22:31:00,0,0,0,8,31,39
323.0,2017-03-07 22:34:00,0,0,0,8,31,39
323.0,2017-03-07 22:37:00,0,0,0,8,31,39
323.0,2017-03-07 22:40:00,0,0,0,8,31,39
323.0,2017-03-07 22:43:00,0,0,0,8,31,39
323.0,2017-03-07 22:46:00,0,0,0,8,31,39
323.0,2017-03-07 22:49:00,0,0,0,8,31,39
323.0,2017-03-07 22:52:00,0,0,0,8,31,39
323.0,2017-03-07 22:55:00,0,0,0,8,31,39
323.0,2017-03-07 22:58:00,0,0,0,8,31,39
323.0,2017-03-07 23:01:00,0,1,1,9,30,39
323.0,2017-03-07 23:04:00,0,0,0,9,30,39
323.0,2017-03-07 23:07:00,0,0,0,9,30,39
323.0,2017-03-07 23:10:00,0,0,0,9,30,39
323.0,2017-03-07 23:13:00,0,0,0,9,30,39
323.0,2017-03-07 23:16:00,0,0,0,9,30,39
323.0,2017-03-07 23:19:00,0,0,0,9,30,39
323.0,2017-03-07 23:22:00,0,0,0,9,30,39
323.0,2017-03-07 23:23:00,0,0,0,9,30,39
323.0,2017-03-07 23:26:00,0,0,0,9,30,39
323.0,2017-03-07 23:29:00,0,0,0,9,30,39
323.0,2017-03-07 23:32:00,1,0,-1,8,31,39
323.0,2017-03-07 23:35:00,0,0,0,8,31,39
323.0,2017-03-07 23:38:00,0,0,0,8,31,39
323.0,2017-03-07 23:41:00,0,0,0,8,31,39
323.0,2017-03-07 23:44:00,0,0,0,8,31,39
323.0,2017-03-07 23:47:00,0,0,0,8,31,39
323.0,2017-03-07 23:50:00,0,0,0,8,31,39
323.0,2017-03-07 23:53:00,0,0,0,8,31,39
323.0,2017-03-07 23:56:00,0,0,0,8,31,39
323.0,2017-03-07 23:59:00,1,0,-1,7,32,39
323.0,2017-03-08 00:02:00,0,0,0,7,32,39
323.0,2017-03-08 00:05:00,0,0,0,7,32,39
323.0,2017-03-08 00:08:00,0,0,0,7,32,39
323.0,2017-03-08 00:11:00,0,0,0,7,32,39
323.0,2017-03-08 00:14:00,0,0,0,7,32,39
323.0,2017-03-08 00:17:00,0,0,0,7,32,39
323.0,2017-03-08 00:19:00,0,0,0,31,8,39
323.0,2017-03-08 00:22:00,0,0,0,31,8,39
323.0,2017-03-08 00:25:00,0,0,0,31,8,39
323.0,2017-03-08 00:28:00,0,0,0,31,8,39
323.0,2017-03-08 00:31:00,0,0,0,31,8,39
323.0,2017-03-08 00:34:00,0,0,0,31,8,39
323.0,2017-03-08 00:37:00,0,0,0,31,8,39
323.0,2017-03-08 00:40:00,0,0,0,31,8,39
323.0,2017-03-08 00:43:00,0,0,0,31,8,39
323.0,2017-03-08 00:46:00,0,0,0,31,8,39
323.0,2017-03-08 00:49:00,0,0,0,31,8,39
323.0,2017-03-08 00:52:00,0,0,0,31,8,39
323.0,2017-03-08 00:54:00,0,0,0,30,9,39
323.0,2017-03-08 00:57:00,0,0,0,30,9,39
323.0,2017-03-08 01:00:00,0,0,0,30,9,39
323.0,2017-03-08 01:03:00,0,0,0,30,9,39
323.0,2017-03-08 01:06:00,0,0,0,30,9,39
323.0,2017-03-08 01:09:00,0,0,0,30,9,39
323.0,2017-03-08 01:12:00,0,0,0,30,9,39
323.0,2017-03-08 01:15:00,0,0,0,30,9,39
323.0,2017-03-08 01:18:00,0,0,0,30,9,39
323.0,2017-03-08 01:21:00,0,0,0,30,9,39
323.0,2017-03-08 01:24:00,0,0,0,30,9,39
323.0,2017-03-08 01:26:00,0,0,0,7,32,39
323.0,2017-03-08 01:29:00,0,0,0,7,32,39
323.0,2017-03-08 01:32:00,0,0,0,7,32,39
323.0,2017-03-08 01:35:00,0,0,0,7,32,39
323.0,2017-03-08 01:38:00,0,0,0,7,32,39
323.0,2017-03-08 01:41:00,0,0,0,7,32,39
323.0,2017-03-08 01:44:00,0,0,0,7,32,39
323.0,2017-03-08 01:47:00,0,0,0,7,32,39
323.0,2017-03-08 01:50:00,0,0,0,7,32,39
323.0,2017-03-08 01:53:00,0,0,0,7,32,39
323.0,2017-03-08 01:56:00,0,0,0,7,32,39
323.0,2017-03-08 01:59:00,0,0,0,7,32,39
323.0,2017-03-08 02:02:00,0,0,0,7,32,39
323.0,2017-03-08 02:05:00,0,0,0,7,32,39
323.0,2017-03-08 02:08:00,0,0,0,7,32,39
323.0,2017-03-08 02:11:00,0,0,0,7,32,39
323.0,2017-03-08 02:14:00,0,0,0,7,32,39
323.0,2017-03-08 02:17:00,0,0,0,7,32,39
323.0,2017-03-08 02:20:00,0,0,0,7,32,39
323.0,2017-03-08 02:23:00,0,0,0,7,32,39
323.0,2017-03-08 02:26:00,0,0,0,7,32,39
323.0,2017-03-08 02:29:00,0,0,0,7,32,39
323.0,2017-03-08 02:31:00,0,0,0,7,32,39
323.0,2017-03-08 02:34:00,0,0,0,7,32,39
323.0,2017-03-08 02:37:00,0,0,0,7,32,39
323.0,2017-03-08 02:40:00,0,0,0,7,32,39
323.0,2017-03-08 02:43:00,0,0,0,7,32,39
323.0,2017-03-08 02:46:00,0,0,0,7,32,39
323.0,2017-03-08 02:49:00,0,0,0,7,32,39
323.0,2017-03-08 02:52:00,0,0,0,7,32,39
323.0,2017-03-08 02:55:00,0,0,0,7,32,39
323.0,2017-03-08 02:58:00,0,0,0,7,32,39
323.0,2017-03-08 03:01:00,0,0,0,7,32,39
323.0,2017-03-08 03:03:00,0,0,0,7,32,39
323.0,2017-03-08 03:06:00,0,0,0,7,32,39
323.0,2017-03-08 03:09:00,0,0,0,7,32,39
323.0,2017-03-08 03:12:00,0,0,0,7,32,39
323.0,2017-03-08 03:15:00,0,0,0,7,32,39
323.0,2017-03-08 03:18:00,0,0,0,7,32,39
323.0,2017-03-08 03:21:00,0,0,0,7,32,39
323.0,2017-03-08 03:24:00,0,0,0,7,32,39
323.0,2017-03-08 03:27:00,0,0,0,7,32,39
323.0,2017-03-08 03:30:00,0,0,0,7,32,39
323.0,2017-03-08 03:33:00,0,0,0,7,32,39
323.0,2017-03-08 03:36:00,0,0,0,7,32,39
323.0,2017-03-08 03:39:00,0,0,0,7,32,39
323.0,2017-03-08 03:42:00,0,0,0,7,32,39
323.0,2017-03-08 03:45:00,0,0,0,7,32,39
323.0,2017-03-08 03:48:00,0,0,0,7,32,39
323.0,2017-03-08 03:51:00,0,0,0,7,32,39
323.0,2017-03-08 03:54:00,0,0,0,7,32,39
323.0,2017-03-08 03:57:00,0,0,0,7,32,39
323.0,2017-03-08 04:00:00,0,0,0,7,32,39
323.0,2017-03-08 04:03:00,0,0,0,7,32,39
323.0,2017-03-08 04:06:00,0,0,0,7,32,39
323.0,2017-03-08 04:09:00,0,0,0,7,32,39
323.0,2017-03-08 04:12:00,0,0,0,7,32,39
323.0,2017-03-08 04:13:00,0,0,0,7,32,39
323.0,2017-03-08 04:16:00,0,0,0,7,32,39
323.0,2017-03-08 04:19:00,0,0,0,7,32,39
323.0,2017-03-08 04:22:00,0,0,0,7,32,39
323.0,2017-03-08 04:25:00,0,0,0,7,32,39
323.0,2017-03-08 04:28:00,0,0,0,7,32,39
323.0,2017-03-08 04:31:00,0,0,0,7,32,39
323.0,2017-03-08 04:34:00,0,0,0,7,32,39
323.0,2017-03-08 04:37:00,0,0,0,7,32,39
323.0,2017-03-08 04:40:00,0,0,0,7,32,39
323.0,2017-03-08 04:43:00,0,0,0,7,32,39
323.0,2017-03-08 04:46:00,0,0,0,7,32,39
323.0,2017-03-08 04:49:00,0,0,0,7,32,39
323.0,2017-03-08 04:52:00,0,0,0,7,32,39
323.0,2017-03-08 04:55:00,0,0,0,7,32,39
323.0,2017-03-08 04:58:00,0,0,0,7,32,39
323.0,2017-03-08 05:01:00,0,0,0,7,32,39
323.0,2017-03-08 05:04:00,0,0,0,7,32,39
323.0,2017-03-08 05:07:00,0,0,0,7,32,39
323.0,2017-03-08 05:10:00,0,0,0,7,32,39
323.0,2017-03-08 05:13:00,0,0,0,7,32,39
323.0,2017-03-08 05:16:00,0,0,0,7,32,39
323.0,2017-03-08 05:19:00,0,0,0,7,32,39
323.0,2017-03-08 05:22:00,0,0,0,7,32,39
323.0,2017-03-08 05:25:00,0,0,0,7,32,39
323.0,2017-03-08 05:28:00,0,0,0,7,32,39
323.0,2017-03-08 05:31:00,0,0,0,7,32,39
323.0,2017-03-08 05:34:00,0,0,0,7,32,39
323.0,2017-03-08 05:37:00,0,0,0,7,32,39
323.0,2017-03-08 05:40:00,0,0,0,7,32,39
323.0,2017-03-08 05:43:00,0,0,0,7,32,39
323.0,2017-03-08 05:46:00,0,0,0,7,32,39
323.0,2017-03-08 05:49:00,0,0,0,7,32,39
323.0,2017-03-08 05:52:00,0,0,0,7,32,39
323.0,2017-03-08 05:53:00,0,0,0,7,32,39
323.0,2017-03-08 05:56:00,0,0,0,7,32,39
323.0,2017-03-08 05:59:00,0,0,0,7,32,39
323.0,2017-03-08 06:02:00,0,0,0,7,32,39
323.0,2017-03-08 06:05:00,0,0,0,7,32,39
323.0,2017-03-08 06:08:00,0,0,0,7,32,39
323.0,2017-03-08 06:11:00,0,0,0,7,32,39
323.0,2017-03-08 06:14:00,0,0,0,7,32,39
323.0,2017-03-08 06:17:00,0,0,0,7,32,39
323.0,2017-03-08 06:20:00,0,0,0,7,32,39
323.0,2017-03-08 06:23:00,0,0,0,7,32,39
323.0,2017-03-08 06:26:00,0,1,1,8,31,39
323.0,2017-03-08 06:28:00,0,0,0,8,31,39
323.0,2017-03-08 06:31:00,0,0,0,8,31,39
323.0,2017-03-08 06:34:00,0,0,0,8,31,39
323.0,2017-03-08 06:37:00,0,0,0,8,31,39
323.0,2017-03-08 06:40:00,0,1,1,9,30,39
323.0,2017-03-08 06:43:00,0,0,0,9,30,39
323.0,2017-03-08 06:46:00,0,1,1,10,29,39
323.0,2017-03-08 06:49:00,0,0,0,10,29,39
323.0,2017-03-08 06:52:00,0,0,0,10,29,39
323.0,2017-03-08 06:55:00,0,0,0,10,29,39
323.0,2017-03-08 06:58:00,0,0,0,10,29,39
323.0,2017-03-08 07:01:00,0,0,0,10,29,39
323.0,2017-03-08 07:04:00,0,0,0,10,29,39
323.0,2017-03-08 07:07:00,0,0,0,10,29,39
323.0,2017-03-08 07:10:00,0,0,0,10,29,39
323.0,2017-03-08 07:13:00,0,0,0,10,29,39
323.0,2017-03-08 07:16:00,0,0,0,10,29,39
323.0,2017-03-08 07:19:00,0,0,0,10,29,39
323.0,2017-03-08 07:22:00,0,0,0,10,29,39
323.0,2017-03-08 07:25:00,0,0,0,10,29,39
323.0,2017-03-08 07:28:00,0,1,1,11,28,39
323.0,2017-03-08 07:31:00,0,1,1,12,27,39
323.0,2017-03-08 07:34:00,0,0,0,12,27,39
323.0,2017-03-08 07:37:00,0,0,0,12,27,39
323.0,2017-03-08 07:40:00,0,0,0,12,27,39
323.0,2017-03-08 07:41:00,0,0,0,12,27,39
323.0,2017-03-08 07:44:00,0,1,1,13,26,39
323.0,2017-03-08 07:47:00,0,0,0,13,26,39
323.0,2017-03-08 07:50:00,1,0,-1,12,27,39
323.0,2017-03-08 07:53:00,0,0,0,12,27,39
323.0,2017-03-08 07:56:00,0,0,0,12,27,39
323.0,2017-03-08 07:59:00,0,1,1,13,26,39
323.0,2017-03-08 08:02:00,0,0,0,13,26,39
323.0,2017-03-08 08:05:00,0,0,0,13,26,39
323.0,2017-03-08 08:08:00,1,0,-1,12,27,39
323.0,2017-03-08 08:11:00,0,0,0,12,27,39
323.0,2017-03-08 08:14:00,0,0,0,12,27,39
323.0,2017-03-08 08:17:00,0,0,0,12,27,39
323.0,2017-03-08 08:20:00,0,0,0,12,27,39
323.0,2017-03-08 08:23:00,0,1,1,13,26,39
323.0,2017-03-08 08:26:00,0,1,1,14,25,39
323.0,2017-03-08 08:29:00,2,2,0,14,25,39
323.0,2017-03-08 08:32:00,0,2,2,16,23,39
323.0,2017-03-08 08:35:00,0,1,1,17,22,39
323.0,2017-03-08 08:38:00,0,0,0,17,22,39
323.0,2017-03-08 08:41:00,0,1,1,18,21,39
323.0,2017-03-08 08:44:00,0,0,0,18,21,39
323.0,2017-03-08 08:47:00,0,1,1,19,20,39
323.0,2017-03-08 08:50:00,0,0,0,19,20,39
323.0,2017-03-08 08:53:00,0,0,0,18,21,39
323.0,2017-03-08 08:56:00,0,0,0,18,21,39
323.0,2017-03-08 08:59:00,0,2,2,20,19,39
323.0,2017-03-08 09:02:00,0,1,1,21,18,39
323.0,2017-03-08 09:05:00,0,2,2,23,16,39
323.0,2017-03-08 09:08:00,0,0,0,23,16,39
323.0,2017-03-08 09:11:00,0,0,0,23,16,39
323.0,2017-03-08 09:14:00,0,1,1,24,15,39
323.0,2017-03-08 09:17:00,1,0,-1,23,16,39
323.0,2017-03-08 09:20:00,0,0,0,23,16,39
323.0,2017-03-08 09:23:00,0,1,1,24,15,39
323.0,2017-03-08 09:26:00,0,0,0,24,15,39
323.0,2017-03-08 09:28:00,0,0,0,24,15,39
323.0,2017-03-08 09:31:00,0,0,0,24,15,39
323.0,2017-03-08 09:34:00,0,0,0,24,15,39
323.0,2017-03-08 09:37:00,0,2,2,26,13,39
323.0,2017-03-08 09:40:00,0,1,1,27,12,39
323.0,2017-03-08 09:43:00,0,0,0,27,12,39
323.0,2017-03-08 09:46:00,0,0,0,27,12,39
323.0,2017-03-08 09:49:00,0,0,0,27,12,39
323.0,2017-03-08 09:52:00,0,0,0,27,12,39
323.0,2017-03-08 09:55:00,0,0,0,27,12,39
323.0,2017-03-08 09:58:00,0,0,0,27,12,39
323.0,2017-03-08 10:01:00,0,1,1,28,11,39
323.0,2017-03-08 10:04:00,0,1,1,29,10,39
323.0,2017-03-08 10:07:00,0,0,0,29,10,39
323.0,2017-03-08 10:10:00,0,0,0,29,10,39
323.0,2017-03-08 10:13:00,0,0,0,29,10,39
323.0,2017-03-08 10:16:00,0,0,0,29,10,39
323.0,2017-03-08 10:19:00,1,0,-1,28,11,39
323.0,2017-03-08 10:22:00,1,0,-1,27,12,39
323.0,2017-03-08 10:25:00,0,0,0,27,12,39
323.0,2017-03-08 10:28:00,0,0,0,27,12,39
323.0,2017-03-08 10:31:00,0,0,0,27,12,39
323.0,2017-03-08 10:34:00,0,0,0,27,12,39
323.0,2017-03-08 10:37:00,0,0,0,27,12,39
323.0,2017-03-08 10:40:00,0,0,0,27,12,39
323.0,2017-03-08 10:43:00,1,0,-1,26,13,39
323.0,2017-03-08 10:46:00,0,1,1,27,12,39
323.0,2017-03-08 10:49:00,1,1,0,27,12,39
323.0,2017-03-08 10:52:00,0,0,0,27,12,39
323.0,2017-03-08 10:55:00,0,0,0,27,12,39
323.0,2017-03-08 10:58:00,0,0,0,27,12,39
323.0,2017-03-08 11:01:00,0,0,0,27,12,39
323.0,2017-03-08 11:04:00,0,0,0,27,12,39
323.0,2017-03-08 11:07:00,0,0,0,27,12,39
323.0,2017-03-08 11:10:00,0,0,0,27,12,39
323.0,2017-03-08 11:13:00,0,0,0,27,12,39
323.0,2017-03-08 11:16:00,1,1,0,27,12,39
323.0,2017-03-08 11:17:00,0,1,1,27,12,39
323.0,2017-03-08 11:20:00,0,0,0,27,12,39
323.0,2017-03-08 11:23:00,0,0,0,27,12,39
323.0,2017-03-08 11:26:00,0,0,0,27,12,39
323.0,2017-03-08 11:29:00,0,0,0,27,12,39
323.0,2017-03-08 11:32:00,0,0,0,27,12,39
323.0,2017-03-08 11:35:00,0,0,0,27,12,39
323.0,2017-03-08 11:38:00,0,0,0,27,12,39
323.0,2017-03-08 11:41:00,0,0,0,27,12,39
323.0,2017-03-08 11:44:00,0,0,0,27,12,39
323.0,2017-03-08 11:47:00,1,0,-1,26,13,39
323.0,2017-03-08 11:50:00,0,0,0,26,13,39
323.0,2017-03-08 11:52:00,0,0,0,26,13,39
323.0,2017-03-08 11:55:00,0,0,0,26,13,39
323.0,2017-03-08 11:58:00,0,1,1,27,12,39
323.0,2017-03-08 12:01:00,0,0,0,27,12,39
323.0,2017-03-08 12:04:00,0,0,0,27,12,39
323.0,2017-03-08 12:07:00,0,0,0,27,12,39
323.0,2017-03-08 12:10:00,0,0,0,27,12,39
323.0,2017-03-08 12:13:00,0,0,0,27,12,39
323.0,2017-03-08 12:16:00,0,0,0,27,12,39
323.0,2017-03-08 12:19:00,0,0,0,27,12,39
323.0,2017-03-08 12:20:00,0,0,0,7,32,39
323.0,2017-03-08 12:23:00,0,0,0,7,32,39
323.0,2017-03-08 12:26:00,0,0,0,7,32,39
323.0,2017-03-08 12:29:00,1,0,-1,6,33,39
323.0,2017-03-08 12:32:00,0,1,1,7,32,39
323.0,2017-03-08 12:35:00,0,0,0,7,32,39
323.0,2017-03-08 12:38:00,0,0,0,7,32,39
323.0,2017-03-08 12:41:00,0,0,0,7,32,39
323.0,2017-03-08 12:44:00,0,1,1,8,31,39
323.0,2017-03-08 12:47:00,0,0,0,8,31,39
323.0,2017-03-08 12:50:00,0,0,0,8,31,39
323.0,2017-03-08 12:53:00,0,0,0,7,32,39
323.0,2017-03-08 12:56:00,0,0,0,7,32,39
323.0,2017-03-08 12:59:00,0,0,0,7,32,39
323.0,2017-03-08 13:02:00,0,0,0,7,32,39
323.0,2017-03-08 13:03:00,2,0,-2,26,13,39
323.0,2017-03-08 13:06:00,0,0,0,26,13,39
323.0,2017-03-08 13:09:00,0,1,1,27,12,39
323.0,2017-03-08 13:12:00,0,0,0,27,12,39
323.0,2017-03-08 13:15:00,1,0,-1,26,13,39
323.0,2017-03-08 13:18:00,1,0,-1,25,14,39
323.0,2017-03-08 13:21:00,0,0,0,25,14,39
323.0,2017-03-08 13:24:00,0,0,0,25,14,39
323.0,2017-03-08 13:27:00,0,0,0,25,14,39
323.0,2017-03-08 13:30:00,0,2,2,27,12,39
323.0,2017-03-08 13:31:00,0,3,3,29,10,39
323.0,2017-03-08 13:34:00,0,0,0,29,10,39
323.0,2017-03-08 13:37:00,0,0,0,29,10,39
323.0,2017-03-08 13:40:00,0,0,0,29,10,39
323.0,2017-03-08 13:43:00,0,0,0,29,10,39
323.0,2017-03-08 13:46:00,1,0,-1,28,11,39
323.0,2017-03-08 13:49:00,0,0,0,28,11,39
323.0,2017-03-08 13:52:00,0,0,0,28,11,39
323.0,2017-03-08 13:55:00,0,0,0,28,11,39
323.0,2017-03-08 13:58:00,0,1,1,29,10,39
323.0,2017-03-08 14:01:00,0,0,0,29,10,39
323.0,2017-03-08 14:04:00,0,0,0,29,10,39
323.0,2017-03-08 14:07:00,1,0,-1,28,11,39
323.0,2017-03-08 14:08:00,2,0,-2,25,14,39
323.0,2017-03-08 14:11:00,1,0,-1,24,15,39
323.0,2017-03-08 14:14:00,0,0,0,24,15,39
323.0,2017-03-08 14:17:00,0,1,1,25,14,39
323.0,2017-03-08 14:20:00,1,0,-1,24,15,39
323.0,2017-03-08 14:23:00,0,0,0,24,15,39
323.0,2017-03-08 14:26:00,1,0,-1,23,16,39
323.0,2017-03-08 14:29:00,0,0,0,23,16,39
323.0,2017-03-08 14:32:00,0,0,0,23,16,39
323.0,2017-03-08 14:35:00,0,0,0,23,16,39
323.0,2017-03-08 14:38:00,0,1,1,24,15,39
323.0,2017-03-08 14:41:00,0,0,0,24,15,39
323.0,2017-03-08 14:44:00,0,0,0,24,15,39
323.0,2017-03-08 14:46:00,0,0,0,25,14,39
323.0,2017-03-08 14:49:00,1,0,-1,24,15,39
323.0,2017-03-08 14:52:00,0,0,0,24,15,39
323.0,2017-03-08 14:55:00,0,0,0,24,15,39
323.0,2017-03-08 14:58:00,0,1,1,25,14,39
323.0,2017-03-08 15:01:00,0,0,0,25,14,39
323.0,2017-03-08 15:04:00,0,0,0,25,14,39
323.0,2017-03-08 15:07:00,0,0,0,25,14,39
323.0,2017-03-08 15:10:00,0,0,0,25,14,39
323.0,2017-03-08 15:13:00,0,0,0,25,14,39
323.0,2017-03-08 15:16:00,0,0,0,25,14,39
323.0,2017-03-08 15:19:00,0,0,0,25,14,39
323.0,2017-03-08 15:22:00,1,0,-1,24,15,39
323.0,2017-03-08 15:25:00,0,0,0,24,15,39
323.0,2017-03-08 15:28:00,0,0,0,24,15,39
323.0,2017-03-08 15:31:00,0,0,0,24,15,39
323.0,2017-03-08 15:34:00,0,0,0,24,15,39
323.0,2017-03-08 15:37:00,0,0,0,24,15,39
323.0,2017-03-08 15:40:00,1,0,-1,23,16,39
323.0,2017-03-08 15:43:00,0,0,0,23,16,39
323.0,2017-03-08 15:46:00,0,0,0,23,16,39
323.0,2017-03-08 15:49:00,0,0,0,23,16,39
323.0,2017-03-08 15:52:00,1,0,-1,22,17,39
323.0,2017-03-08 15:55:00,1,0,-1,21,18,39
323.0,2017-03-08 15:58:00,0,0,0,21,18,39
323.0,2017-03-08 16:01:00,1,0,-1,20,19,39
323.0,2017-03-08 16:04:00,0,0,0,20,19,39
323.0,2017-03-08 16:07:00,0,0,0,20,19,39
323.0,2017-03-08 16:10:00,1,0,-1,19,20,39
323.0,2017-03-08 16:13:00,0,0,0,19,20,39
323.0,2017-03-08 16:16:00,0,0,0,19,20,39
323.0,2017-03-08 16:19:00,1,0,-1,18,21,39
323.0,2017-03-08 16:21:00,1,0,-1,17,22,39
323.0,2017-03-08 16:24:00,1,0,-1,16,23,39
323.0,2017-03-08 16:27:00,0,1,1,17,22,39
323.0,2017-03-08 16:30:00,0,1,1,18,21,39
323.0,2017-03-08 16:33:00,0,0,0,18,21,39
323.0,2017-03-08 16:36:00,0,0,0,18,21,39
323.0,2017-03-08 16:39:00,1,0,-1,17,22,39
323.0,2017-03-08 16:42:00,0,0,0,17,22,39
323.0,2017-03-08 16:45:00,0,0,0,17,22,39
323.0,2017-03-08 16:48:00,0,0,0,17,22,39
323.0,2017-03-08 16:51:00,0,1,1,18,21,39
323.0,2017-03-08 16:54:00,0,0,0,18,21,39
323.0,2017-03-08 16:57:00,1,0,-1,17,22,39
323.0,2017-03-08 17:00:00,0,1,1,18,21,39
323.0,2017-03-08 17:03:00,1,1,0,18,21,39
323.0,2017-03-08 17:06:00,2,0,-2,16,23,39
323.0,2017-03-08 17:09:00,1,0,-1,15,24,39
323.0,2017-03-08 17:12:00,1,0,-1,13,26,39
323.0,2017-03-08 17:15:00,1,0,-1,12,27,39
323.0,2017-03-08 17:18:00,0,0,0,12,27,39
323.0,2017-03-08 17:21:00,0,0,0,12,27,39
323.0,2017-03-08 17:24:00,0,0,0,12,27,39
323.0,2017-03-08 17:27:00,1,0,-1,11,28,39
323.0,2017-03-08 17:30:00,0,0,0,11,28,39
323.0,2017-03-08 17:33:00,1,0,-1,10,29,39
323.0,2017-03-08 17:36:00,2,0,-2,8,31,39
323.0,2017-03-08 17:39:00,1,0,-1,7,32,39
323.0,2017-03-08 17:42:00,0,0,0,7,32,39
323.0,2017-03-08 17:45:00,0,0,0,7,32,39
323.0,2017-03-08 17:48:00,1,0,-1,6,33,39
323.0,2017-03-08 17:51:00,0,0,0,6,33,39
323.0,2017-03-08 17:53:00,2,0,-2,5,34,39
323.0,2017-03-08 17:56:00,0,0,0,5,34,39
323.0,2017-03-08 17:59:00,1,0,-1,4,35,39
323.0,2017-03-08 18:02:00,0,1,1,5,34,39
323.0,2017-03-08 18:05:00,0,0,0,5,34,39
323.0,2017-03-08 18:08:00,0,0,0,5,34,39
323.0,2017-03-08 18:11:00,0,0,0,5,34,39
323.0,2017-03-08 18:14:00,0,1,1,6,33,39
323.0,2017-03-08 18:17:00,0,0,0,6,33,39
323.0,2017-03-08 18:20:00,0,0,0,6,33,39
323.0,2017-03-08 18:23:00,1,0,-1,5,34,39
323.0,2017-03-08 18:26:00,0,0,0,5,34,39
323.0,2017-03-08 18:29:00,0,1,1,6,33,39
323.0,2017-03-08 18:31:00,0,1,1,7,32,39
323.0,2017-03-08 18:34:00,1,0,-1,6,33,39
323.0,2017-03-08 18:37:00,0,0,0,6,33,39
323.0,2017-03-08 18:40:00,3,1,-2,4,35,39
323.0,2017-03-08 18:43:00,0,1,1,5,34,39
323.0,2017-03-08 18:46:00,0,1,1,6,33,39
323.0,2017-03-08 18:49:00,1,0,-1,5,34,39
323.0,2017-03-08 18:52:00,0,0,0,5,34,39
323.0,2017-03-08 18:55:00,1,0,-1,4,35,39
323.0,2017-03-08 18:58:00,0,0,0,4,35,39
323.0,2017-03-08 19:01:00,1,0,-1,3,36,39
323.0,2017-03-08 19:04:00,0,0,0,3,36,39
323.0,2017-03-08 19:07:00,0,0,0,3,36,39
323.0,2017-03-08 19:09:00,0,0,0,2,37,39
323.0,2017-03-08 19:12:00,0,0,0,2,37,39
323.0,2017-03-08 19:15:00,0,0,0,2,37,39
323.0,2017-03-08 19:18:00,0,0,0,2,37,39
323.0,2017-03-08 19:21:00,0,1,1,3,36,39
323.0,2017-03-08 19:24:00,0,0,0,3,36,39
323.0,2017-03-08 19:27:00,0,0,0,3,36,39
323.0,2017-03-08 19:30:00,0,0,0,3,36,39
323.0,2017-03-08 19:33:00,0,0,0,3,36,39
323.0,2017-03-08 19:36:00,1,0,-1,2,37,39
323.0,2017-03-08 19:39:00,0,0,0,2,37,39
323.0,2017-03-08 19:42:00,1,1,0,2,37,39
323.0,2017-03-08 19:45:00,0,0,0,2,37,39
323.0,2017-03-08 19:48:00,0,0,0,2,37,39
323.0,2017-03-08 19:51:00,1,0,-1,1,38,39
323.0,2017-03-08 19:54:00,0,0,0,1,38,39
323.0,2017-03-08 19:57:00,0,0,0,1,38,39
323.0,2017-03-08 20:00:00,0,0,0,1,38,39
323.0,2017-03-08 20:03:00,1,0,-1,0,39,39
323.0,2017-03-08 20:06:00,0,0,0,0,39,39
323.0,2017-03-08 20:09:00,0,0,0,0,39,39
323.0,2017-03-08 20:12:00,0,0,0,0,39,39
323.0,2017-03-08 20:15:00,0,0,0,0,39,39
323.0,2017-03-08 20:18:00,0,0,0,0,39,39
323.0,2017-03-08 20:20:00,0,0,0,0,39,39
323.0,2017-03-08 20:23:00,0,0,0,0,39,39
323.0,2017-03-08 20:26:00,0,0,0,0,39,39
323.0,2017-03-08 20:29:00,0,0,0,0,39,39
323.0,2017-03-08 20:32:00,0,0,0,0,39,39
323.0,2017-03-08 20:35:00,0,0,0,0,39,39
323.0,2017-03-08 20:38:00,0,0,0,0,39,39
323.0,2017-03-08 20:41:00,0,0,0,0,39,39
323.0,2017-03-08 20:44:00,0,0,0,0,39,39
323.0,2017-03-08 20:47:00,0,0,0,0,39,39
323.0,2017-03-08 20:50:00,0,1,1,1,38,39
323.0,2017-03-08 20:53:00,0,0,0,1,38,39
323.0,2017-03-08 20:54:00,0,0,0,1,38,39
323.0,2017-03-08 20:57:00,1,0,-1,0,39,39
323.0,2017-03-08 21:00:00,0,0,0,0,39,39
323.0,2017-03-08 21:03:00,0,0,0,0,39,39
323.0,2017-03-08 21:06:00,0,0,0,0,39,39
323.0,2017-03-08 21:09:00,0,0,0,0,39,39
323.0,2017-03-08 21:12:00,0,0,0,0,39,39
323.0,2017-03-08 21:15:00,0,0,0,0,39,39
323.0,2017-03-08 21:18:00,0,0,0,0,39,39
323.0,2017-03-08 21:21:00,0,0,0,0,39,39
323.0,2017-03-08 21:24:00,0,1,1,1,38,39
323.0,2017-03-08 21:27:00,0,0,0,1,38,39
323.0,2017-03-08 21:28:00,0,0,0,1,38,39
323.0,2017-03-08 21:31:00,0,0,0,1,38,39
323.0,2017-03-08 21:34:00,0,0,0,1,38,39
323.0,2017-03-08 21:37:00,0,1,1,2,37,39
323.0,2017-03-08 21:40:00,0,0,0,2,37,39
323.0,2017-03-08 21:43:00,0,0,0,2,37,39
323.0,2017-03-08 21:46:00,0,0,0,2,37,39
323.0,2017-03-08 21:49:00,0,0,0,2,37,39
323.0,2017-03-08 21:52:00,0,0,0,2,37,39
323.0,2017-03-08 21:55:00,0,0,0,2,37,39
323.0,2017-03-08 21:58:00,0,0,0,2,37,39
323.0,2017-03-08 22:01:00,0,0,0,2,37,39
323.0,2017-03-08 22:02:00,0,0,0,2,37,39
323.0,2017-03-08 22:05:00,0,1,1,3,36,39
323.0,2017-03-08 22:08:00,0,0,0,3,36,39
323.0,2017-03-08 22:11:00,0,0,0,3,36,39
323.0,2017-03-08 22:14:00,0,0,0,3,36,39
323.0,2017-03-08 22:17:00,0,0,0,3,36,39
323.0,2017-03-08 22:20:00,0,0,0,3,36,39
323.0,2017-03-08 22:23:00,0,0,0,3,36,39
323.0,2017-03-08 22:26:00,0,0,0,3,36,39
323.0,2017-03-08 22:29:00,0,0,0,3,36,39
323.0,2017-03-08 22:32:00,0,1,1,4,35,39
323.0,2017-03-08 22:35:00,0,0,0,4,35,39
323.0,2017-03-08 22:38:00,1,1,0,4,35,39
323.0,2017-03-08 22:39:00,2,0,-2,2,37,39
323.0,2017-03-08 22:42:00,0,0,0,2,37,39
323.0,2017-03-08 22:45:00,0,0,0,2,37,39
323.0,2017-03-08 22:48:00,0,0,0,2,37,39
323.0,2017-03-08 22:51:00,0,0,0,2,37,39
323.0,2017-03-08 22:54:00,0,0,0,2,37,39
323.0,2017-03-08 22:57:00,0,0,0,2,37,39
323.0,2017-03-08 23:00:00,0,0,0,2,37,39
323.0,2017-03-08 23:03:00,0,0,0,2,37,39
323.0,2017-03-08 23:06:00,0,0,0,2,37,39
323.0,2017-03-08 23:09:00,0,0,0,2,37,39
323.0,2017-03-08 23:12:00,0,1,1,3,36,39
323.0,2017-03-08 23:13:00,0,1,1,5,34,39
323.0,2017-03-08 23:16:00,0,0,0,5,34,39
323.0,2017-03-08 23:19:00,0,0,0,5,34,39
323.0,2017-03-08 23:22:00,0,0,0,5,34,39
323.0,2017-03-08 23:25:00,0,0,0,5,34,39
323.0,2017-03-08 23:28:00,0,0,0,5,34,39
323.0,2017-03-08 23:31:00,0,0,0,5,34,39
323.0,2017-03-08 23:34:00,0,0,0,5,34,39
323.0,2017-03-08 23:37:00,0,0,0,5,34,39
323.0,2017-03-08 23:40:00,0,0,0,5,34,39
323.0,2017-03-08 23:43:00,0,0,0,5,34,39
323.0,2017-03-08 23:46:00,0,0,0,5,34,39
323.0,2017-03-08 23:48:00,0,0,0,4,35,39
323.0,2017-03-08 23:51:00,0,0,0,4,35,39
323.0,2017-03-08 23:54:00,0,0,0,4,35,39
323.0,2017-03-08 23:57:00,0,0,0,4,35,39
323.0,2017-03-09 00:00:00,0,0,0,4,35,39
323.0,2017-03-09 00:03:00,0,0,0,4,35,39
323.0,2017-03-09 00:06:00,0,0,0,4,35,39
323.0,2017-03-09 00:09:00,0,0,0,4,35,39
323.0,2017-03-09 00:12:00,0,0,0,4,35,39
323.0,2017-03-09 00:15:00,0,0,0,4,35,39
323.0,2017-03-09 00:18:00,0,0,0,4,35,39
323.0,2017-03-09 00:21:00,0,0,0,4,35,39
323.0,2017-03-09 00:24:00,0,0,0,4,35,39
323.0,2017-03-09 00:27:00,0,0,0,4,35,39
323.0,2017-03-09 00:28:00,0,0,0,27,12,39
323.0,2017-03-09 00:31:00,0,0,0,27,12,39
323.0,2017-03-09 00:34:00,0,0,0,27,12,39
323.0,2017-03-09 00:37:00,0,0,0,27,12,39
323.0,2017-03-09 00:40:00,0,0,0,27,12,39
323.0,2017-03-09 00:43:00,0,0,0,27,12,39
323.0,2017-03-09 00:46:00,0,0,0,27,12,39
323.0,2017-03-09 00:49:00,0,0,0,27,12,39
323.0,2017-03-09 00:52:00,0,0,0,27,12,39
323.0,2017-03-09 00:55:00,0,0,0,27,12,39
323.0,2017-03-09 00:58:00,0,0,0,27,12,39
323.0,2017-03-09 01:01:00,0,0,0,27,12,39
323.0,2017-03-09 01:04:00,0,0,0,27,12,39
323.0,2017-03-09 01:07:00,0,0,0,27,12,39
323.0,2017-03-09 01:10:00,0,0,0,27,12,39
323.0,2017-03-09 01:13:00,0,0,0,27,12,39
323.0,2017-03-09 01:16:00,0,0,0,27,12,39
323.0,2017-03-09 01:19:00,0,0,0,27,12,39
323.0,2017-03-09 01:22:00,0,0,0,27,12,39
323.0,2017-03-09 01:25:00,0,0,0,27,12,39
323.0,2017-03-09 01:27:00,0,0,0,4,35,39
323.0,2017-03-09 01:30:00,0,0,0,4,35,39
323.0,2017-03-09 01:33:00,0,0,0,4,35,39
323.0,2017-03-09 01:36:00,0,0,0,4,35,39
323.0,2017-03-09 01:39:00,0,0,0,4,35,39
323.0,2017-03-09 01:42:00,0,0,0,4,35,39
323.0,2017-03-09 01:45:00,0,0,0,4,35,39
323.0,2017-03-09 01:48:00,0,0,0,4,35,39
323.0,2017-03-09 01:51:00,0,0,0,4,35,39
323.0,2017-03-09 01:54:00,0,0,0,4,35,39
323.0,2017-03-09 01:57:00,0,0,0,4,35,39
323.0,2017-03-09 01:59:00,0,0,0,4,35,39
323.0,2017-03-09 02:02:00,0,0,0,4,35,39
323.0,2017-03-09 02:05:00,0,0,0,4,35,39
323.0,2017-03-09 02:08:00,0,0,0,4,35,39
323.0,2017-03-09 02:11:00,0,0,0,4,35,39
323.0,2017-03-09 02:14:00,0,0,0,4,35,39
323.0,2017-03-09 02:17:00,0,0,0,4,35,39
323.0,2017-03-09 02:20:00,0,0,0,4,35,39
323.0,2017-03-09 02:23:00,0,0,0,4,35,39
323.0,2017-03-09 02:26:00,0,0,0,4,35,39
323.0,2017-03-09 02:29:00,0,0,0,4,35,39
323.0,2017-03-09 02:31:00,0,0,0,4,35,39
323.0,2017-03-09 02:34:00,0,0,0,4,35,39
323.0,2017-03-09 02:37:00,0,0,0,4,35,39
323.0,2017-03-09 02:40:00,0,0,0,4,35,39
323.0,2017-03-09 02:43:00,0,0,0,4,35,39
323.0,2017-03-09 02:46:00,0,0,0,4,35,39
323.0,2017-03-09 02:49:00,0,0,0,4,35,39
323.0,2017-03-09 02:52:00,0,0,0,4,35,39
323.0,2017-03-09 02:55:00,0,0,0,4,35,39
323.0,2017-03-09 02:58:00,0,0,0,4,35,39
323.0,2017-03-09 03:01:00,0,0,0,4,35,39
323.0,2017-03-09 03:03:00,0,0,0,4,35,39
323.0,2017-03-09 03:06:00,0,0,0,4,35,39
323.0,2017-03-09 03:09:00,0,0,0,4,35,39
323.0,2017-03-09 03:12:00,0,0,0,4,35,39
323.0,2017-03-09 03:15:00,0,0,0,4,35,39
323.0,2017-03-09 03:18:00,0,0,0,4,35,39
323.0,2017-03-09 03:21:00,0,0,0,4,35,39
323.0,2017-03-09 03:24:00,0,0,0,4,35,39
323.0,2017-03-09 03:27:00,0,0,0,4,35,39
323.0,2017-03-09 03:30:00,0,0,0,4,35,39
323.0,2017-03-09 03:33:00,0,0,0,4,35,39
323.0,2017-03-09 03:36:00,0,0,0,4,35,39
323.0,2017-03-09 03:39:00,0,0,0,4,35,39
323.0,2017-03-09 03:41:00,0,0,0,4,35,39
323.0,2017-03-09 03:44:00,0,0,0,4,35,39
323.0,2017-03-09 03:47:00,0,0,0,4,35,39
323.0,2017-03-09 03:50:00,0,0,0,4,35,39
323.0,2017-03-09 03:53:00,0,0,0,4,35,39
323.0,2017-03-09 03:56:00,0,0,0,4,35,39
323.0,2017-03-09 03:59:00,0,0,0,4,35,39
323.0,2017-03-09 04:02:00,0,0,0,4,35,39
323.0,2017-03-09 04:05:00,0,0,0,4,35,39
323.0,2017-03-09 04:08:00,0,0,0,4,35,39
323.0,2017-03-09 04:11:00,1,0,-1,3,36,39
323.0,2017-03-09 04:12:00,0,0,0,3,36,39
323.0,2017-03-09 04:15:00,0,0,0,3,36,39
323.0,2017-03-09 04:18:00,0,0,0,3,36,39
323.0,2017-03-09 04:21:00,0,0,0,3,36,39
323.0,2017-03-09 04:24:00,0,0,0,3,36,39
323.0,2017-03-09 04:27:00,0,0,0,3,36,39
323.0,2017-03-09 04:30:00,0,0,0,3,36,39
323.0,2017-03-09 04:33:00,0,0,0,3,36,39
323.0,2017-03-09 04:36:00,0,0,0,3,36,39
323.0,2017-03-09 04:39:00,0,0,0,3,36,39
323.0,2017-03-09 04:42:00,0,0,0,3,36,39
323.0,2017-03-09 04:44:00,0,0,0,3,36,39
323.0,2017-03-09 04:47:00,0,0,0,3,36,39
323.0,2017-03-09 04:50:00,0,0,0,3,36,39
323.0,2017-03-09 04:53:00,0,0,0,3,36,39
323.0,2017-03-09 04:56:00,0,0,0,3,36,39
323.0,2017-03-09 04:59:00,0,0,0,3,36,39
323.0,2017-03-09 05:02:00,0,0,0,3,36,39
323.0,2017-03-09 05:05:00,0,0,0,3,36,39
323.0,2017-03-09 05:08:00,0,0,0,3,36,39
323.0,2017-03-09 05:11:00,0,0,0,3,36,39
323.0,2017-03-09 05:14:00,0,0,0,3,36,39
323.0,2017-03-09 05:17:00,0,0,0,3,36,39
323.0,2017-03-09 05:20:00,0,0,0,3,36,39
323.0,2017-03-09 05:23:00,0,0,0,3,36,39
323.0,2017-03-09 05:26:00,0,0,0,3,36,39
323.0,2017-03-09 05:29:00,0,0,0,3,36,39
323.0,2017-03-09 05:32:00,0,0,0,3,36,39
323.0,2017-03-09 05:35:00,0,0,0,3,36,39
323.0,2017-03-09 05:38:00,0,0,0,3,36,39
323.0,2017-03-09 05:41:00,0,0,0,3,36,39
323.0,2017-03-09 05:44:00,0,0,0,3,36,39
323.0,2017-03-09 05:47:00,0,0,0,3,36,39
323.0,2017-03-09 05:50:00,0,0,0,3,36,39
323.0,2017-03-09 05:52:00,0,0,0,3,36,39
323.0,2017-03-09 05:55:00,0,0,0,3,36,39
323.0,2017-03-09 05:58:00,0,0,0,3,36,39
323.0,2017-03-09 06:01:00,0,0,0,3,36,39
323.0,2017-03-09 06:04:00,0,0,0,3,36,39
323.0,2017-03-09 06:07:00,0,0,0,3,36,39
323.0,2017-03-09 06:10:00,0,0,0,3,36,39
323.0,2017-03-09 06:13:00,0,0,0,3,36,39
323.0,2017-03-09 06:16:00,0,0,0,3,36,39
323.0,2017-03-09 06:19:00,0,0,0,3,36,39
323.0,2017-03-09 06:22:00,0,0,0,3,36,39
323.0,2017-03-09 06:25:00,0,1,1,4,35,39
323.0,2017-03-09 06:26:00,0,0,0,4,35,39
323.0,2017-03-09 06:29:00,0,0,0,4,35,39
323.0,2017-03-09 06:32:00,0,0,0,4,35,39
323.0,2017-03-09 06:35:00,0,0,0,4,35,39
323.0,2017-03-09 06:38:00,0,0,0,4,35,39
323.0,2017-03-09 06:41:00,0,0,0,4,35,39
323.0,2017-03-09 06:44:00,0,1,1,5,34,39
323.0,2017-03-09 06:47:00,0,0,0,5,34,39
323.0,2017-03-09 06:50:00,0,0,0,5,34,39
323.0,2017-03-09 06:53:00,0,1,1,6,33,39
323.0,2017-03-09 06:56:00,0,1,1,7,32,39
323.0,2017-03-09 06:59:00,0,0,0,7,32,39
323.0,2017-03-09 07:02:00,0,0,0,7,32,39
323.0,2017-03-09 07:05:00,0,0,0,7,32,39
323.0,2017-03-09 07:08:00,0,0,0,7,32,39
323.0,2017-03-09 07:11:00,0,0,0,7,32,39
323.0,2017-03-09 07:14:00,0,0,0,7,32,39
323.0,2017-03-09 07:17:00,0,0,0,7,32,39
323.0,2017-03-09 07:20:00,0,0,0,7,32,39
323.0,2017-03-09 07:23:00,0,0,0,7,32,39
323.0,2017-03-09 07:26:00,0,0,0,7,32,39
323.0,2017-03-09 07:29:00,0,1,1,8,31,39
323.0,2017-03-09 07:32:00,0,0,0,8,31,39
323.0,2017-03-09 07:35:00,0,0,0,8,31,39
323.0,2017-03-09 07:38:00,0,0,0,8,31,39
323.0,2017-03-09 07:39:00,0,0,0,8,31,39
323.0,2017-03-09 07:42:00,0,0,0,8,31,39
323.0,2017-03-09 07:45:00,1,0,-1,7,32,39
323.0,2017-03-09 07:48:00,0,2,2,9,30,39
323.0,2017-03-09 07:51:00,0,0,0,9,30,39
323.0,2017-03-09 07:54:00,0,0,0,9,30,39
323.0,2017-03-09 07:57:00,0,1,1,10,29,39
323.0,2017-03-09 08:00:00,0,0,0,10,29,39
323.0,2017-03-09 08:03:00,1,0,-1,9,30,39
323.0,2017-03-09 08:06:00,0,0,0,9,30,39
323.0,2017-03-09 08:09:00,0,1,1,10,29,39
323.0,2017-03-09 08:12:00,1,0,-1,9,30,39
323.0,2017-03-09 08:15:00,0,2,2,12,27,39
323.0,2017-03-09 08:18:00,1,0,-1,11,28,39
323.0,2017-03-09 08:21:00,0,0,0,11,28,39
323.0,2017-03-09 08:24:00,0,0,0,11,28,39
323.0,2017-03-09 08:27:00,0,1,1,12,27,39
323.0,2017-03-09 08:30:00,0,1,1,13,26,39
323.0,2017-03-09 08:33:00,2,3,1,14,25,39
323.0,2017-03-09 08:36:00,0,1,1,15,24,39
323.0,2017-03-09 08:39:00,0,3,3,18,21,39
323.0,2017-03-09 08:42:00,0,1,1,19,20,39
323.0,2017-03-09 08:45:00,0,2,2,21,18,39
323.0,2017-03-09 08:48:00,0,3,3,24,15,39
323.0,2017-03-09 08:51:00,0,0,0,22,17,39
323.0,2017-03-09 08:54:00,0,1,1,23,16,39
323.0,2017-03-09 08:57:00,1,1,0,23,16,39
323.0,2017-03-09 09:00:00,0,1,1,24,15,39
323.0,2017-03-09 09:03:00,0,2,2,26,13,39
323.0,2017-03-09 09:06:00,0,0,0,26,13,39
323.0,2017-03-09 09:09:00,0,1,1,27,12,39
323.0,2017-03-09 09:12:00,0,2,2,29,10,39
323.0,2017-03-09 09:15:00,0,0,0,29,10,39
323.0,2017-03-09 09:18:00,0,0,0,29,10,39
323.0,2017-03-09 09:21:00,0,1,1,30,9,39
323.0,2017-03-09 09:24:00,0,1,1,31,8,39
323.0,2017-03-09 09:27:00,0,0,0,31,8,39
323.0,2017-03-09 09:30:00,1,0,-1,30,9,39
323.0,2017-03-09 09:33:00,0,1,1,31,8,39
323.0,2017-03-09 09:36:00,0,3,3,34,5,39
323.0,2017-03-09 09:39:00,0,2,2,36,3,39
323.0,2017-03-09 09:42:00,0,0,0,36,3,39
323.0,2017-03-09 09:45:00,0,0,0,36,3,39
323.0,2017-03-09 09:48:00,0,1,1,37,2,39
323.0,2017-03-09 09:51:00,0,1,1,38,1,39
323.0,2017-03-09 09:54:00,0,0,0,38,1,39
323.0,2017-03-09 09:57:00,1,0,-1,37,2,39
323.0,2017-03-09 10:00:00,0,1,1,38,1,39
323.0,2017-03-09 10:03:00,1,0,-1,37,2,39
323.0,2017-03-09 10:06:00,0,0,0,37,2,39
323.0,2017-03-09 10:09:00,0,0,0,37,2,39
323.0,2017-03-09 10:12:00,0,0,0,37,2,39
323.0,2017-03-09 10:15:00,0,0,0,37,2,39
323.0,2017-03-09 10:18:00,0,0,0,37,2,39
323.0,2017-03-09 10:21:00,1,0,-1,36,3,39
323.0,2017-03-09 10:24:00,0,0,0,36,3,39
323.0,2017-03-09 10:27:00,0,0,0,36,3,39
323.0,2017-03-09 10:30:00,0,0,0,36,3,39
323.0,2017-03-09 10:33:00,0,0,0,36,3,39
323.0,2017-03-09 10:36:00,0,0,0,36,3,39
323.0,2017-03-09 10:39:00,0,1,1,37,2,39
323.0,2017-03-09 10:42:00,0,0,0,37,2,39
323.0,2017-03-09 10:45:00,1,1,0,37,2,39
323.0,2017-03-09 10:48:00,0,0,0,37,2,39
323.0,2017-03-09 10:51:00,0,1,1,38,1,39
323.0,2017-03-09 10:54:00,0,0,0,38,1,39
323.0,2017-03-09 10:57:00,0,0,0,38,1,39
323.0,2017-03-09 11:00:00,0,0,0,38,1,39
323.0,2017-03-09 11:03:00,0,0,0,38,1,39
323.0,2017-03-09 11:06:00,0,0,0,38,1,39
323.0,2017-03-09 11:09:00,0,0,0,38,1,39
323.0,2017-03-09 11:12:00,0,0,0,38,1,39
323.0,2017-03-09 11:15:00,0,0,0,38,1,39
323.0,2017-03-09 11:18:00,0,0,0,38,1,39
323.0,2017-03-09 11:21:00,0,0,0,38,1,39
323.0,2017-03-09 11:24:00,0,0,0,38,1,39
323.0,2017-03-09 11:27:00,0,0,0,38,1,39
323.0,2017-03-09 11:30:00,1,0,-1,37,2,39
323.0,2017-03-09 11:33:00,1,0,-1,36,3,39
323.0,2017-03-09 11:36:00,0,1,1,37,2,39
323.0,2017-03-09 11:39:00,0,0,0,37,2,39
323.0,2017-03-09 11:42:00,1,0,-1,36,3,39
323.0,2017-03-09 11:45:00,0,1,1,37,2,39
323.0,2017-03-09 11:48:00,1,0,-1,36,3,39
323.0,2017-03-09 11:51:00,1,0,-1,35,4,39
323.0,2017-03-09 11:54:00,0,0,0,35,4,39
323.0,2017-03-09 11:57:00,0,0,0,35,4,39
323.0,2017-03-09 12:00:00,0,0,0,35,4,39
323.0,2017-03-09 12:03:00,0,0,0,35,4,39
323.0,2017-03-09 12:06:00,0,0,0,35,4,39
323.0,2017-03-09 12:09:00,0,0,0,35,4,39
323.0,2017-03-09 12:12:00,0,0,0,35,4,39
323.0,2017-03-09 12:15:00,0,0,0,35,4,39
323.0,2017-03-09 12:18:00,0,0,0,35,4,39
323.0,2017-03-09 12:21:00,0,0,0,35,4,39
323.0,2017-03-09 12:22:00,0,1,1,5,34,39
323.0,2017-03-09 12:25:00,0,0,0,5,34,39
323.0,2017-03-09 12:28:00,1,1,0,5,34,39
323.0,2017-03-09 12:31:00,0,0,0,5,34,39
323.0,2017-03-09 12:34:00,0,1,1,6,33,39
323.0,2017-03-09 12:37:00,0,0,0,6,33,39
323.0,2017-03-09 12:40:00,1,0,-1,5,34,39
323.0,2017-03-09 12:43:00,0,0,0,5,34,39
323.0,2017-03-09 12:46:00,0,0,0,5,34,39
323.0,2017-03-09 12:49:00,0,0,0,5,34,39
323.0,2017-03-09 12:52:00,0,0,0,5,34,39
323.0,2017-03-09 12:55:00,0,0,0,4,35,39
323.0,2017-03-09 12:58:00,1,0,-1,3,36,39
323.0,2017-03-09 13:01:00,0,0,0,3,36,39
323.0,2017-03-09 13:04:00,0,0,0,3,36,39
323.0,2017-03-09 13:07:00,0,0,0,3,36,39
323.0,2017-03-09 13:10:00,1,0,-1,2,37,39
323.0,2017-03-09 13:13:00,0,0,0,2,37,39
323.0,2017-03-09 13:16:00,0,0,0,2,37,39
323.0,2017-03-09 13:19:00,0,0,0,2,37,39
323.0,2017-03-09 13:22:00,0,0,0,2,37,39
323.0,2017-03-09 13:25:00,1,0,-1,1,38,39
323.0,2017-03-09 13:28:00,0,0,0,1,38,39
323.0,2017-03-09 13:31:00,0,1,1,2,37,39
323.0,2017-03-09 13:34:00,0,0,0,2,37,39
323.0,2017-03-09 13:37:00,0,0,0,2,37,39
323.0,2017-03-09 13:40:00,0,0,0,2,37,39
323.0,2017-03-09 13:43:00,0,0,0,2,37,39
323.0,2017-03-09 13:46:00,0,0,0,2,37,39
323.0,2017-03-09 13:49:00,0,0,0,2,37,39
323.0,2017-03-09 13:52:00,0,0,0,2,37,39
323.0,2017-03-09 13:55:00,0,0,0,2,37,39
323.0,2017-03-09 13:58:00,0,1,1,3,36,39
323.0,2017-03-09 14:01:00,0,0,0,3,36,39
323.0,2017-03-09 14:04:00,0,0,0,3,36,39
323.0,2017-03-09 14:07:00,0,0,0,3,36,39
323.0,2017-03-09 14:10:00,2,0,-2,1,38,39
323.0,2017-03-09 14:13:00,0,0,0,1,38,39
323.0,2017-03-09 14:16:00,0,0,0,1,38,39
323.0,2017-03-09 14:19:00,1,1,0,1,38,39
323.0,2017-03-09 14:22:00,1,0,-1,0,39,39
323.0,2017-03-09 14:25:00,0,0,0,0,39,39
323.0,2017-03-09 14:28:00,0,0,0,0,39,39
323.0,2017-03-09 14:31:00,0,0,0,0,39,39
323.0,2017-03-09 14:34:00,0,0,0,0,39,39
323.0,2017-03-09 14:37:00,0,0,0,0,39,39
323.0,2017-03-09 14:40:00,0,0,0,0,39,39
323.0,2017-03-09 14:43:00,0,0,0,0,39,39
323.0,2017-03-09 14:46:00,0,0,0,0,39,39
323.0,2017-03-09 14:49:00,0,1,1,1,38,39
323.0,2017-03-09 14:52:00,0,0,0,1,38,39
323.0,2017-03-09 14:55:00,0,0,0,1,38,39
323.0,2017-03-09 14:58:00,0,0,0,1,38,39
323.0,2017-03-09 15:01:00,0,0,0,1,38,39
323.0,2017-03-09 15:04:00,0,0,0,1,38,39
323.0,2017-03-09 15:07:00,0,0,0,1,38,39
323.0,2017-03-09 15:10:00,0,0,0,1,38,39
323.0,2017-03-09 15:13:00,0,0,0,1,38,39
323.0,2017-03-09 15:16:00,0,0,0,1,38,39
323.0,2017-03-09 15:19:00,0,0,0,1,38,39
323.0,2017-03-09 15:22:00,0,0,0,1,38,39
323.0,2017-03-09 15:25:00,0,0,0,1,38,39
323.0,2017-03-09 15:28:00,0,0,0,1,38,39
323.0,2017-03-09 15:31:00,0,0,0,1,38,39
323.0,2017-03-09 15:34:00,0,0,0,1,38,39
323.0,2017-03-09 15:36:00,0,1,1,33,6,39
323.0,2017-03-09 15:39:00,0,0,0,33,6,39
323.0,2017-03-09 15:42:00,0,0,0,33,6,39
323.0,2017-03-09 15:45:00,0,1,1,34,5,39
323.0,2017-03-09 15:48:00,1,0,-1,33,6,39
323.0,2017-03-09 15:51:00,0,0,0,33,6,39
323.0,2017-03-09 15:54:00,1,0,-1,32,7,39
323.0,2017-03-09 15:57:00,0,0,0,32,7,39
323.0,2017-03-09 16:00:00,0,0,0,32,7,39
323.0,2017-03-09 16:03:00,0,0,0,32,7,39
323.0,2017-03-09 16:06:00,0,0,0,32,7,39
323.0,2017-03-09 16:09:00,1,0,-1,31,8,39
323.0,2017-03-09 16:12:00,0,0,0,31,8,39
323.0,2017-03-09 16:15:00,0,0,0,31,8,39
323.0,2017-03-09 16:18:00,1,0,-1,30,9,39
323.0,2017-03-09 16:21:00,0,0,0,30,9,39
323.0,2017-03-09 16:24:00,0,0,0,30,9,39
323.0,2017-03-09 16:27:00,0,0,0,30,9,39
323.0,2017-03-09 16:30:00,0,0,0,30,9,39
323.0,2017-03-09 16:33:00,1,0,-1,29,10,39
323.0,2017-03-09 16:36:00,0,0,0,29,10,39
323.0,2017-03-09 16:39:00,0,0,0,29,10,39
323.0,2017-03-09 16:42:00,1,0,-1,28,11,39
323.0,2017-03-09 16:45:00,0,0,0,28,11,39
323.0,2017-03-09 16:48:00,0,0,0,28,11,39
323.0,2017-03-09 16:51:00,0,0,0,28,11,39
323.0,2017-03-09 16:53:00,0,0,0,28,11,39
323.0,2017-03-09 16:56:00,0,0,0,28,11,39
323.0,2017-03-09 16:59:00,1,0,-1,27,12,39
323.0,2017-03-09 17:02:00,0,0,0,27,12,39
323.0,2017-03-09 17:05:00,0,0,0,27,12,39
323.0,2017-03-09 17:08:00,1,0,-1,26,13,39
323.0,2017-03-09 17:11:00,0,0,0,26,13,39
323.0,2017-03-09 17:14:00,0,0,0,26,13,39
323.0,2017-03-09 17:17:00,1,0,-1,25,14,39
323.0,2017-03-09 17:20:00,0,0,0,25,14,39
323.0,2017-03-09 17:23:00,2,0,-2,23,16,39
323.0,2017-03-09 17:26:00,1,0,-1,22,17,39
323.0,2017-03-09 17:29:00,0,0,0,22,17,39
323.0,2017-03-09 17:32:00,0,0,0,22,17,39
323.0,2017-03-09 17:35:00,0,0,0,22,17,39
323.0,2017-03-09 17:38:00,0,0,0,22,17,39
323.0,2017-03-09 17:41:00,0,1,1,23,16,39
323.0,2017-03-09 17:44:00,0,0,0,23,16,39
323.0,2017-03-09 17:47:00,0,1,1,24,15,39
323.0,2017-03-09 17:50:00,0,1,1,25,14,39
323.0,2017-03-09 17:53:00,0,0,0,25,14,39
323.0,2017-03-09 17:56:00,0,0,0,25,14,39
323.0,2017-03-09 17:59:00,1,2,1,26,13,39
323.0,2017-03-09 18:02:00,1,0,-1,25,14,39
323.0,2017-03-09 18:05:00,0,0,0,25,14,39
323.0,2017-03-09 18:08:00,0,0,0,25,14,39
323.0,2017-03-09 18:10:00,0,0,0,25,14,39
323.0,2017-03-09 18:13:00,0,0,0,25,14,39
323.0,2017-03-09 18:16:00,2,0,-2,23,16,39
323.0,2017-03-09 18:19:00,1,1,0,23,16,39
323.0,2017-03-09 18:22:00,1,0,-1,22,17,39
323.0,2017-03-09 18:25:00,0,0,0,22,17,39
323.0,2017-03-09 18:28:00,1,0,-1,21,18,39
323.0,2017-03-09 18:31:00,1,1,0,21,18,39
323.0,2017-03-09 18:34:00,1,0,-1,20,19,39
323.0,2017-03-09 18:37:00,0,1,1,21,18,39
323.0,2017-03-09 18:40:00,0,0,0,21,18,39
323.0,2017-03-09 18:43:00,0,0,0,21,18,39
323.0,2017-03-09 18:46:00,0,2,2,23,16,39
323.0,2017-03-09 18:47:00,0,2,2,23,16,39
323.0,2017-03-09 18:50:00,1,1,0,23,16,39
323.0,2017-03-09 18:53:00,0,0,0,23,16,39
323.0,2017-03-09 18:56:00,0,0,0,23,16,39
323.0,2017-03-09 18:59:00,1,0,-1,22,17,39
323.0,2017-03-09 19:02:00,0,0,0,22,17,39
323.0,2017-03-09 19:05:00,2,1,-1,21,18,39
323.0,2017-03-09 19:08:00,1,0,-1,20,19,39
323.0,2017-03-09 19:11:00,0,0,0,20,19,39
323.0,2017-03-09 19:14:00,0,0,0,20,19,39
323.0,2017-03-09 19:17:00,0,0,0,20,19,39
323.0,2017-03-09 19:20:00,2,0,-2,18,21,39
323.0,2017-03-09 19:23:00,1,0,-1,17,22,39
323.0,2017-03-09 19:26:00,0,0,0,17,22,39
323.0,2017-03-09 19:29:00,1,0,-1,16,23,39
323.0,2017-03-09 19:32:00,1,0,-1,15,24,39
323.0,2017-03-09 19:35:00,0,1,1,16,23,39
323.0,2017-03-09 19:38:00,0,0,0,16,23,39
323.0,2017-03-09 19:41:00,0,0,0,16,23,39
323.0,2017-03-09 19:44:00,0,0,0,16,23,39
323.0,2017-03-09 19:47:00,0,0,0,16,23,39
323.0,2017-03-09 19:50:00,0,0,0,16,23,39
323.0,2017-03-09 19:53:00,0,0,0,16,23,39
323.0,2017-03-09 19:56:00,0,0,0,16,23,39
323.0,2017-03-09 19:58:00,0,0,0,16,23,39
323.0,2017-03-09 20:01:00,0,0,0,16,23,39
323.0,2017-03-09 20:04:00,0,0,0,16,23,39
323.0,2017-03-09 20:07:00,0,0,0,16,23,39
323.0,2017-03-09 20:10:00,0,0,0,16,23,39
323.0,2017-03-09 20:13:00,0,0,0,16,23,39
323.0,2017-03-09 20:16:00,1,0,-1,15,24,39
323.0,2017-03-09 20:19:00,0,0,0,15,24,39
323.0,2017-03-09 20:22:00,1,0,-1,14,25,39
323.0,2017-03-09 20:25:00,0,0,0,14,25,39
323.0,2017-03-09 20:28:00,0,0,0,14,25,39
323.0,2017-03-09 20:31:00,0,0,0,14,25,39
323.0,2017-03-09 20:33:00,0,1,1,15,24,39
323.0,2017-03-09 20:36:00,0,0,0,15,24,39
323.0,2017-03-09 20:39:00,1,0,-1,14,25,39
323.0,2017-03-09 20:42:00,0,0,0,14,25,39
323.0,2017-03-09 20:45:00,0,0,0,14,25,39
323.0,2017-03-09 20:48:00,0,0,0,14,25,39
323.0,2017-03-09 20:51:00,0,0,0,14,25,39
323.0,2017-03-09 20:54:00,1,0,-1,13,26,39
323.0,2017-03-09 20:57:00,0,0,0,13,26,39
323.0,2017-03-09 21:00:00,2,1,-1,12,27,39
323.0,2017-03-09 21:03:00,2,0,-2,10,29,39
323.0,2017-03-09 21:06:00,0,0,0,10,29,39
323.0,2017-03-09 21:08:00,0,0,0,10,29,39
323.0,2017-03-09 21:11:00,1,1,0,10,29,39
323.0,2017-03-09 21:14:00,0,0,0,10,29,39
323.0,2017-03-09 21:17:00,0,0,0,10,29,39
323.0,2017-03-09 21:20:00,0,0,0,10,29,39
323.0,2017-03-09 21:23:00,0,0,0,10,29,39
323.0,2017-03-09 21:26:00,0,0,0,10,29,39
323.0,2017-03-09 21:29:00,0,0,0,10,29,39
323.0,2017-03-09 21:32:00,0,0,0,10,29,39
323.0,2017-03-09 21:35:00,0,0,0,10,29,39
323.0,2017-03-09 21:38:00,0,0,0,10,29,39
323.0,2017-03-09 21:41:00,0,0,0,10,29,39
323.0,2017-03-09 21:43:00,0,0,0,10,29,39
323.0,2017-03-09 21:46:00,0,0,0,10,29,39
323.0,2017-03-09 21:49:00,0,1,1,11,28,39
323.0,2017-03-09 21:52:00,0,0,0,11,28,39
323.0,2017-03-09 21:55:00,0,0,0,11,28,39
323.0,2017-03-09 21:58:00,0,0,0,11,28,39
323.0,2017-03-09 22:01:00,0,0,0,11,28,39
323.0,2017-03-09 22:04:00,0,0,0,11,28,39
323.0,2017-03-09 22:07:00,0,0,0,11,28,39
323.0,2017-03-09 22:10:00,0,0,0,11,28,39
323.0,2017-03-09 22:11:00,0,0,0,11,28,39
323.0,2017-03-09 22:14:00,0,0,0,11,28,39
323.0,2017-03-09 22:17:00,0,1,1,12,27,39
323.0,2017-03-09 22:20:00,0,0,0,12,27,39
323.0,2017-03-09 22:23:00,0,0,0,12,27,39
323.0,2017-03-09 22:26:00,0,0,0,12,27,39
323.0,2017-03-09 22:29:00,0,0,0,12,27,39
323.0,2017-03-09 22:32:00,0,0,0,12,27,39
323.0,2017-03-09 22:35:00,0,2,2,14,25,39
323.0,2017-03-09 22:38:00,0,0,0,14,25,39
323.0,2017-03-09 22:41:00,0,0,0,14,25,39
323.0,2017-03-09 22:44:00,0,0,0,14,25,39
323.0,2017-03-09 22:47:00,1,0,-1,13,26,39
323.0,2017-03-09 22:50:00,0,0,0,13,26,39
323.0,2017-03-09 22:51:00,0,0,0,13,26,39
323.0,2017-03-09 22:54:00,0,0,0,13,26,39
323.0,2017-03-09 22:57:00,0,0,0,13,26,39
323.0,2017-03-09 23:00:00,0,0,0,13,26,39
323.0,2017-03-09 23:03:00,0,0,0,13,26,39
323.0,2017-03-09 23:06:00,0,0,0,13,26,39
323.0,2017-03-09 23:09:00,0,0,0,13,26,39
323.0,2017-03-09 23:12:00,0,0,0,13,26,39
323.0,2017-03-09 23:15:00,0,0,0,13,26,39
323.0,2017-03-09 23:18:00,0,0,0,13,26,39
323.0,2017-03-09 23:21:00,0,0,0,13,26,39
323.0,2017-03-09 23:24:00,0,0,0,13,26,39
323.0,2017-03-09 23:25:00,0,0,0,13,26,39
323.0,2017-03-09 23:28:00,0,0,0,13,26,39
323.0,2017-03-09 23:31:00,0,0,0,13,26,39
323.0,2017-03-09 23:34:00,0,0,0,13,26,39
323.0,2017-03-09 23:37:00,0,0,0,13,26,39
323.0,2017-03-09 23:40:00,0,0,0,13,26,39
323.0,2017-03-09 23:43:00,0,0,0,13,26,39
323.0,2017-03-09 23:46:00,0,0,0,13,26,39
323.0,2017-03-09 23:49:00,0,0,0,13,26,39
323.0,2017-03-09 23:52:00,0,0,0,13,26,39
323.0,2017-03-09 23:55:00,0,0,0,13,26,39
323.0,2017-03-09 23:58:00,0,0,0,13,26,39
323.0,2017-03-09 23:59:00,0,0,0,13,26,39
323.0,2017-03-10 00:02:00,0,0,0,13,26,39
323.0,2017-03-10 00:05:00,0,0,0,13,26,39
323.0,2017-03-10 00:08:00,1,0,-1,12,27,39
323.0,2017-03-10 00:11:00,0,0,0,12,27,39
323.0,2017-03-10 00:14:00,0,0,0,12,27,39
323.0,2017-03-10 00:17:00,0,0,0,12,27,39
323.0,2017-03-10 00:20:00,0,0,0,12,27,39
323.0,2017-03-10 00:23:00,0,0,0,12,27,39
323.0,2017-03-10 00:26:00,1,0,-1,11,28,39
323.0,2017-03-10 00:29:00,0,0,0,11,28,39
323.0,2017-03-10 00:32:00,0,0,0,11,28,39
323.0,2017-03-10 00:35:00,0,0,0,11,28,39
323.0,2017-03-10 00:38:00,0,0,0,11,28,39
323.0,2017-03-10 00:41:00,0,0,0,11,28,39
323.0,2017-03-10 00:44:00,0,0,0,11,28,39
323.0,2017-03-10 00:47:00,0,0,0,11,28,39
323.0,2017-03-10 00:50:00,0,0,0,11,28,39
323.0,2017-03-10 00:53:00,0,0,0,11,28,39
323.0,2017-03-10 00:56:00,0,0,0,11,28,39
323.0,2017-03-10 00:59:00,0,0,0,11,28,39
323.0,2017-03-10 01:02:00,0,0,0,11,28,39
323.0,2017-03-10 01:05:00,0,0,0,11,28,39
323.0,2017-03-10 01:08:00,0,0,0,11,28,39
323.0,2017-03-10 01:09:00,0,0,0,11,28,39
323.0,2017-03-10 01:12:00,0,0,0,11,28,39
323.0,2017-03-10 01:15:00,0,0,0,11,28,39
323.0,2017-03-10 01:18:00,0,0,0,11,28,39
323.0,2017-03-10 01:21:00,0,0,0,11,28,39
323.0,2017-03-10 01:24:00,0,0,0,11,28,39
323.0,2017-03-10 01:27:00,0,0,0,11,28,39
323.0,2017-03-10 01:30:00,0,0,0,11,28,39
323.0,2017-03-10 01:33:00,0,0,0,11,28,39
323.0,2017-03-10 01:36:00,0,0,0,11,28,39
323.0,2017-03-10 01:39:00,0,0,0,11,28,39
323.0,2017-03-10 01:42:00,0,0,0,11,28,39
323.0,2017-03-10 01:45:00,0,0,0,11,28,39
323.0,2017-03-10 01:48:00,0,0,0,11,28,39
323.0,2017-03-10 01:49:00,0,0,0,11,28,39
323.0,2017-03-10 01:52:00,0,0,0,11,28,39
323.0,2017-03-10 01:55:00,0,0,0,11,28,39
323.0,2017-03-10 01:58:00,0,0,0,11,28,39
323.0,2017-03-10 02:01:00,0,0,0,11,28,39
323.0,2017-03-10 02:04:00,0,0,0,11,28,39
323.0,2017-03-10 02:07:00,0,0,0,11,28,39
323.0,2017-03-10 02:10:00,0,0,0,11,28,39
323.0,2017-03-10 02:13:00,0,0,0,11,28,39
323.0,2017-03-10 02:15:00,0,0,0,11,28,39
323.0,2017-03-10 02:18:00,0,0,0,11,28,39
323.0,2017-03-10 02:21:00,0,0,0,11,28,39
323.0,2017-03-10 02:24:00,0,0,0,11,28,39
323.0,2017-03-10 02:27:00,0,0,0,11,28,39
323.0,2017-03-10 02:30:00,0,0,0,11,28,39
323.0,2017-03-10 02:33:00,0,0,0,11,28,39
323.0,2017-03-10 02:36:00,0,0,0,11,28,39
323.0,2017-03-10 02:39:00,0,0,0,11,28,39
323.0,2017-03-10 02:42:00,0,0,0,11,28,39
323.0,2017-03-10 02:45:00,0,0,0,11,28,39
323.0,2017-03-10 02:48:00,0,0,0,11,28,39
323.0,2017-03-10 02:51:00,0,0,0,11,28,39
323.0,2017-03-10 02:54:00,0,0,0,11,28,39
323.0,2017-03-10 02:57:00,0,0,0,11,28,39
323.0,2017-03-10 03:00:00,0,0,0,11,28,39
323.0,2017-03-10 03:03:00,0,0,0,11,28,39
323.0,2017-03-10 03:06:00,0,0,0,11,28,39
323.0,2017-03-10 03:09:00,0,0,0,11,28,39
323.0,2017-03-10 03:12:00,0,0,0,11,28,39
323.0,2017-03-10 03:15:00,0,0,0,11,28,39
323.0,2017-03-10 03:17:00,0,0,0,11,28,39
323.0,2017-03-10 03:20:00,0,0,0,11,28,39
323.0,2017-03-10 03:23:00,0,0,0,11,28,39
323.0,2017-03-10 03:26:00,0,0,0,11,28,39
323.0,2017-03-10 03:29:00,0,0,0,11,28,39
323.0,2017-03-10 03:32:00,0,0,0,11,28,39
323.0,2017-03-10 03:35:00,0,0,0,11,28,39
323.0,2017-03-10 03:38:00,0,0,0,11,28,39
323.0,2017-03-10 03:41:00,0,0,0,11,28,39
323.0,2017-03-10 03:44:00,0,0,0,11,28,39
323.0,2017-03-10 03:47:00,0,0,0,11,28,39
323.0,2017-03-10 03:50:00,0,0,0,11,28,39
323.0,2017-03-10 03:53:00,0,0,0,11,28,39
323.0,2017-03-10 03:56:00,0,0,0,11,28,39
323.0,2017-03-10 03:59:00,0,0,0,11,28,39
323.0,2017-03-10 04:02:00,0,0,0,11,28,39
323.0,2017-03-10 04:05:00,0,0,0,11,28,39
323.0,2017-03-10 04:08:00,0,0,0,11,28,39
323.0,2017-03-10 04:11:00,0,0,0,11,28,39
323.0,2017-03-10 04:14:00,0,0,0,11,28,39
323.0,2017-03-10 04:17:00,0,0,0,11,28,39
323.0,2017-03-10 04:20:00,0,0,0,11,28,39
323.0,2017-03-10 04:23:00,0,0,0,11,28,39
323.0,2017-03-10 04:26:00,0,0,0,11,28,39
323.0,2017-03-10 04:29:00,0,0,0,11,28,39
323.0,2017-03-10 04:32:00,0,0,0,11,28,39
323.0,2017-03-10 04:35:00,0,0,0,11,28,39
323.0,2017-03-10 04:38:00,0,0,0,11,28,39
323.0,2017-03-10 04:41:00,0,0,0,11,28,39
323.0,2017-03-10 04:44:00,0,0,0,11,28,39
323.0,2017-03-10 04:47:00,0,0,0,11,28,39
323.0,2017-03-10 04:50:00,0,0,0,11,28,39
323.0,2017-03-10 04:53:00,0,0,0,11,28,39
323.0,2017-03-10 04:56:00,0,0,0,11,28,39
323.0,2017-03-10 04:59:00,0,0,0,11,28,39
323.0,2017-03-10 05:02:00,0,0,0,11,28,39
323.0,2017-03-10 05:03:00,0,0,0,11,28,39
323.0,2017-03-10 05:06:00,0,0,0,11,28,39
323.0,2017-03-10 05:09:00,0,0,0,11,28,39
323.0,2017-03-10 05:12:00,0,0,0,11,28,39
323.0,2017-03-10 05:15:00,0,0,0,11,28,39
323.0,2017-03-10 05:18:00,0,0,0,11,28,39
323.0,2017-03-10 05:21:00,0,0,0,11,28,39
323.0,2017-03-10 05:24:00,0,0,0,11,28,39
323.0,2017-03-10 05:27:00,0,0,0,11,28,39
323.0,2017-03-10 05:30:00,0,0,0,11,28,39
323.0,2017-03-10 05:33:00,0,0,0,11,28,39
323.0,2017-03-10 05:36:00,0,0,0,11,28,39
323.0,2017-03-10 05:37:00,0,0,0,11,28,39
323.0,2017-03-10 05:40:00,0,0,0,11,28,39
323.0,2017-03-10 05:43:00,0,0,0,11,28,39
323.0,2017-03-10 05:46:00,0,0,0,11,28,39
323.0,2017-03-10 05:49:00,0,0,0,11,28,39
323.0,2017-03-10 05:52:00,0,0,0,11,28,39
323.0,2017-03-10 05:55:00,0,0,0,11,28,39
323.0,2017-03-10 05:58:00,0,0,0,11,28,39
323.0,2017-03-10 06:01:00,0,0,0,11,28,39
323.0,2017-03-10 06:04:00,0,0,0,11,28,39
323.0,2017-03-10 06:07:00,0,0,0,11,28,39
323.0,2017-03-10 06:10:00,0,0,0,11,28,39
323.0,2017-03-10 06:13:00,0,0,0,11,28,39
323.0,2017-03-10 06:16:00,0,0,0,11,28,39
323.0,2017-03-10 06:19:00,0,0,0,11,28,39
323.0,2017-03-10 06:22:00,0,0,0,11,28,39
323.0,2017-03-10 06:25:00,0,1,1,12,27,39
323.0,2017-03-10 06:28:00,0,0,0,12,27,39
323.0,2017-03-10 06:31:00,0,0,0,12,27,39
323.0,2017-03-10 06:34:00,0,0,0,12,27,39
323.0,2017-03-10 06:37:00,0,0,0,12,27,39
323.0,2017-03-10 06:40:00,0,0,0,12,27,39
323.0,2017-03-10 06:43:00,0,0,0,12,27,39
323.0,2017-03-10 06:46:00,0,1,1,13,26,39
323.0,2017-03-10 06:49:00,0,0,0,13,26,39
323.0,2017-03-10 06:50:00,0,0,0,13,26,39
323.0,2017-03-10 06:53:00,0,0,0,13,26,39
323.0,2017-03-10 06:56:00,0,0,0,13,26,39
323.0,2017-03-10 06:59:00,0,0,0,13,26,39
323.0,2017-03-10 07:02:00,0,0,0,13,26,39
323.0,2017-03-10 07:05:00,0,0,0,13,26,39
323.0,2017-03-10 07:08:00,0,0,0,13,26,39
323.0,2017-03-10 07:11:00,0,0,0,13,26,39
323.0,2017-03-10 07:14:00,0,0,0,13,26,39
323.0,2017-03-10 07:17:00,0,0,0,13,26,39
323.0,2017-03-10 07:20:00,0,0,0,13,26,39
323.0,2017-03-10 07:23:00,0,0,0,13,26,39
323.0,2017-03-10 07:26:00,0,0,0,13,26,39
323.0,2017-03-10 07:29:00,0,0,0,13,26,39
323.0,2017-03-10 07:32:00,0,1,1,14,25,39
323.0,2017-03-10 07:35:00,0,0,0,14,25,39
323.0,2017-03-10 07:38:00,0,0,0,14,25,39
323.0,2017-03-10 07:41:00,1,0,-1,13,26,39
323.0,2017-03-10 07:44:00,0,0,0,13,26,39
323.0,2017-03-10 07:47:00,0,2,2,15,24,39
323.0,2017-03-10 07:50:00,0,1,1,16,23,39
323.0,2017-03-10 07:53:00,0,0,0,16,23,39
323.0,2017-03-10 07:56:00,0,0,0,16,23,39
323.0,2017-03-10 07:59:00,0,0,0,16,23,39
323.0,2017-03-10 08:02:00,0,0,0,16,23,39
323.0,2017-03-10 08:05:00,0,0,0,16,23,39
323.0,2017-03-10 08:06:00,0,0,0,16,23,39
323.0,2017-03-10 08:09:00,0,0,0,16,23,39
323.0,2017-03-10 08:12:00,0,0,0,16,23,39
323.0,2017-03-10 08:15:00,1,0,-1,15,24,39
323.0,2017-03-10 08:18:00,0,0,0,15,24,39
323.0,2017-03-10 08:21:00,0,1,1,16,23,39
323.0,2017-03-10 08:24:00,0,0,0,16,23,39
323.0,2017-03-10 08:27:00,0,1,1,17,22,39
323.0,2017-03-10 08:30:00,0,1,1,18,21,39
323.0,2017-03-10 08:33:00,0,0,0,18,21,39
323.0,2017-03-10 08:36:00,0,1,1,19,20,39
323.0,2017-03-10 08:39:00,0,1,1,20,19,39
323.0,2017-03-10 08:42:00,0,0,0,20,19,39
323.0,2017-03-10 08:43:00,0,0,0,20,19,39
323.0,2017-03-10 08:46:00,0,0,0,20,19,39
323.0,2017-03-10 08:49:00,0,0,0,20,19,39
323.0,2017-03-10 08:52:00,0,0,0,20,19,39
323.0,2017-03-10 08:55:00,0,1,1,21,18,39
323.0,2017-03-10 08:58:00,0,0,0,21,18,39
323.0,2017-03-10 09:01:00,0,0,0,21,18,39
323.0,2017-03-10 09:04:00,1,0,-1,20,19,39
323.0,2017-03-10 09:07:00,0,0,0,20,19,39
323.0,2017-03-10 09:10:00,0,0,0,20,19,39
323.0,2017-03-10 09:13:00,0,0,0,20,19,39
323.0,2017-03-10 09:16:00,0,0,0,20,19,39
323.0,2017-03-10 09:19:00,0,0,0,20,19,39
323.0,2017-03-10 09:20:00,0,0,0,20,19,39
323.0,2017-03-10 09:23:00,0,0,0,20,19,39
323.0,2017-03-10 09:26:00,0,0,0,20,19,39
323.0,2017-03-10 09:29:00,0,0,0,20,19,39
323.0,2017-03-10 09:32:00,0,0,0,20,19,39
323.0,2017-03-10 09:35:00,0,0,0,20,19,39
323.0,2017-03-10 09:38:00,0,1,1,21,18,39
323.0,2017-03-10 09:41:00,0,0,0,21,18,39
323.0,2017-03-10 09:44:00,0,0,0,21,18,39
323.0,2017-03-10 09:47:00,0,0,0,21,18,39
323.0,2017-03-10 09:50:00,0,0,0,21,18,39
323.0,2017-03-10 09:53:00,0,0,0,21,18,39
323.0,2017-03-10 09:56:00,0,0,0,21,18,39
323.0,2017-03-10 09:59:00,0,0,0,21,18,39
323.0,2017-03-10 10:02:00,0,0,0,21,18,39
323.0,2017-03-10 10:05:00,0,1,1,22,17,39
323.0,2017-03-10 10:08:00,0,0,0,22,17,39
323.0,2017-03-10 10:11:00,0,0,0,22,17,39
323.0,2017-03-10 10:14:00,0,0,0,22,17,39
323.0,2017-03-10 10:17:00,0,0,0,22,17,39
323.0,2017-03-10 10:20:00,0,1,1,23,16,39
323.0,2017-03-10 10:23:00,0,0,0,23,16,39
323.0,2017-03-10 10:26:00,0,0,0,23,16,39
323.0,2017-03-10 10:29:00,0,0,0,23,16,39
323.0,2017-03-10 10:32:00,0,0,0,23,16,39
323.0,2017-03-10 10:35:00,0,0,0,23,16,39
323.0,2017-03-10 10:38:00,0,0,0,23,16,39
323.0,2017-03-10 10:41:00,0,1,1,24,15,39
323.0,2017-03-10 10:44:00,0,0,0,24,15,39
323.0,2017-03-10 10:47:00,0,0,0,24,15,39
323.0,2017-03-10 10:50:00,0,0,0,24,15,39
323.0,2017-03-10 10:53:00,0,0,0,24,15,39
323.0,2017-03-10 10:56:00,0,0,0,24,15,39
323.0,2017-03-10 10:59:00,0,0,0,24,15,39
323.0,2017-03-10 11:02:00,0,0,0,24,15,39
323.0,2017-03-10 11:05:00,0,0,0,24,15,39
323.0,2017-03-10 11:08:00,0,0,0,24,15,39
323.0,2017-03-10 11:09:00,0,0,0,24,15,39
323.0,2017-03-10 11:12:00,0,0,0,24,15,39
323.0,2017-03-10 11:15:00,0,0,0,24,15,39
323.0,2017-03-10 11:18:00,0,0,0,24,15,39
323.0,2017-03-10 11:21:00,0,0,0,24,15,39
323.0,2017-03-10 11:24:00,0,0,0,24,15,39
323.0,2017-03-10 11:27:00,0,0,0,24,15,39
323.0,2017-03-10 11:30:00,0,0,0,24,15,39
323.0,2017-03-10 11:33:00,0,0,0,24,15,39
323.0,2017-03-10 11:36:00,0,0,0,24,15,39
323.0,2017-03-10 11:39:00,0,0,0,24,15,39
323.0,2017-03-10 11:42:00,0,0,0,24,15,39
323.0,2017-03-10 11:45:00,0,0,0,24,15,39
323.0,2017-03-10 11:48:00,0,0,0,24,15,39
323.0,2017-03-10 11:51:00,0,0,0,24,15,39
323.0,2017-03-10 11:54:00,0,0,0,24,15,39
323.0,2017-03-10 11:57:00,0,0,0,24,15,39
323.0,2017-03-10 12:00:00,0,0,0,24,15,39
323.0,2017-03-10 12:03:00,0,0,0,24,15,39
323.0,2017-03-10 12:06:00,0,0,0,24,15,39
323.0,2017-03-10 12:09:00,0,0,0,24,15,39
323.0,2017-03-10 12:12:00,0,0,0,24,15,39
323.0,2017-03-10 12:15:00,0,0,0,24,15,39
323.0,2017-03-10 12:18:00,0,0,0,24,15,39
323.0,2017-03-10 12:21:00,0,0,0,24,15,39
323.0,2017-03-10 12:24:00,0,0,0,24,15,39
323.0,2017-03-10 12:27:00,0,0,0,24,15,39
323.0,2017-03-10 12:30:00,0,0,0,24,15,39
323.0,2017-03-10 12:33:00,2,0,-2,9,30,39
323.0,2017-03-10 12:36:00,0,0,0,9,30,39
323.0,2017-03-10 12:39:00,0,0,0,9,30,39
323.0,2017-03-10 12:42:00,0,0,0,9,30,39
323.0,2017-03-10 12:45:00,0,0,0,9,30,39
323.0,2017-03-10 12:48:00,0,0,0,9,30,39
323.0,2017-03-10 12:51:00,0,0,0,9,30,39
323.0,2017-03-10 12:54:00,0,0,0,9,30,39
323.0,2017-03-10 12:57:00,0,0,0,9,30,39
323.0,2017-03-10 13:00:00,0,1,1,10,29,39
323.0,2017-03-10 13:03:00,0,0,0,10,29,39
323.0,2017-03-10 13:06:00,0,0,0,10,29,39
323.0,2017-03-10 13:09:00,0,0,0,10,29,39
323.0,2017-03-10 13:12:00,0,1,1,11,28,39
323.0,2017-03-10 13:15:00,0,0,0,11,28,39
323.0,2017-03-10 13:18:00,1,0,-1,10,29,39
323.0,2017-03-10 13:21:00,0,0,0,10,29,39
323.0,2017-03-10 13:24:00,0,0,0,10,29,39
323.0,2017-03-10 13:27:00,0,0,0,10,29,39
323.0,2017-03-10 13:30:00,0,0,0,10,29,39
323.0,2017-03-10 13:33:00,0,0,0,10,29,39
323.0,2017-03-10 13:34:00,0,0,0,23,16,39
323.0,2017-03-10 13:37:00,1,0,-1,22,17,39
323.0,2017-03-10 13:40:00,0,0,0,22,17,39
323.0,2017-03-10 13:43:00,0,0,0,22,17,39
323.0,2017-03-10 13:46:00,0,0,0,22,17,39
323.0,2017-03-10 13:49:00,1,0,-1,21,18,39
323.0,2017-03-10 13:52:00,0,0,0,21,18,39
323.0,2017-03-10 13:55:00,0,0,0,21,18,39
323.0,2017-03-10 13:58:00,0,0,0,21,18,39
323.0,2017-03-10 14:01:00,1,0,-1,20,19,39
323.0,2017-03-10 14:04:00,0,0,0,20,19,39
323.0,2017-03-10 14:07:00,0,0,0,20,19,39
323.0,2017-03-10 14:10:00,0,0,0,20,19,39
323.0,2017-03-10 14:11:00,0,0,0,20,19,39
323.0,2017-03-10 14:14:00,0,0,0,20,19,39
323.0,2017-03-10 14:17:00,0,0,0,20,19,39
323.0,2017-03-10 14:20:00,1,0,-1,19,20,39
323.0,2017-03-10 14:23:00,0,0,0,19,20,39
323.0,2017-03-10 14:26:00,0,0,0,19,20,39
323.0,2017-03-10 14:29:00,0,1,1,20,19,39
323.0,2017-03-10 14:32:00,0,0,0,20,19,39
323.0,2017-03-10 14:35:00,0,0,0,20,19,39
323.0,2017-03-10 14:38:00,0,0,0,20,19,39
323.0,2017-03-10 14:41:00,0,0,0,20,19,39
323.0,2017-03-10 14:44:00,0,1,1,21,18,39
323.0,2017-03-10 14:47:00,1,0,-1,20,19,39
323.0,2017-03-10 14:49:00,0,0,0,20,19,39
323.0,2017-03-10 14:52:00,0,0,0,20,19,39
323.0,2017-03-10 14:55:00,0,1,1,21,18,39
323.0,2017-03-10 14:58:00,0,0,0,21,18,39
323.0,2017-03-10 15:01:00,0,0,0,21,18,39
323.0,2017-03-10 15:04:00,0,0,0,21,18,39
323.0,2017-03-10 15:07:00,0,0,0,21,18,39
323.0,2017-03-10 15:10:00,0,0,0,21,18,39
323.0,2017-03-10 15:13:00,0,0,0,21,18,39
323.0,2017-03-10 15:16:00,0,0,0,21,18,39
323.0,2017-03-10 15:19:00,0,0,0,21,18,39
323.0,2017-03-10 15:22:00,0,0,0,21,18,39
323.0,2017-03-10 15:25:00,0,0,0,21,18,39
323.0,2017-03-10 15:26:00,0,0,0,22,17,39
323.0,2017-03-10 15:29:00,0,0,0,22,17,39
323.0,2017-03-10 15:32:00,1,0,-1,21,18,39
323.0,2017-03-10 15:35:00,0,0,0,21,18,39
323.0,2017-03-10 15:38:00,0,0,0,21,18,39
323.0,2017-03-10 15:41:00,0,0,0,21,18,39
323.0,2017-03-10 15:44:00,0,0,0,21,18,39
323.0,2017-03-10 15:47:00,0,0,0,21,18,39
323.0,2017-03-10 15:50:00,0,0,0,21,18,39
323.0,2017-03-10 15:53:00,0,0,0,21,18,39
323.0,2017-03-10 15:56:00,0,0,0,21,18,39
323.0,2017-03-10 15:59:00,0,0,0,21,18,39
323.0,2017-03-10 16:02:00,0,0,0,21,18,39
323.0,2017-03-10 16:04:00,0,0,0,20,19,39
323.0,2017-03-10 16:07:00,0,0,0,20,19,39
323.0,2017-03-10 16:10:00,0,1,1,21,18,39
323.0,2017-03-10 16:13:00,0,0,0,21,18,39
323.0,2017-03-10 16:16:00,1,1,0,21,18,39
323.0,2017-03-10 16:19:00,0,0,0,21,18,39
323.0,2017-03-10 16:22:00,0,0,0,21,18,39
323.0,2017-03-10 16:25:00,1,0,-1,20,19,39
323.0,2017-03-10 16:28:00,0,1,1,21,18,39
323.0,2017-03-10 16:31:00,0,0,0,21,18,39
323.0,2017-03-10 16:34:00,0,0,0,21,18,39
323.0,2017-03-10 16:37:00,0,0,0,21,18,39
323.0,2017-03-10 16:40:00,0,0,0,21,18,39
323.0,2017-03-10 16:43:00,1,0,-1,20,19,39
323.0,2017-03-10 16:44:00,1,0,-1,20,19,39
323.0,2017-03-10 16:47:00,0,0,0,20,19,39
323.0,2017-03-10 16:50:00,0,0,0,20,19,39
323.0,2017-03-10 16:53:00,0,0,0,20,19,39
323.0,2017-03-10 16:56:00,0,0,0,20,19,39
323.0,2017-03-10 16:59:00,0,0,0,20,19,39
323.0,2017-03-10 17:02:00,1,0,-1,19,20,39
323.0,2017-03-10 17:05:00,0,0,0,19,20,39
323.0,2017-03-10 17:08:00,0,0,0,19,20,39
323.0,2017-03-10 17:11:00,1,0,-1,18,21,39
323.0,2017-03-10 17:14:00,0,0,0,18,21,39
323.0,2017-03-10 17:17:00,0,0,0,18,21,39
323.0,2017-03-10 17:20:00,0,0,0,18,21,39
323.0,2017-03-10 17:22:00,0,0,0,18,21,39
323.0,2017-03-10 17:25:00,1,0,-1,17,22,39
323.0,2017-03-10 17:28:00,0,0,0,17,22,39
323.0,2017-03-10 17:31:00,0,0,0,17,22,39
323.0,2017-03-10 17:34:00,0,0,0,17,22,39
323.0,2017-03-10 17:37:00,0,0,0,17,22,39
323.0,2017-03-10 17:40:00,0,0,0,17,22,39
323.0,2017-03-10 17:43:00,1,0,-1,16,23,39
323.0,2017-03-10 17:46:00,1,0,-1,15,24,39
323.0,2017-03-10 17:49:00,0,0,0,15,24,39
323.0,2017-03-10 17:52:00,0,0,0,15,24,39
323.0,2017-03-10 17:55:00,0,1,1,16,23,39
323.0,2017-03-10 17:58:00,1,0,-1,15,24,39
323.0,2017-03-10 17:59:00,0,0,0,15,24,39
323.0,2017-03-10 18:02:00,0,0,0,15,24,39
323.0,2017-03-10 18:05:00,0,0,0,15,24,39
323.0,2017-03-10 18:08:00,0,0,0,15,24,39
323.0,2017-03-10 18:11:00,0,0,0,15,24,39
323.0,2017-03-10 18:14:00,0,0,0,15,24,39
323.0,2017-03-10 18:17:00,0,0,0,15,24,39
323.0,2017-03-10 18:20:00,0,0,0,15,24,39
323.0,2017-03-10 18:23:00,1,0,-1,14,25,39
323.0,2017-03-10 18:26:00,0,0,0,14,25,39
323.0,2017-03-10 18:29:00,0,0,0,14,25,39
323.0,2017-03-10 18:32:00,1,0,-1,13,26,39
323.0,2017-03-10 18:35:00,2,0,-2,11,28,39
323.0,2017-03-10 18:37:00,2,0,-2,10,29,39
323.0,2017-03-10 18:40:00,0,0,0,10,29,39
323.0,2017-03-10 18:43:00,2,0,-2,8,31,39
323.0,2017-03-10 18:46:00,0,0,0,8,31,39
323.0,2017-03-10 18:49:00,1,0,-1,7,32,39
323.0,2017-03-10 18:52:00,0,0,0,7,32,39
323.0,2017-03-10 18:55:00,0,0,0,7,32,39
323.0,2017-03-10 18:58:00,0,0,0,7,32,39
323.0,2017-03-10 19:01:00,0,0,0,7,32,39
323.0,2017-03-10 19:04:00,0,0,0,7,32,39
323.0,2017-03-10 19:07:00,1,0,-1,6,33,39
323.0,2017-03-10 19:10:00,0,0,0,6,33,39
323.0,2017-03-10 19:13:00,0,0,0,6,33,39
323.0,2017-03-10 19:15:00,0,0,0,6,33,39
323.0,2017-03-10 19:18:00,0,0,0,6,33,39
323.0,2017-03-10 19:21:00,0,0,0,6,33,39
323.0,2017-03-10 19:24:00,0,0,0,6,33,39
323.0,2017-03-10 19:27:00,1,0,-1,5,34,39
323.0,2017-03-10 19:30:00,0,0,0,5,34,39
323.0,2017-03-10 19:33:00,0,0,0,5,34,39
323.0,2017-03-10 19:36:00,0,0,0,5,34,39
323.0,2017-03-10 19:39:00,0,0,0,5,34,39
323.0,2017-03-10 19:42:00,0,0,0,5,34,39
323.0,2017-03-10 19:45:00,1,1,0,5,34,39
323.0,2017-03-10 19:48:00,0,0,0,5,34,39
323.0,2017-03-10 19:51:00,0,0,0,5,34,39
323.0,2017-03-10 19:54:00,0,0,0,5,34,39
323.0,2017-03-10 19:57:00,0,0,0,5,34,39
323.0,2017-03-10 20:00:00,0,0,0,5,34,39
323.0,2017-03-10 20:03:00,0,0,0,5,34,39
323.0,2017-03-10 20:06:00,0,0,0,5,34,39
323.0,2017-03-10 20:09:00,0,0,0,5,34,39
323.0,2017-03-10 20:12:00,1,0,-1,4,35,39
323.0,2017-03-10 20:15:00,0,0,0,4,35,39
323.0,2017-03-10 20:18:00,0,0,0,4,35,39
323.0,2017-03-10 20:21:00,0,0,0,4,35,39
323.0,2017-03-10 20:24:00,0,0,0,4,35,39
323.0,2017-03-10 20:27:00,0,1,1,5,34,39
323.0,2017-03-10 20:30:00,1,0,-1,4,35,39
323.0,2017-03-10 20:33:00,0,0,0,4,35,39
323.0,2017-03-10 20:36:00,0,0,0,4,35,39
323.0,2017-03-10 20:39:00,0,0,0,4,35,39
323.0,2017-03-10 20:42:00,0,0,0,4,35,39
323.0,2017-03-10 20:45:00,0,0,0,4,35,39
323.0,2017-03-10 20:48:00,0,0,0,4,35,39
323.0,2017-03-10 20:51:00,0,0,0,4,35,39
323.0,2017-03-10 20:54:00,0,0,0,4,35,39
323.0,2017-03-10 20:57:00,0,0,0,4,35,39
323.0,2017-03-10 21:00:00,0,0,0,4,35,39
323.0,2017-03-10 21:01:00,0,0,0,4,35,39
323.0,2017-03-10 21:04:00,0,0,0,4,35,39
323.0,2017-03-10 21:07:00,0,0,0,4,35,39
323.0,2017-03-10 21:10:00,0,0,0,4,35,39
323.0,2017-03-10 21:13:00,0,0,0,4,35,39
323.0,2017-03-10 21:16:00,0,0,0,4,35,39
323.0,2017-03-10 21:19:00,0,0,0,4,35,39
323.0,2017-03-10 21:22:00,0,0,0,4,35,39
323.0,2017-03-10 21:25:00,0,0,0,4,35,39
323.0,2017-03-10 21:28:00,1,0,-1,3,36,39
323.0,2017-03-10 21:31:00,0,0,0,3,36,39
323.0,2017-03-10 21:34:00,1,0,-1,2,37,39
323.0,2017-03-10 21:35:00,1,0,-1,3,36,39
323.0,2017-03-10 21:38:00,0,0,0,3,36,39
323.0,2017-03-10 21:41:00,1,0,-1,2,37,39
323.0,2017-03-10 21:44:00,0,0,0,2,37,39
323.0,2017-03-10 21:47:00,0,0,0,2,37,39
323.0,2017-03-10 21:50:00,0,0,0,2,37,39
323.0,2017-03-10 21:53:00,0,0,0,2,37,39
323.0,2017-03-10 21:56:00,0,0,0,2,37,39
323.0,2017-03-10 21:59:00,0,0,0,2,37,39
323.0,2017-03-10 22:02:00,0,0,0,2,37,39
323.0,2017-03-10 22:05:00,0,0,0,2,37,39
323.0,2017-03-10 22:08:00,0,0,0,2,37,39
323.0,2017-03-10 22:11:00,0,0,0,2,37,39
323.0,2017-03-10 22:12:00,0,0,0,2,37,39
323.0,2017-03-10 22:15:00,0,0,0,2,37,39
323.0,2017-03-10 22:18:00,0,0,0,2,37,39
323.0,2017-03-10 22:21:00,0,0,0,2,37,39
323.0,2017-03-10 22:24:00,0,0,0,2,37,39
323.0,2017-03-10 22:27:00,0,0,0,2,37,39
323.0,2017-03-10 22:30:00,0,0,0,2,37,39
323.0,2017-03-10 22:33:00,0,0,0,2,37,39
323.0,2017-03-10 22:36:00,0,0,0,2,37,39
323.0,2017-03-10 22:39:00,0,0,0,2,37,39
323.0,2017-03-10 22:42:00,0,0,0,2,37,39
323.0,2017-03-10 22:45:00,0,0,0,2,37,39
323.0,2017-03-10 22:48:00,0,0,0,2,37,39
323.0,2017-03-10 22:50:00,0,0,0,2,37,39
323.0,2017-03-10 22:53:00,0,0,0,2,37,39
323.0,2017-03-10 22:56:00,0,0,0,2,37,39
323.0,2017-03-10 22:59:00,0,0,0,2,37,39
323.0,2017-03-10 23:02:00,0,0,0,2,37,39
323.0,2017-03-10 23:05:00,0,0,0,2,37,39
323.0,2017-03-10 23:08:00,0,0,0,2,37,39
323.0,2017-03-10 23:11:00,0,0,0,2,37,39
323.0,2017-03-10 23:14:00,0,0,0,2,37,39
323.0,2017-03-10 23:17:00,0,0,0,2,37,39
323.0,2017-03-10 23:20:00,0,0,0,2,37,39
323.0,2017-03-10 23:21:00,0,0,0,2,37,39
323.0,2017-03-10 23:24:00,0,0,0,2,37,39
323.0,2017-03-10 23:27:00,0,0,0,2,37,39
323.0,2017-03-10 23:30:00,0,0,0,2,37,39
323.0,2017-03-10 23:33:00,0,0,0,2,37,39
323.0,2017-03-10 23:36:00,0,0,0,2,37,39
323.0,2017-03-10 23:39:00,0,0,0,2,37,39
323.0,2017-03-10 23:42:00,0,0,0,2,37,39
323.0,2017-03-10 23:45:00,0,0,0,2,37,39
323.0,2017-03-10 23:48:00,0,0,0,2,37,39
323.0,2017-03-10 23:51:00,0,0,0,2,37,39
323.0,2017-03-10 23:54:00,0,0,0,2,37,39
323.0,2017-03-10 23:57:00,0,0,0,2,37,39
323.0,2017-03-11 00:00:00,0,0,0,2,37,39
323.0,2017-03-11 00:03:00,0,1,1,3,36,39
323.0,2017-03-11 00:06:00,0,0,0,3,36,39
323.0,2017-03-11 00:09:00,0,0,0,3,36,39
323.0,2017-03-11 00:12:00,0,0,0,3,36,39
323.0,2017-03-11 00:15:00,0,0,0,3,36,39
323.0,2017-03-11 00:18:00,0,0,0,3,36,39
323.0,2017-03-11 00:20:00,0,0,0,24,15,39
323.0,2017-03-11 00:23:00,0,0,0,24,15,39
323.0,2017-03-11 00:26:00,0,0,0,24,15,39
323.0,2017-03-11 00:29:00,0,0,0,24,15,39
323.0,2017-03-11 00:32:00,0,0,0,24,15,39
323.0,2017-03-11 00:35:00,0,0,0,24,15,39
323.0,2017-03-11 00:38:00,0,0,0,24,15,39
323.0,2017-03-11 00:41:00,0,0,0,24,15,39
323.0,2017-03-11 00:44:00,0,0,0,24,15,39
323.0,2017-03-11 00:47:00,0,0,0,24,15,39
323.0,2017-03-11 00:50:00,0,0,0,24,15,39
323.0,2017-03-11 00:53:00,0,0,0,24,15,39
323.0,2017-03-11 00:56:00,0,0,0,24,15,39
323.0,2017-03-11 00:57:00,0,0,0,22,17,39
323.0,2017-03-11 01:00:00,0,0,0,22,17,39
323.0,2017-03-11 01:03:00,0,0,0,22,17,39
323.0,2017-03-11 01:06:00,0,0,0,22,17,39
323.0,2017-03-11 01:09:00,0,0,0,22,17,39
323.0,2017-03-11 01:12:00,0,0,0,22,17,39
323.0,2017-03-11 01:15:00,0,0,0,22,17,39
323.0,2017-03-11 01:18:00,0,0,0,22,17,39
323.0,2017-03-11 01:21:00,0,0,0,22,17,39
323.0,2017-03-11 01:24:00,0,0,0,22,17,39
323.0,2017-03-11 01:25:00,0,0,0,3,36,39
323.0,2017-03-11 01:28:00,0,0,0,3,36,39
323.0,2017-03-11 01:31:00,0,1,1,4,35,39
323.0,2017-03-11 01:34:00,0,0,0,4,35,39
323.0,2017-03-11 01:37:00,0,0,0,4,35,39
323.0,2017-03-11 01:40:00,0,0,0,4,35,39
323.0,2017-03-11 01:43:00,0,0,0,4,35,39
323.0,2017-03-11 01:46:00,0,0,0,4,35,39
323.0,2017-03-11 01:49:00,0,0,0,4,35,39
323.0,2017-03-11 01:52:00,0,0,0,4,35,39
323.0,2017-03-11 01:55:00,0,0,0,4,35,39
323.0,2017-03-11 01:58:00,0,0,0,4,35,39
323.0,2017-03-11 02:01:00,0,0,0,4,35,39
323.0,2017-03-11 02:03:00,0,0,0,4,35,39
323.0,2017-03-11 02:06:00,0,0,0,4,35,39
323.0,2017-03-11 02:09:00,0,0,0,4,35,39
323.0,2017-03-11 02:12:00,0,0,0,4,35,39
323.0,2017-03-11 02:15:00,0,0,0,4,35,39
323.0,2017-03-11 02:18:00,0,0,0,4,35,39
323.0,2017-03-11 02:21:00,0,0,0,4,35,39
323.0,2017-03-11 02:24:00,0,0,0,4,35,39
323.0,2017-03-11 02:27:00,0,0,0,4,35,39
323.0,2017-03-11 02:30:00,0,0,0,4,35,39
323.0,2017-03-11 02:33:00,1,0,-1,3,36,39
323.0,2017-03-11 02:36:00,0,0,0,3,36,39
323.0,2017-03-11 02:39:00,0,0,0,3,36,39
323.0,2017-03-11 02:42:00,0,0,0,3,36,39
323.0,2017-03-11 02:45:00,0,0,0,3,36,39
323.0,2017-03-11 02:48:00,0,0,0,3,36,39
323.0,2017-03-11 02:51:00,0,0,0,3,36,39
323.0,2017-03-11 02:54:00,0,0,0,3,36,39
323.0,2017-03-11 02:57:00,0,0,0,3,36,39
323.0,2017-03-11 03:00:00,0,0,0,3,36,39
323.0,2017-03-11 03:03:00,0,0,0,3,36,39
323.0,2017-03-11 03:06:00,0,0,0,3,36,39
323.0,2017-03-11 03:09:00,0,0,0,3,36,39
323.0,2017-03-11 03:12:00,0,0,0,3,36,39
323.0,2017-03-11 03:15:00,0,0,0,3,36,39
323.0,2017-03-11 03:16:00,0,0,0,3,36,39
323.0,2017-03-11 03:19:00,0,0,0,3,36,39
323.0,2017-03-11 03:22:00,0,0,0,3,36,39
323.0,2017-03-11 03:25:00,0,0,0,3,36,39
323.0,2017-03-11 03:28:00,0,0,0,3,36,39
323.0,2017-03-11 03:31:00,0,0,0,3,36,39
323.0,2017-03-11 03:34:00,0,0,0,3,36,39
323.0,2017-03-11 03:37:00,0,0,0,3,36,39
323.0,2017-03-11 03:40:00,0,0,0,3,36,39
323.0,2017-03-11 03:43:00,0,0,0,3,36,39
323.0,2017-03-11 03:46:00,0,0,0,3,36,39
323.0,2017-03-11 03:49:00,0,0,0,3,36,39
323.0,2017-03-11 03:52:00,0,0,0,3,36,39
323.0,2017-03-11 03:55:00,0,0,0,3,36,39
323.0,2017-03-11 03:58:00,0,0,0,3,36,39
323.0,2017-03-11 04:01:00,0,0,0,3,36,39
323.0,2017-03-11 04:04:00,0,0,0,3,36,39
323.0,2017-03-11 04:06:00,0,0,0,3,36,39
323.0,2017-03-11 04:09:00,0,0,0,3,36,39
323.0,2017-03-11 04:12:00,0,0,0,3,36,39
323.0,2017-03-11 04:15:00,0,0,0,3,36,39
323.0,2017-03-11 04:18:00,0,0,0,3,36,39
323.0,2017-03-11 04:21:00,0,0,0,3,36,39
323.0,2017-03-11 04:24:00,0,0,0,3,36,39
323.0,2017-03-11 04:27:00,0,0,0,3,36,39
323.0,2017-03-11 04:30:00,0,0,0,3,36,39
323.0,2017-03-11 04:33:00,0,0,0,3,36,39
323.0,2017-03-11 04:36:00,0,0,0,3,36,39
323.0,2017-03-11 04:39:00,0,0,0,3,36,39
323.0,2017-03-11 04:42:00,0,0,0,3,36,39
323.0,2017-03-11 04:45:00,0,0,0,3,36,39
323.0,2017-03-11 04:48:00,0,0,0,3,36,39
323.0,2017-03-11 04:51:00,0,0,0,3,36,39
323.0,2017-03-11 04:54:00,0,0,0,3,36,39
323.0,2017-03-11 04:57:00,0,0,0,3,36,39
323.0,2017-03-11 05:00:00,0,0,0,3,36,39
323.0,2017-03-11 05:03:00,0,0,0,3,36,39
323.0,2017-03-11 05:06:00,0,0,0,3,36,39
323.0,2017-03-11 05:09:00,0,0,0,3,36,39
323.0,2017-03-11 05:11:00,0,0,0,3,36,39
323.0,2017-03-11 05:14:00,0,0,0,3,36,39
323.0,2017-03-11 05:17:00,0,0,0,3,36,39
323.0,2017-03-11 05:20:00,0,0,0,3,36,39
323.0,2017-03-11 05:23:00,0,0,0,3,36,39
323.0,2017-03-11 05:26:00,0,0,0,3,36,39
323.0,2017-03-11 05:29:00,0,0,0,3,36,39
323.0,2017-03-11 05:32:00,0,0,0,3,36,39
323.0,2017-03-11 05:35:00,0,0,0,3,36,39
323.0,2017-03-11 05:38:00,0,0,0,3,36,39
323.0,2017-03-11 05:41:00,0,0,0,3,36,39
323.0,2017-03-11 05:44:00,0,0,0,3,36,39
323.0,2017-03-11 05:47:00,0,0,0,3,36,39
323.0,2017-03-11 05:50:00,0,0,0,3,36,39
323.0,2017-03-11 05:53:00,0,0,0,3,36,39
323.0,2017-03-11 05:56:00,0,0,0,3,36,39
323.0,2017-03-11 05:59:00,0,0,0,3,36,39
323.0,2017-03-11 06:02:00,0,0,0,3,36,39
323.0,2017-03-11 06:05:00,0,0,0,3,36,39
323.0,2017-03-11 06:08:00,0,0,0,3,36,39
323.0,2017-03-11 06:11:00,0,0,0,3,36,39
323.0,2017-03-11 06:14:00,0,0,0,3,36,39
323.0,2017-03-11 06:17:00,0,0,0,3,36,39
323.0,2017-03-11 06:20:00,0,0,0,3,36,39
323.0,2017-03-11 06:23:00,0,0,0,3,36,39
323.0,2017-03-11 06:26:00,0,0,0,3,36,39
323.0,2017-03-11 06:29:00,0,0,0,3,36,39
323.0,2017-03-11 06:32:00,0,0,0,3,36,39
323.0,2017-03-11 06:35:00,0,0,0,3,36,39
323.0,2017-03-11 06:38:00,0,0,0,3,36,39
323.0,2017-03-11 06:41:00,0,0,0,3,36,39
323.0,2017-03-11 06:44:00,0,0,0,3,36,39
323.0,2017-03-11 06:47:00,0,0,0,3,36,39
323.0,2017-03-11 06:50:00,0,0,0,3,36,39
323.0,2017-03-11 06:53:00,0,0,0,3,36,39
323.0,2017-03-11 06:56:00,0,0,0,3,36,39
323.0,2017-03-11 06:59:00,0,0,0,3,36,39
323.0,2017-03-11 07:02:00,0,0,0,3,36,39
323.0,2017-03-11 07:05:00,0,0,0,3,36,39
323.0,2017-03-11 07:08:00,0,0,0,3,36,39
323.0,2017-03-11 07:11:00,0,0,0,3,36,39
323.0,2017-03-11 07:14:00,0,0,0,3,36,39
323.0,2017-03-11 07:17:00,0,0,0,3,36,39
323.0,2017-03-11 07:20:00,0,0,0,3,36,39
323.0,2017-03-11 07:23:00,0,0,0,3,36,39
323.0,2017-03-11 07:24:00,0,0,0,3,36,39
323.0,2017-03-11 07:27:00,0,0,0,3,36,39
323.0,2017-03-11 07:30:00,0,0,0,3,36,39
323.0,2017-03-11 07:33:00,0,0,0,3,36,39
323.0,2017-03-11 07:36:00,0,0,0,3,36,39
323.0,2017-03-11 07:39:00,0,0,0,3,36,39
323.0,2017-03-11 07:42:00,0,0,0,3,36,39
323.0,2017-03-11 07:45:00,0,0,0,3,36,39
323.0,2017-03-11 07:48:00,0,1,1,4,35,39
323.0,2017-03-11 07:51:00,0,0,0,4,35,39
323.0,2017-03-11 07:54:00,0,0,0,4,35,39
323.0,2017-03-11 07:57:00,0,0,0,4,35,39
323.0,2017-03-11 08:00:00,0,0,0,4,35,39
323.0,2017-03-11 08:03:00,0,0,0,4,35,39
323.0,2017-03-11 08:06:00,0,0,0,4,35,39
323.0,2017-03-11 08:09:00,0,0,0,4,35,39
323.0,2017-03-11 08:12:00,0,0,0,4,35,39
323.0,2017-03-11 08:15:00,0,0,0,4,35,39
323.0,2017-03-11 08:18:00,0,0,0,4,35,39
323.0,2017-03-11 08:21:00,0,0,0,4,35,39
323.0,2017-03-11 08:24:00,0,0,0,4,35,39
323.0,2017-03-11 08:27:00,0,0,0,4,35,39
323.0,2017-03-11 08:30:00,0,0,0,4,35,39
323.0,2017-03-11 08:32:00,0,0,0,4,35,39
323.0,2017-03-11 08:35:00,0,0,0,4,35,39
323.0,2017-03-11 08:38:00,0,0,0,4,35,39
323.0,2017-03-11 08:41:00,0,0,0,4,35,39
323.0,2017-03-11 08:44:00,0,0,0,4,35,39
323.0,2017-03-11 08:47:00,0,0,0,4,35,39
323.0,2017-03-11 08:50:00,0,0,0,4,35,39
323.0,2017-03-11 08:53:00,0,0,0,4,35,39
323.0,2017-03-11 08:56:00,0,0,0,4,35,39
323.0,2017-03-11 08:59:00,0,0,0,4,35,39
323.0,2017-03-11 09:02:00,0,0,0,4,35,39
323.0,2017-03-11 09:05:00,0,0,0,4,35,39
323.0,2017-03-11 09:06:00,0,0,0,4,35,39
323.0,2017-03-11 09:09:00,0,0,0,4,35,39
323.0,2017-03-11 09:12:00,0,0,0,4,35,39
323.0,2017-03-11 09:15:00,1,0,-1,3,36,39
323.0,2017-03-11 09:18:00,0,1,1,4,35,39
323.0,2017-03-11 09:21:00,0,0,0,4,35,39
323.0,2017-03-11 09:24:00,0,0,0,4,35,39
323.0,2017-03-11 09:27:00,0,0,0,4,35,39
323.0,2017-03-11 09:30:00,0,0,0,4,35,39
323.0,2017-03-11 09:33:00,0,0,0,4,35,39
323.0,2017-03-11 09:36:00,0,0,0,4,35,39
323.0,2017-03-11 09:39:00,0,0,0,4,35,39
323.0,2017-03-11 09:40:00,0,0,0,4,35,39
323.0,2017-03-11 09:43:00,0,0,0,4,35,39
323.0,2017-03-11 09:46:00,0,0,0,4,35,39
323.0,2017-03-11 09:49:00,0,0,0,4,35,39
323.0,2017-03-11 09:52:00,0,0,0,4,35,39
323.0,2017-03-11 09:55:00,0,0,0,4,35,39
323.0,2017-03-11 09:58:00,0,0,0,4,35,39
323.0,2017-03-11 10:01:00,0,0,0,4,35,39
323.0,2017-03-11 10:04:00,0,0,0,4,35,39
323.0,2017-03-11 10:06:00,0,0,0,4,35,39
323.0,2017-03-11 10:09:00,0,0,0,4,35,39
323.0,2017-03-11 10:12:00,0,1,1,5,34,39
323.0,2017-03-11 10:15:00,0,0,0,5,34,39
323.0,2017-03-11 10:18:00,1,0,-1,4,35,39
323.0,2017-03-11 10:21:00,0,0,0,4,35,39
323.0,2017-03-11 10:24:00,0,1,1,5,34,39
323.0,2017-03-11 10:27:00,1,0,-1,4,35,39
323.0,2017-03-11 10:30:00,0,0,0,4,35,39
323.0,2017-03-11 10:33:00,0,0,0,4,35,39
323.0,2017-03-11 10:36:00,0,0,0,4,35,39
323.0,2017-03-11 10:39:00,0,0,0,4,35,39
323.0,2017-03-11 10:40:00,0,0,0,4,35,39
323.0,2017-03-11 10:43:00,0,0,0,4,35,39
323.0,2017-03-11 10:46:00,0,0,0,4,35,39
323.0,2017-03-11 10:49:00,0,0,0,4,35,39
323.0,2017-03-11 10:52:00,1,0,-1,3,36,39
323.0,2017-03-11 10:55:00,0,0,0,3,36,39
323.0,2017-03-11 10:58:00,0,1,1,4,35,39
323.0,2017-03-11 11:01:00,0,0,0,4,35,39
323.0,2017-03-11 11:04:00,0,0,0,4,35,39
323.0,2017-03-11 11:07:00,0,0,0,4,35,39
323.0,2017-03-11 11:10:00,0,0,0,4,35,39
323.0,2017-03-11 11:13:00,0,0,0,4,35,39
323.0,2017-03-11 11:15:00,0,0,0,4,35,39
323.0,2017-03-11 11:18:00,0,0,0,4,35,39
323.0,2017-03-11 11:21:00,0,0,0,4,35,39
323.0,2017-03-11 11:24:00,0,0,0,4,35,39
323.0,2017-03-11 11:27:00,0,0,0,4,35,39
323.0,2017-03-11 11:30:00,0,0,0,4,35,39
323.0,2017-03-11 11:33:00,0,0,0,4,35,39
323.0,2017-03-11 11:36:00,0,0,0,4,35,39
323.0,2017-03-11 11:39:00,0,0,0,4,35,39
323.0,2017-03-11 11:42:00,1,0,-1,3,36,39
323.0,2017-03-11 11:45:00,0,0,0,3,36,39
323.0,2017-03-11 11:48:00,0,0,0,3,36,39
323.0,2017-03-11 11:49:00,0,0,0,3,36,39
323.0,2017-03-11 11:52:00,0,0,0,3,36,39
323.0,2017-03-11 11:55:00,0,0,0,3,36,39
323.0,2017-03-11 11:58:00,0,0,0,3,36,39
323.0,2017-03-11 12:01:00,0,0,0,3,36,39
323.0,2017-03-11 12:03:00,0,0,0,2,37,39
323.0,2017-03-11 12:06:00,0,0,0,2,37,39
323.0,2017-03-11 12:09:00,0,0,0,2,37,39
323.0,2017-03-11 12:12:00,0,1,1,3,36,39
323.0,2017-03-11 12:15:00,0,0,0,3,36,39
323.0,2017-03-11 12:18:00,0,0,0,3,36,39
323.0,2017-03-11 12:21:00,0,0,0,3,36,39
323.0,2017-03-11 12:24:00,0,1,1,4,35,39
323.0,2017-03-11 12:27:00,1,0,-1,3,36,39
323.0,2017-03-11 12:30:00,0,0,0,3,36,39
323.0,2017-03-11 12:33:00,0,0,0,3,36,39
323.0,2017-03-11 12:36:00,0,0,0,3,36,39
323.0,2017-03-11 12:39:00,0,0,0,3,36,39
323.0,2017-03-11 12:42:00,0,0,0,3,36,39
323.0,2017-03-11 12:45:00,0,1,1,4,35,39
323.0,2017-03-11 12:47:00,0,1,1,4,35,39
323.0,2017-03-11 12:50:00,1,0,-1,3,36,39
323.0,2017-03-11 12:53:00,0,1,1,4,35,39
323.0,2017-03-11 12:56:00,0,0,0,4,35,39
323.0,2017-03-11 12:59:00,0,0,0,4,35,39
323.0,2017-03-11 13:02:00,0,0,0,4,35,39
323.0,2017-03-11 13:05:00,0,0,0,4,35,39
323.0,2017-03-11 13:08:00,0,0,0,4,35,39
323.0,2017-03-11 13:11:00,0,0,0,4,35,39
323.0,2017-03-11 13:14:00,0,0,0,4,35,39
323.0,2017-03-11 13:17:00,0,0,0,4,35,39
323.0,2017-03-11 13:20:00,0,0,0,4,35,39
323.0,2017-03-11 13:23:00,0,0,0,4,35,39
323.0,2017-03-11 13:26:00,0,0,0,4,35,39
323.0,2017-03-11 13:29:00,0,0,0,4,35,39
323.0,2017-03-11 13:32:00,0,0,0,4,35,39
323.0,2017-03-11 13:33:00,0,0,0,5,34,39
323.0,2017-03-11 13:36:00,0,0,0,5,34,39
323.0,2017-03-11 13:39:00,0,0,0,5,34,39
323.0,2017-03-11 13:42:00,0,0,0,5,34,39
323.0,2017-03-11 13:45:00,0,0,0,5,34,39
323.0,2017-03-11 13:48:00,0,0,0,5,34,39
323.0,2017-03-11 13:51:00,0,0,0,5,34,39
323.0,2017-03-11 13:54:00,1,0,-1,4,35,39
323.0,2017-03-11 13:57:00,0,0,0,4,35,39
323.0,2017-03-11 14:00:00,2,0,-2,2,37,39
323.0,2017-03-11 14:03:00,1,0,-1,1,38,39
323.0,2017-03-11 14:06:00,0,0,0,1,38,39
323.0,2017-03-11 14:08:00,0,0,0,1,38,39
323.0,2017-03-11 14:11:00,0,0,0,1,38,39
323.0,2017-03-11 14:14:00,0,0,0,1,38,39
323.0,2017-03-11 14:17:00,0,0,0,1,38,39
323.0,2017-03-11 14:20:00,0,0,0,1,38,39
323.0,2017-03-11 14:23:00,0,0,0,1,38,39
323.0,2017-03-11 14:26:00,0,0,0,1,38,39
323.0,2017-03-11 14:29:00,0,0,0,1,38,39
323.0,2017-03-11 14:32:00,0,0,0,1,38,39
323.0,2017-03-11 14:35:00,0,0,0,1,38,39
323.0,2017-03-11 14:38:00,0,0,0,1,38,39
323.0,2017-03-11 14:41:00,0,0,0,1,38,39
323.0,2017-03-11 14:43:00,0,0,0,1,38,39
323.0,2017-03-11 14:46:00,0,0,0,1,38,39
323.0,2017-03-11 14:49:00,0,0,0,1,38,39
323.0,2017-03-11 14:52:00,0,0,0,1,38,39
323.0,2017-03-11 14:55:00,0,0,0,1,38,39
323.0,2017-03-11 14:58:00,0,1,1,2,37,39
323.0,2017-03-11 15:01:00,1,0,-1,1,38,39
323.0,2017-03-11 15:04:00,0,0,0,1,38,39
323.0,2017-03-11 15:07:00,0,0,0,1,38,39
323.0,2017-03-11 15:10:00,0,0,0,1,38,39
323.0,2017-03-11 15:13:00,0,0,0,1,38,39
323.0,2017-03-11 15:16:00,0,0,0,1,38,39
323.0,2017-03-11 15:18:00,0,0,0,1,38,39
323.0,2017-03-11 15:21:00,0,0,0,1,38,39
323.0,2017-03-11 15:24:00,1,0,-1,0,39,39
323.0,2017-03-11 15:27:00,0,1,1,1,38,39
323.0,2017-03-11 15:30:00,0,0,0,1,38,39
323.0,2017-03-11 15:33:00,0,0,0,1,38,39
323.0,2017-03-11 15:36:00,0,0,0,1,38,39
323.0,2017-03-11 15:39:00,0,2,2,3,36,39
323.0,2017-03-11 15:42:00,0,0,0,3,36,39
323.0,2017-03-11 15:45:00,1,0,-1,2,37,39
323.0,2017-03-11 15:48:00,1,0,-1,1,38,39
323.0,2017-03-11 15:51:00,0,0,0,1,38,39
323.0,2017-03-11 15:53:00,0,0,0,1,38,39
323.0,2017-03-11 15:56:00,0,0,0,1,38,39
323.0,2017-03-11 15:59:00,0,0,0,1,38,39
323.0,2017-03-11 16:02:00,0,0,0,1,38,39
323.0,2017-03-11 16:05:00,0,0,0,1,38,39
323.0,2017-03-11 16:08:00,0,0,0,1,38,39
323.0,2017-03-11 16:11:00,0,0,0,1,38,39
323.0,2017-03-11 16:14:00,0,0,0,1,38,39
323.0,2017-03-11 16:17:00,0,0,0,1,38,39
323.0,2017-03-11 16:20:00,0,0,0,1,38,39
323.0,2017-03-11 16:23:00,0,0,0,1,38,39
323.0,2017-03-11 16:26:00,0,0,0,1,38,39
323.0,2017-03-11 16:28:00,0,1,1,2,37,39
323.0,2017-03-11 16:31:00,0,0,0,2,37,39
323.0,2017-03-11 16:34:00,0,0,0,2,37,39
323.0,2017-03-11 16:37:00,0,0,0,2,37,39
323.0,2017-03-11 16:40:00,0,0,0,2,37,39
323.0,2017-03-11 16:43:00,0,0,0,2,37,39
323.0,2017-03-11 16:46:00,0,1,1,3,36,39
323.0,2017-03-11 16:49:00,0,0,0,3,36,39
323.0,2017-03-11 16:52:00,0,0,0,3,36,39
323.0,2017-03-11 16:55:00,1,0,-1,2,37,39
323.0,2017-03-11 16:58:00,0,0,0,2,37,39
323.0,2017-03-11 17:01:00,0,0,0,2,37,39
323.0,2017-03-11 17:02:00,0,0,0,2,37,39
323.0,2017-03-11 17:05:00,0,0,0,2,37,39
323.0,2017-03-11 17:08:00,0,0,0,2,37,39
323.0,2017-03-11 17:11:00,0,0,0,2,37,39
323.0,2017-03-11 17:14:00,0,0,0,2,37,39
323.0,2017-03-11 17:17:00,0,0,0,2,37,39
323.0,2017-03-11 17:20:00,0,0,0,2,37,39
323.0,2017-03-11 17:23:00,0,0,0,2,37,39
323.0,2017-03-11 17:26:00,0,0,0,2,37,39
323.0,2017-03-11 17:29:00,0,0,0,2,37,39
323.0,2017-03-11 17:32:00,0,0,0,2,37,39
323.0,2017-03-11 17:35:00,0,0,0,2,37,39
323.0,2017-03-11 17:37:00,0,0,0,2,37,39
323.0,2017-03-11 17:40:00,0,0,0,2,37,39
323.0,2017-03-11 17:43:00,0,0,0,2,37,39
323.0,2017-03-11 17:46:00,0,0,0,2,37,39
323.0,2017-03-11 17:49:00,0,0,0,2,37,39
323.0,2017-03-11 17:52:00,0,0,0,2,37,39
323.0,2017-03-11 17:55:00,1,0,-1,1,38,39
323.0,2017-03-11 17:58:00,0,0,0,1,38,39
323.0,2017-03-11 18:01:00,0,0,0,1,38,39
323.0,2017-03-11 18:04:00,0,0,0,1,38,39
323.0,2017-03-11 18:07:00,0,0,0,1,38,39
323.0,2017-03-11 18:10:00,0,0,0,1,38,39
323.0,2017-03-11 18:12:00,0,0,0,1,38,39
323.0,2017-03-11 18:15:00,0,1,1,2,37,39
323.0,2017-03-11 18:18:00,0,1,1,3,36,39
323.0,2017-03-11 18:21:00,0,0,0,3,36,39
323.0,2017-03-11 18:24:00,0,0,0,3,36,39
323.0,2017-03-11 18:27:00,0,0,0,3,36,39
323.0,2017-03-11 18:30:00,0,0,0,3,36,39
323.0,2017-03-11 18:33:00,0,0,0,3,36,39
323.0,2017-03-11 18:36:00,0,0,0,3,36,39
323.0,2017-03-11 18:39:00,0,0,0,3,36,39
323.0,2017-03-11 18:42:00,0,0,0,3,36,39
323.0,2017-03-11 18:45:00,0,0,0,3,36,39
323.0,2017-03-11 18:47:00,0,0,0,3,36,39
323.0,2017-03-11 18:50:00,0,0,0,3,36,39
323.0,2017-03-11 18:53:00,0,0,0,3,36,39
323.0,2017-03-11 18:56:00,0,0,0,3,36,39
323.0,2017-03-11 18:59:00,0,0,0,3,36,39
323.0,2017-03-11 19:02:00,0,0,0,3,36,39
323.0,2017-03-11 19:05:00,0,0,0,3,36,39
323.0,2017-03-11 19:08:00,0,0,0,3,36,39
323.0,2017-03-11 19:11:00,0,0,0,3,36,39
323.0,2017-03-11 19:14:00,0,0,0,3,36,39
323.0,2017-03-11 19:17:00,0,0,0,3,36,39
323.0,2017-03-11 19:20:00,0,0,0,3,36,39
323.0,2017-03-11 19:21:00,0,0,0,3,36,39
323.0,2017-03-11 19:24:00,0,0,0,3,36,39
323.0,2017-03-11 19:27:00,0,0,0,3,36,39
323.0,2017-03-11 19:30:00,0,0,0,3,36,39
323.0,2017-03-11 19:33:00,0,0,0,3,36,39
323.0,2017-03-11 19:36:00,0,0,0,3,36,39
323.0,2017-03-11 19:39:00,0,0,0,3,36,39
323.0,2017-03-11 19:42:00,0,0,0,3,36,39
323.0,2017-03-11 19:45:00,0,0,0,3,36,39
323.0,2017-03-11 19:48:00,0,0,0,3,36,39
323.0,2017-03-11 19:51:00,0,0,0,3,36,39
323.0,2017-03-11 19:54:00,0,0,0,3,36,39
323.0,2017-03-11 19:56:00,0,0,0,3,36,39
323.0,2017-03-11 19:59:00,0,0,0,3,36,39
323.0,2017-03-11 20:02:00,0,0,0,3,36,39
323.0,2017-03-11 20:05:00,0,0,0,3,36,39
323.0,2017-03-11 20:08:00,0,0,0,3,36,39
323.0,2017-03-11 20:11:00,0,0,0,3,36,39
323.0,2017-03-11 20:14:00,0,0,0,3,36,39
323.0,2017-03-11 20:17:00,0,0,0,3,36,39
323.0,2017-03-11 20:20:00,0,0,0,3,36,39
323.0,2017-03-11 20:23:00,0,0,0,3,36,39
323.0,2017-03-11 20:26:00,0,0,0,3,36,39
323.0,2017-03-11 20:29:00,0,0,0,3,36,39
323.0,2017-03-11 20:30:00,0,0,0,3,36,39
323.0,2017-03-11 20:33:00,0,0,0,3,36,39
323.0,2017-03-11 20:36:00,0,0,0,3,36,39
323.0,2017-03-11 20:39:00,0,0,0,3,36,39
323.0,2017-03-11 20:42:00,0,0,0,3,36,39
323.0,2017-03-11 20:45:00,0,0,0,3,36,39
323.0,2017-03-11 20:48:00,0,0,0,3,36,39
323.0,2017-03-11 20:51:00,0,0,0,3,36,39
323.0,2017-03-11 20:54:00,0,0,0,3,36,39
323.0,2017-03-11 20:57:00,0,0,0,3,36,39
323.0,2017-03-11 21:00:00,0,0,0,3,36,39
323.0,2017-03-11 21:03:00,0,0,0,3,36,39
323.0,2017-03-11 21:04:00,0,0,0,3,36,39
323.0,2017-03-11 21:07:00,0,0,0,3,36,39
323.0,2017-03-11 21:10:00,0,0,0,3,36,39
323.0,2017-03-11 21:13:00,0,0,0,3,36,39
323.0,2017-03-11 21:16:00,0,0,0,3,36,39
323.0,2017-03-11 21:19:00,0,0,0,3,36,39
323.0,2017-03-11 21:22:00,0,0,0,3,36,39
323.0,2017-03-11 21:25:00,0,0,0,3,36,39
323.0,2017-03-11 21:28:00,0,0,0,3,36,39
323.0,2017-03-11 21:31:00,0,0,0,3,36,39
323.0,2017-03-11 21:34:00,0,0,0,3,36,39
323.0,2017-03-11 21:37:00,1,0,-1,2,37,39
323.0,2017-03-11 21:38:00,1,0,-1,2,37,39
323.0,2017-03-11 21:41:00,0,0,0,2,37,39
323.0,2017-03-11 21:44:00,0,0,0,2,37,39
323.0,2017-03-11 21:47:00,0,0,0,2,37,39
323.0,2017-03-11 21:50:00,0,0,0,2,37,39
323.0,2017-03-11 21:53:00,0,0,0,2,37,39
323.0,2017-03-11 21:56:00,0,0,0,2,37,39
323.0,2017-03-11 21:59:00,0,0,0,2,37,39
323.0,2017-03-11 22:02:00,0,0,0,2,37,39
323.0,2017-03-11 22:05:00,0,0,0,2,37,39
323.0,2017-03-11 22:08:00,0,0,0,2,37,39
323.0,2017-03-11 22:11:00,0,0,0,2,37,39
323.0,2017-03-11 22:14:00,0,0,0,2,37,39
323.0,2017-03-11 22:17:00,0,0,0,2,37,39
323.0,2017-03-11 22:20:00,0,0,0,2,37,39
323.0,2017-03-11 22:23:00,0,0,0,2,37,39
323.0,2017-03-11 22:26:00,0,0,0,2,37,39
323.0,2017-03-11 22:29:00,0,0,0,2,37,39
323.0,2017-03-11 22:32:00,0,0,0,2,37,39
323.0,2017-03-11 22:35:00,0,0,0,2,37,39
323.0,2017-03-11 22:38:00,0,0,0,2,37,39
323.0,2017-03-11 22:41:00,0,0,0,2,37,39
323.0,2017-03-11 22:44:00,0,0,0,2,37,39
323.0,2017-03-11 22:46:00,0,0,0,2,37,39
323.0,2017-03-11 22:49:00,0,0,0,2,37,39
323.0,2017-03-11 22:52:00,0,1,1,3,36,39
323.0,2017-03-11 22:55:00,0,0,0,3,36,39
323.0,2017-03-11 22:58:00,0,0,0,3,36,39
323.0,2017-03-11 23:01:00,0,0,0,3,36,39
323.0,2017-03-11 23:04:00,0,0,0,3,36,39
323.0,2017-03-11 23:07:00,0,0,0,3,36,39
323.0,2017-03-11 23:10:00,0,0,0,3,36,39
323.0,2017-03-11 23:13:00,0,0,0,3,36,39
323.0,2017-03-11 23:16:00,0,0,0,3,36,39
323.0,2017-03-11 23:19:00,1,0,-1,2,37,39
323.0,2017-03-11 23:22:00,0,0,0,2,37,39
323.0,2017-03-11 23:25:00,0,0,0,2,37,39
323.0,2017-03-11 23:28:00,0,0,0,2,37,39
323.0,2017-03-11 23:31:00,0,0,0,2,37,39
323.0,2017-03-11 23:34:00,0,0,0,2,37,39
323.0,2017-03-11 23:37:00,0,0,0,2,37,39
323.0,2017-03-11 23:40:00,0,0,0,2,37,39
323.0,2017-03-11 23:43:00,0,0,0,2,37,39
323.0,2017-03-11 23:44:00,0,0,0,2,37,39
323.0,2017-03-11 23:47:00,0,0,0,2,37,39
323.0,2017-03-11 23:50:00,0,0,0,2,37,39
323.0,2017-03-11 23:53:00,0,0,0,2,37,39
323.0,2017-03-11 23:56:00,0,0,0,2,37,39
323.0,2017-03-11 23:59:00,0,1,1,3,36,39
323.0,2017-03-12 00:02:00,0,0,0,3,36,39
323.0,2017-03-12 00:05:00,0,0,0,3,36,39
323.0,2017-03-12 00:08:00,0,0,0,3,36,39
323.0,2017-03-12 00:11:00,0,0,0,3,36,39
323.0,2017-03-12 00:14:00,0,0,0,3,36,39
323.0,2017-03-12 00:17:00,0,0,0,3,36,39
323.0,2017-03-12 00:20:00,0,0,0,3,36,39
323.0,2017-03-12 00:23:00,0,0,0,3,36,39
323.0,2017-03-12 00:24:00,0,0,0,4,35,39
323.0,2017-03-12 00:27:00,0,0,0,4,35,39
323.0,2017-03-12 00:30:00,0,0,0,4,35,39
323.0,2017-03-12 00:33:00,0,0,0,4,35,39
323.0,2017-03-12 00:36:00,0,0,0,4,35,39
323.0,2017-03-12 00:39:00,0,0,0,4,35,39
323.0,2017-03-12 00:42:00,0,0,0,4,35,39
323.0,2017-03-12 00:45:00,0,0,0,4,35,39
323.0,2017-03-12 00:48:00,0,0,0,4,35,39
323.0,2017-03-12 00:51:00,0,0,0,4,35,39
323.0,2017-03-12 00:54:00,0,0,0,4,35,39
323.0,2017-03-12 00:57:00,0,0,0,4,35,39
323.0,2017-03-12 00:58:00,0,0,0,5,34,39
323.0,2017-03-12 01:01:00,0,0,0,5,34,39
323.0,2017-03-12 01:04:00,0,0,0,5,34,39
323.0,2017-03-12 01:07:00,0,0,0,5,34,39
323.0,2017-03-12 01:10:00,0,0,0,5,34,39
323.0,2017-03-12 01:13:00,0,0,0,5,34,39
323.0,2017-03-12 01:16:00,0,0,0,5,34,39
323.0,2017-03-12 01:19:00,0,0,0,5,34,39
323.0,2017-03-12 01:22:00,0,0,0,5,34,39
323.0,2017-03-12 01:23:00,0,0,0,3,36,39
323.0,2017-03-12 01:26:00,0,0,0,3,36,39
323.0,2017-03-12 01:29:00,0,0,0,3,36,39
323.0,2017-03-12 01:32:00,0,0,0,3,36,39
323.0,2017-03-12 01:35:00,0,0,0,3,36,39
323.0,2017-03-12 01:38:00,0,0,0,3,36,39
323.0,2017-03-12 01:41:00,0,0,0,3,36,39
323.0,2017-03-12 01:44:00,0,0,0,3,36,39
323.0,2017-03-12 01:47:00,0,0,0,3,36,39
323.0,2017-03-12 01:50:00,0,0,0,3,36,39
323.0,2017-03-12 01:53:00,1,0,-1,2,37,39
323.0,2017-03-12 01:56:00,0,0,0,2,37,39
323.0,2017-03-12 01:57:00,0,0,0,2,37,39
323.0,2017-03-12 02:00:00,0,0,0,2,37,39
323.0,2017-03-12 02:03:00,0,0,0,2,37,39
323.0,2017-03-12 02:06:00,0,0,0,2,37,39
323.0,2017-03-12 02:09:00,0,0,0,2,37,39
323.0,2017-03-12 02:12:00,0,0,0,2,37,39
323.0,2017-03-12 02:15:00,0,0,0,2,37,39
323.0,2017-03-12 02:18:00,0,0,0,2,37,39
323.0,2017-03-12 02:21:00,0,0,0,2,37,39
323.0,2017-03-12 02:24:00,0,0,0,2,37,39
323.0,2017-03-12 02:27:00,0,0,0,2,37,39
323.0,2017-03-12 02:30:00,0,0,0,2,37,39
323.0,2017-03-12 02:33:00,0,0,0,2,37,39
323.0,2017-03-12 02:36:00,0,0,0,2,37,39
323.0,2017-03-12 02:39:00,0,0,0,2,37,39
323.0,2017-03-12 02:42:00,0,0,0,2,37,39
323.0,2017-03-12 02:45:00,0,0,0,2,37,39
323.0,2017-03-12 02:48:00,0,0,0,2,37,39
323.0,2017-03-12 02:51:00,0,0,0,2,37,39
323.0,2017-03-12 02:54:00,0,0,0,2,37,39
323.0,2017-03-12 02:57:00,0,0,0,2,37,39
323.0,2017-03-12 03:00:00,0,0,0,2,37,39
323.0,2017-03-12 03:03:00,0,0,0,2,37,39
323.0,2017-03-12 03:06:00,0,0,0,2,37,39
323.0,2017-03-12 03:09:00,0,0,0,2,37,39
323.0,2017-03-12 03:12:00,0,0,0,2,37,39
323.0,2017-03-12 03:15:00,0,0,0,2,37,39
323.0,2017-03-12 03:18:00,0,0,0,2,37,39
323.0,2017-03-12 03:21:00,0,0,0,2,37,39
323.0,2017-03-12 03:24:00,0,0,0,2,37,39
323.0,2017-03-12 03:27:00,0,0,0,2,37,39
323.0,2017-03-12 03:29:00,0,0,0,2,37,39
323.0,2017-03-12 03:32:00,0,0,0,2,37,39
323.0,2017-03-12 03:35:00,0,0,0,2,37,39
323.0,2017-03-12 03:38:00,0,0,0,2,37,39
323.0,2017-03-12 03:41:00,0,0,0,2,37,39
323.0,2017-03-12 03:44:00,0,0,0,2,37,39
323.0,2017-03-12 03:47:00,0,0,0,2,37,39
323.0,2017-03-12 03:50:00,0,0,0,2,37,39
323.0,2017-03-12 03:53:00,0,0,0,2,37,39
323.0,2017-03-12 03:56:00,0,0,0,2,37,39
323.0,2017-03-12 03:59:00,0,0,0,2,37,39
323.0,2017-03-12 04:01:00,0,0,0,2,37,39
323.0,2017-03-12 04:04:00,0,0,0,2,37,39
323.0,2017-03-12 04:07:00,0,0,0,2,37,39
323.0,2017-03-12 04:10:00,1,0,-1,1,38,39
323.0,2017-03-12 04:13:00,0,0,0,1,38,39
323.0,2017-03-12 04:16:00,0,0,0,1,38,39
323.0,2017-03-12 04:19:00,0,0,0,1,38,39
323.0,2017-03-12 04:22:00,0,0,0,1,38,39
323.0,2017-03-12 04:25:00,0,0,0,1,38,39
323.0,2017-03-12 04:28:00,0,0,0,1,38,39
323.0,2017-03-12 04:31:00,0,0,0,1,38,39
323.0,2017-03-12 04:34:00,0,0,0,1,38,39
323.0,2017-03-12 04:37:00,0,0,0,1,38,39
323.0,2017-03-12 04:39:00,0,0,0,1,38,39
323.0,2017-03-12 04:42:00,0,0,0,1,38,39
323.0,2017-03-12 04:45:00,0,0,0,1,38,39
323.0,2017-03-12 04:48:00,0,0,0,1,38,39
323.0,2017-03-12 04:51:00,0,0,0,1,38,39
323.0,2017-03-12 04:54:00,0,0,0,1,38,39
323.0,2017-03-12 04:57:00,0,0,0,1,38,39
323.0,2017-03-12 05:00:00,0,0,0,1,38,39
323.0,2017-03-12 05:03:00,0,0,0,1,38,39
323.0,2017-03-12 05:06:00,0,0,0,1,38,39
323.0,2017-03-12 05:09:00,0,0,0,1,38,39
323.0,2017-03-12 05:11:00,0,0,0,1,38,39
323.0,2017-03-12 05:14:00,0,0,0,1,38,39
323.0,2017-03-12 05:17:00,0,0,0,1,38,39
323.0,2017-03-12 05:20:00,0,0,0,1,38,39
323.0,2017-03-12 05:23:00,0,0,0,1,38,39
323.0,2017-03-12 05:26:00,0,0,0,1,38,39
323.0,2017-03-12 05:29:00,0,0,0,1,38,39
323.0,2017-03-12 05:32:00,0,0,0,1,38,39
323.0,2017-03-12 05:35:00,0,0,0,1,38,39
323.0,2017-03-12 05:38:00,0,0,0,1,38,39
323.0,2017-03-12 05:41:00,0,0,0,1,38,39
323.0,2017-03-12 05:44:00,0,0,0,1,38,39
323.0,2017-03-12 05:47:00,0,0,0,1,38,39
323.0,2017-03-12 05:50:00,0,0,0,1,38,39
323.0,2017-03-12 05:53:00,0,0,0,1,38,39
323.0,2017-03-12 05:56:00,0,0,0,1,38,39
323.0,2017-03-12 05:59:00,0,0,0,1,38,39
323.0,2017-03-12 06:02:00,0,0,0,1,38,39
323.0,2017-03-12 06:05:00,0,0,0,1,38,39
323.0,2017-03-12 06:08:00,0,0,0,1,38,39
323.0,2017-03-12 06:11:00,0,0,0,1,38,39
323.0,2017-03-12 06:14:00,0,0,0,1,38,39
323.0,2017-03-12 06:17:00,0,0,0,1,38,39
323.0,2017-03-12 06:20:00,0,0,0,1,38,39
323.0,2017-03-12 06:23:00,0,0,0,1,38,39
323.0,2017-03-12 06:26:00,0,0,0,1,38,39
323.0,2017-03-12 06:29:00,1,0,-1,0,39,39
323.0,2017-03-12 06:32:00,0,0,0,0,39,39
323.0,2017-03-12 06:35:00,0,0,0,0,39,39
323.0,2017-03-12 06:38:00,0,0,0,0,39,39
323.0,2017-03-12 06:41:00,0,0,0,0,39,39
323.0,2017-03-12 06:44:00,0,0,0,0,39,39
323.0,2017-03-12 06:47:00,0,0,0,0,39,39
323.0,2017-03-12 06:50:00,0,0,0,0,39,39
323.0,2017-03-12 06:53:00,0,0,0,0,39,39
323.0,2017-03-12 06:56:00,0,1,1,1,38,39
323.0,2017-03-12 06:59:00,0,0,0,1,38,39
323.0,2017-03-12 07:02:00,0,0,0,1,38,39
323.0,2017-03-12 07:05:00,0,0,0,1,38,39
323.0,2017-03-12 07:08:00,0,0,0,1,38,39
323.0,2017-03-12 07:11:00,0,0,0,1,38,39
323.0,2017-03-12 07:14:00,0,0,0,1,38,39
323.0,2017-03-12 07:17:00,0,0,0,1,38,39
323.0,2017-03-12 07:20:00,0,0,0,1,38,39
323.0,2017-03-12 07:23:00,0,0,0,1,38,39
323.0,2017-03-12 07:24:00,0,0,0,1,38,39
323.0,2017-03-12 07:27:00,0,0,0,1,38,39
323.0,2017-03-12 07:30:00,0,0,0,1,38,39
323.0,2017-03-12 07:33:00,0,0,0,1,38,39
323.0,2017-03-12 07:36:00,0,0,0,1,38,39
323.0,2017-03-12 07:39:00,0,0,0,1,38,39
323.0,2017-03-12 07:42:00,0,0,0,1,38,39
323.0,2017-03-12 07:45:00,0,0,0,1,38,39
323.0,2017-03-12 07:48:00,0,0,0,1,38,39
323.0,2017-03-12 07:51:00,0,0,0,1,38,39
323.0,2017-03-12 07:54:00,0,1,1,2,37,39
323.0,2017-03-12 07:57:00,0,0,0,2,37,39
323.0,2017-03-12 07:58:00,0,0,0,2,37,39
323.0,2017-03-12 08:01:00,0,0,0,2,37,39
323.0,2017-03-12 08:04:00,0,0,0,2,37,39
323.0,2017-03-12 08:07:00,0,0,0,2,37,39
323.0,2017-03-12 08:10:00,0,0,0,2,37,39
323.0,2017-03-12 08:13:00,0,0,0,2,37,39
323.0,2017-03-12 08:16:00,0,0,0,2,37,39
323.0,2017-03-12 08:19:00,0,0,0,2,37,39
323.0,2017-03-12 08:22:00,0,0,0,2,37,39
323.0,2017-03-12 08:25:00,0,0,0,2,37,39
323.0,2017-03-12 08:28:00,0,0,0,2,37,39
323.0,2017-03-12 08:31:00,0,0,0,2,37,39
323.0,2017-03-12 08:32:00,0,0,0,2,37,39
323.0,2017-03-12 08:35:00,0,0,0,2,37,39
323.0,2017-03-12 08:38:00,0,0,0,2,37,39
323.0,2017-03-12 08:41:00,0,0,0,2,37,39
323.0,2017-03-12 08:44:00,0,0,0,2,37,39
323.0,2017-03-12 08:47:00,0,0,0,2,37,39
323.0,2017-03-12 08:50:00,0,0,0,2,37,39
323.0,2017-03-12 08:53:00,0,0,0,2,37,39
323.0,2017-03-12 08:56:00,0,0,0,2,37,39
323.0,2017-03-12 08:59:00,0,0,0,2,37,39
323.0,2017-03-12 09:02:00,0,0,0,2,37,39
323.0,2017-03-12 09:05:00,0,0,0,2,37,39
323.0,2017-03-12 09:07:00,0,0,0,2,37,39
323.0,2017-03-12 09:10:00,0,0,0,2,37,39
323.0,2017-03-12 09:13:00,0,0,0,2,37,39
323.0,2017-03-12 09:16:00,0,0,0,2,37,39
323.0,2017-03-12 09:19:00,0,0,0,2,37,39
323.0,2017-03-12 09:22:00,0,0,0,2,37,39
323.0,2017-03-12 09:25:00,0,0,0,2,37,39
323.0,2017-03-12 09:28:00,0,0,0,2,37,39
323.0,2017-03-12 09:31:00,0,0,0,2,37,39
323.0,2017-03-12 09:34:00,0,0,0,2,37,39
323.0,2017-03-12 09:37:00,0,0,0,2,37,39
323.0,2017-03-12 09:40:00,0,0,0,2,37,39
323.0,2017-03-12 09:43:00,0,0,0,2,37,39
323.0,2017-03-12 09:46:00,0,0,0,2,37,39
323.0,2017-03-12 09:49:00,0,0,0,2,37,39
323.0,2017-03-12 09:52:00,0,0,0,2,37,39
323.0,2017-03-12 09:55:00,0,0,0,2,37,39
323.0,2017-03-12 09:58:00,0,0,0,2,37,39
323.0,2017-03-12 10:01:00,0,2,2,4,35,39
323.0,2017-03-12 10:04:00,0,0,0,4,35,39
323.0,2017-03-12 10:07:00,0,0,0,4,35,39
323.0,2017-03-12 10:10:00,0,0,0,4,35,39
323.0,2017-03-12 10:13:00,0,0,0,4,35,39
323.0,2017-03-12 10:15:00,0,0,0,4,35,39
323.0,2017-03-12 10:18:00,0,0,0,4,35,39
323.0,2017-03-12 10:21:00,0,0,0,4,35,39
323.0,2017-03-12 10:24:00,0,0,0,4,35,39
323.0,2017-03-12 10:27:00,0,0,0,4,35,39
323.0,2017-03-12 10:30:00,0,0,0,4,35,39
323.0,2017-03-12 10:33:00,0,0,0,4,35,39
323.0,2017-03-12 10:36:00,0,0,0,4,35,39
323.0,2017-03-12 10:39:00,0,0,0,4,35,39
323.0,2017-03-12 10:42:00,0,0,0,4,35,39
323.0,2017-03-12 10:45:00,0,0,0,4,35,39
323.0,2017-03-12 10:48:00,0,1,1,5,34,39
323.0,2017-03-12 10:49:00,1,0,-1,4,35,39
323.0,2017-03-12 10:52:00,0,0,0,4,35,39
323.0,2017-03-12 10:55:00,0,0,0,4,35,39
323.0,2017-03-12 10:58:00,0,0,0,4,35,39
323.0,2017-03-12 11:01:00,0,0,0,4,35,39
323.0,2017-03-12 11:04:00,0,0,0,4,35,39
323.0,2017-03-12 11:07:00,0,0,0,4,35,39
323.0,2017-03-12 11:10:00,0,0,0,4,35,39
323.0,2017-03-12 11:13:00,0,0,0,4,35,39
323.0,2017-03-12 11:16:00,0,0,0,4,35,39
323.0,2017-03-12 11:19:00,0,0,0,4,35,39
323.0,2017-03-12 11:22:00,0,0,0,4,35,39
323.0,2017-03-12 11:24:00,0,0,0,4,35,39
323.0,2017-03-12 11:27:00,0,0,0,4,35,39
323.0,2017-03-12 11:30:00,0,0,0,4,35,39
323.0,2017-03-12 11:33:00,0,0,0,4,35,39
323.0,2017-03-12 11:36:00,0,0,0,4,35,39
323.0,2017-03-12 11:39:00,0,0,0,4,35,39
323.0,2017-03-12 11:42:00,0,0,0,4,35,39
323.0,2017-03-12 11:45:00,0,0,0,4,35,39
323.0,2017-03-12 11:48:00,0,0,0,4,35,39
323.0,2017-03-12 11:51:00,2,0,-2,2,37,39
323.0,2017-03-12 11:54:00,0,0,0,2,37,39
323.0,2017-03-12 11:57:00,0,0,0,2,37,39
323.0,2017-03-12 11:58:00,0,0,0,2,37,39
323.0,2017-03-12 12:01:00,0,0,0,2,37,39
323.0,2017-03-12 12:04:00,0,0,0,2,37,39
323.0,2017-03-12 12:07:00,0,0,0,2,37,39
323.0,2017-03-12 12:10:00,0,0,0,2,37,39
323.0,2017-03-12 12:13:00,0,0,0,2,37,39
323.0,2017-03-12 12:16:00,0,0,0,2,37,39
323.0,2017-03-12 12:18:00,0,1,1,4,35,39
323.0,2017-03-12 12:21:00,0,0,0,4,35,39
323.0,2017-03-12 12:24:00,1,1,0,4,35,39
323.0,2017-03-12 12:27:00,0,0,0,4,35,39
323.0,2017-03-12 12:30:00,0,0,0,4,35,39
323.0,2017-03-12 12:33:00,0,0,0,4,35,39
323.0,2017-03-12 12:36:00,1,0,-1,3,36,39
323.0,2017-03-12 12:39:00,0,0,0,3,36,39
323.0,2017-03-12 12:42:00,0,0,0,3,36,39
323.0,2017-03-12 12:45:00,0,1,1,4,35,39
323.0,2017-03-12 12:48:00,0,0,0,4,35,39
323.0,2017-03-12 12:50:00,0,0,0,3,36,39
323.0,2017-03-12 12:53:00,0,0,0,3,36,39
323.0,2017-03-12 12:56:00,0,0,0,3,36,39
323.0,2017-03-12 12:59:00,0,0,0,3,36,39
323.0,2017-03-12 13:02:00,0,0,0,3,36,39
323.0,2017-03-12 13:05:00,0,0,0,3,36,39
323.0,2017-03-12 13:08:00,0,0,0,3,36,39
323.0,2017-03-12 13:09:00,0,0,0,2,37,39
323.0,2017-03-12 13:12:00,0,0,0,2,37,39
323.0,2017-03-12 13:15:00,0,0,0,2,37,39
323.0,2017-03-12 13:18:00,0,0,0,2,37,39
323.0,2017-03-12 13:21:00,0,1,1,3,36,39
323.0,2017-03-12 13:24:00,0,0,0,3,36,39
323.0,2017-03-12 13:27:00,0,0,0,3,36,39
323.0,2017-03-12 13:30:00,0,0,0,3,36,39
323.0,2017-03-12 13:33:00,0,0,0,3,36,39
323.0,2017-03-12 13:36:00,0,0,0,3,36,39
323.0,2017-03-12 13:39:00,0,0,0,3,36,39
323.0,2017-03-12 13:42:00,0,0,0,3,36,39
323.0,2017-03-12 13:45:00,0,0,0,3,36,39
323.0,2017-03-12 13:48:00,0,0,0,3,36,39
323.0,2017-03-12 13:51:00,1,0,-1,2,37,39
323.0,2017-03-12 13:54:00,0,0,0,2,37,39
323.0,2017-03-12 13:57:00,0,0,0,2,37,39
323.0,2017-03-12 14:00:00,0,0,0,2,37,39
323.0,2017-03-12 14:03:00,0,0,0,2,37,39
323.0,2017-03-12 14:06:00,0,0,0,2,37,39
323.0,2017-03-12 14:09:00,0,0,0,2,37,39
323.0,2017-03-12 14:12:00,0,1,1,3,36,39
323.0,2017-03-12 14:15:00,0,0,0,3,36,39
323.0,2017-03-12 14:18:00,0,0,0,3,36,39
323.0,2017-03-12 14:20:00,0,0,0,3,36,39
323.0,2017-03-12 14:23:00,0,0,0,3,36,39
323.0,2017-03-12 14:26:00,0,0,0,3,36,39
323.0,2017-03-12 14:29:00,1,0,-1,2,37,39
323.0,2017-03-12 14:32:00,0,1,1,3,36,39
323.0,2017-03-12 14:35:00,0,0,0,3,36,39
323.0,2017-03-12 14:38:00,0,0,0,3,36,39
323.0,2017-03-12 14:41:00,0,0,0,3,36,39
323.0,2017-03-12 14:44:00,0,0,0,3,36,39
323.0,2017-03-12 14:47:00,0,0,0,3,36,39
323.0,2017-03-12 14:50:00,0,0,0,3,36,39
323.0,2017-03-12 14:53:00,0,1,1,4,35,39
323.0,2017-03-12 14:54:00,0,1,1,4,35,39
323.0,2017-03-12 14:57:00,0,0,0,4,35,39
323.0,2017-03-12 15:00:00,0,0,0,4,35,39
323.0,2017-03-12 15:03:00,0,0,0,4,35,39
323.0,2017-03-12 15:06:00,0,0,0,4,35,39
323.0,2017-03-12 15:09:00,0,0,0,4,35,39
323.0,2017-03-12 15:12:00,1,0,-1,3,36,39
323.0,2017-03-12 15:15:00,1,0,-1,2,37,39
323.0,2017-03-12 15:18:00,0,0,0,2,37,39
323.0,2017-03-12 15:21:00,0,0,0,2,37,39
323.0,2017-03-12 15:24:00,0,0,0,2,37,39
323.0,2017-03-12 15:27:00,1,0,-1,1,38,39
323.0,2017-03-12 15:30:00,1,0,-1,0,39,39
323.0,2017-03-12 15:33:00,0,0,0,0,39,39
323.0,2017-03-12 15:35:00,0,0,0,0,39,39
323.0,2017-03-12 15:38:00,0,0,0,0,39,39
323.0,2017-03-12 15:41:00,0,0,0,0,39,39
323.0,2017-03-12 15:44:00,0,0,0,0,39,39
323.0,2017-03-12 15:47:00,0,0,0,0,39,39
323.0,2017-03-12 15:50:00,0,0,0,0,39,39
323.0,2017-03-12 15:53:00,0,0,0,0,39,39
323.0,2017-03-12 15:56:00,0,0,0,0,39,39
323.0,2017-03-12 15:59:00,0,0,0,0,39,39
323.0,2017-03-12 16:02:00,0,1,1,1,38,39
323.0,2017-03-12 16:05:00,0,1,1,2,37,39
323.0,2017-03-12 16:08:00,0,0,0,2,37,39
323.0,2017-03-12 16:11:00,0,0,0,2,37,39
323.0,2017-03-12 16:14:00,0,1,1,3,36,39
323.0,2017-03-12 16:15:00,0,0,0,3,36,39
323.0,2017-03-12 16:18:00,0,0,0,3,36,39
323.0,2017-03-12 16:21:00,0,2,2,5,34,39
323.0,2017-03-12 16:24:00,0,0,0,5,34,39
323.0,2017-03-12 16:27:00,0,0,0,5,34,39
323.0,2017-03-12 16:30:00,0,0,0,5,34,39
323.0,2017-03-12 16:33:00,0,0,0,5,34,39
323.0,2017-03-12 16:36:00,0,0,0,5,34,39
323.0,2017-03-12 16:39:00,0,0,0,5,34,39
323.0,2017-03-12 16:42:00,0,0,0,5,34,39
323.0,2017-03-12 16:45:00,0,0,0,5,34,39
323.0,2017-03-12 16:48:00,0,0,0,5,34,39
323.0,2017-03-12 16:51:00,0,0,0,5,34,39
323.0,2017-03-12 16:54:00,0,0,0,5,34,39
323.0,2017-03-12 16:55:00,0,0,0,5,34,39
323.0,2017-03-12 16:58:00,0,0,0,5,34,39
323.0,2017-03-12 17:01:00,0,0,0,5,34,39
323.0,2017-03-12 17:04:00,0,0,0,5,34,39
323.0,2017-03-12 17:07:00,0,0,0,5,34,39
323.0,2017-03-12 17:10:00,1,0,-1,4,35,39
323.0,2017-03-12 17:13:00,0,0,0,4,35,39
323.0,2017-03-12 17:16:00,0,0,0,4,35,39
323.0,2017-03-12 17:19:00,0,1,1,5,34,39
323.0,2017-03-12 17:22:00,0,0,0,5,34,39
323.0,2017-03-12 17:25:00,0,0,0,5,34,39
323.0,2017-03-12 17:28:00,1,0,-1,4,35,39
323.0,2017-03-12 17:31:00,0,0,0,4,35,39
323.0,2017-03-12 17:34:00,0,1,1,5,34,39
323.0,2017-03-12 17:35:00,0,1,1,5,34,39
323.0,2017-03-12 17:38:00,0,0,0,5,34,39
323.0,2017-03-12 17:41:00,0,0,0,5,34,39
323.0,2017-03-12 17:44:00,0,0,0,5,34,39
323.0,2017-03-12 17:47:00,0,0,0,5,34,39
323.0,2017-03-12 17:50:00,0,0,0,5,34,39
323.0,2017-03-12 17:53:00,0,0,0,5,34,39
323.0,2017-03-12 17:56:00,0,0,0,5,34,39
323.0,2017-03-12 17:59:00,0,0,0,5,34,39
323.0,2017-03-12 18:02:00,1,0,-1,4,35,39
323.0,2017-03-12 18:05:00,0,0,0,4,35,39
323.0,2017-03-12 18:08:00,1,0,-1,3,36,39
323.0,2017-03-12 18:11:00,0,0,0,3,36,39
323.0,2017-03-12 18:14:00,0,0,0,3,36,39
323.0,2017-03-12 18:17:00,0,0,0,3,36,39
323.0,2017-03-12 18:20:00,0,0,0,3,36,39
323.0,2017-03-12 18:23:00,0,0,0,3,36,39
323.0,2017-03-12 18:26:00,1,0,-1,2,37,39
323.0,2017-03-12 18:29:00,0,0,0,2,37,39
323.0,2017-03-12 18:32:00,0,0,0,2,37,39
323.0,2017-03-12 18:35:00,0,0,0,2,37,39
323.0,2017-03-12 18:38:00,0,0,0,2,37,39
323.0,2017-03-12 18:41:00,0,0,0,2,37,39
323.0,2017-03-12 18:44:00,1,1,0,2,37,39
323.0,2017-03-12 18:47:00,0,0,0,2,37,39
323.0,2017-03-12 18:50:00,0,0,0,2,37,39
323.0,2017-03-12 18:53:00,0,0,0,2,37,39
323.0,2017-03-12 18:54:00,0,0,0,2,37,39
323.0,2017-03-12 18:57:00,0,0,0,2,37,39
323.0,2017-03-12 19:00:00,0,0,0,2,37,39
323.0,2017-03-12 19:03:00,0,0,0,2,37,39
323.0,2017-03-12 19:06:00,0,0,0,2,37,39
323.0,2017-03-12 19:09:00,0,0,0,2,37,39
323.0,2017-03-12 19:12:00,0,0,0,2,37,39
323.0,2017-03-12 19:15:00,0,0,0,2,37,39
323.0,2017-03-12 19:18:00,0,0,0,2,37,39
323.0,2017-03-12 19:21:00,0,0,0,2,37,39
323.0,2017-03-12 19:24:00,1,0,-1,1,38,39
323.0,2017-03-12 19:27:00,0,0,0,1,38,39
323.0,2017-03-12 19:30:00,0,0,0,1,38,39
323.0,2017-03-12 19:33:00,0,0,0,1,38,39
323.0,2017-03-12 19:36:00,0,0,0,1,38,39
323.0,2017-03-12 19:39:00,0,0,0,1,38,39
323.0,2017-03-12 19:42:00,0,0,0,1,38,39
323.0,2017-03-12 19:45:00,0,0,0,1,38,39
323.0,2017-03-12 19:48:00,0,0,0,1,38,39
323.0,2017-03-12 19:51:00,0,0,0,1,38,39
323.0,2017-03-12 19:54:00,0,0,0,1,38,39
323.0,2017-03-12 19:57:00,0,0,0,1,38,39
323.0,2017-03-12 20:00:00,0,0,0,1,38,39
323.0,2017-03-12 20:03:00,0,0,0,1,38,39
323.0,2017-03-12 20:06:00,0,0,0,1,38,39
323.0,2017-03-12 20:09:00,0,0,0,1,38,39
323.0,2017-03-12 20:12:00,0,0,0,1,38,39
323.0,2017-03-12 20:15:00,0,0,0,1,38,39
323.0,2017-03-12 20:18:00,0,0,0,1,38,39
323.0,2017-03-12 20:21:00,0,0,0,1,38,39
323.0,2017-03-12 20:24:00,0,0,0,1,38,39
323.0,2017-03-12 20:27:00,0,0,0,1,38,39
323.0,2017-03-12 20:30:00,0,0,0,1,38,39
323.0,2017-03-12 20:33:00,0,0,0,1,38,39
323.0,2017-03-12 20:36:00,0,0,0,1,38,39
323.0,2017-03-12 20:39:00,0,0,0,1,38,39
323.0,2017-03-12 20:42:00,0,0,0,1,38,39
323.0,2017-03-12 20:44:00,0,0,0,1,38,39
323.0,2017-03-12 20:47:00,0,0,0,1,38,39
323.0,2017-03-12 20:50:00,0,0,0,1,38,39
323.0,2017-03-12 20:53:00,0,0,0,1,38,39
323.0,2017-03-12 20:56:00,0,0,0,1,38,39
323.0,2017-03-12 20:59:00,0,0,0,1,38,39
323.0,2017-03-12 21:02:00,0,0,0,1,38,39
323.0,2017-03-12 21:05:00,0,0,0,1,38,39
323.0,2017-03-12 21:08:00,0,0,0,1,38,39
323.0,2017-03-12 21:11:00,0,0,0,1,38,39
323.0,2017-03-12 21:14:00,0,0,0,1,38,39
323.0,2017-03-12 21:17:00,0,0,0,1,38,39
323.0,2017-03-12 21:18:00,0,0,0,1,38,39
323.0,2017-03-12 21:21:00,0,0,0,1,38,39
323.0,2017-03-12 21:24:00,0,0,0,1,38,39
323.0,2017-03-12 21:27:00,0,0,0,1,38,39
323.0,2017-03-12 21:30:00,0,0,0,1,38,39
323.0,2017-03-12 21:33:00,0,0,0,1,38,39
323.0,2017-03-12 21:36:00,0,0,0,1,38,39
323.0,2017-03-12 21:39:00,0,0,0,1,38,39
323.0,2017-03-12 21:42:00,0,0,0,1,38,39
323.0,2017-03-12 21:45:00,0,0,0,1,38,39
323.0,2017-03-12 21:48:00,0,0,0,1,38,39
323.0,2017-03-12 21:51:00,0,0,0,1,38,39
323.0,2017-03-12 21:54:00,0,0,0,1,38,39
323.0,2017-03-12 21:57:00,0,0,0,1,38,39
323.0,2017-03-12 22:00:00,0,1,1,2,37,39
323.0,2017-03-12 22:03:00,0,0,0,2,37,39
323.0,2017-03-12 22:06:00,0,0,0,2,37,39
323.0,2017-03-12 22:09:00,0,0,0,2,37,39
323.0,2017-03-12 22:12:00,0,0,0,2,37,39
323.0,2017-03-12 22:15:00,0,0,0,2,37,39
323.0,2017-03-12 22:18:00,0,0,0,2,37,39
323.0,2017-03-12 22:21:00,0,0,0,2,37,39
323.0,2017-03-12 22:24:00,0,0,0,2,37,39
323.0,2017-03-12 22:25:00,0,0,0,2,37,39
323.0,2017-03-12 22:28:00,0,0,0,2,37,39
323.0,2017-03-12 22:31:00,0,0,0,2,37,39
323.0,2017-03-12 22:34:00,0,0,0,2,37,39
323.0,2017-03-12 22:37:00,0,0,0,2,37,39
323.0,2017-03-12 22:40:00,0,0,0,2,37,39
323.0,2017-03-12 22:43:00,0,0,0,2,37,39
323.0,2017-03-12 22:46:00,0,0,0,2,37,39
323.0,2017-03-12 22:49:00,0,0,0,2,37,39
323.0,2017-03-12 22:52:00,0,0,0,2,37,39
323.0,2017-03-12 22:55:00,0,0,0,2,37,39
323.0,2017-03-12 22:58:00,0,0,0,2,37,39
323.0,2017-03-12 22:59:00,0,0,0,2,37,39
323.0,2017-03-12 23:02:00,0,0,0,2,37,39
323.0,2017-03-12 23:05:00,0,0,0,2,37,39
323.0,2017-03-12 23:08:00,0,0,0,2,37,39
323.0,2017-03-12 23:11:00,0,0,0,2,37,39
323.0,2017-03-12 23:14:00,0,0,0,2,37,39
323.0,2017-03-12 23:17:00,0,0,0,2,37,39
323.0,2017-03-12 23:20:00,0,0,0,2,37,39
323.0,2017-03-12 23:23:00,0,0,0,2,37,39
323.0,2017-03-12 23:26:00,0,0,0,2,37,39
323.0,2017-03-12 23:29:00,0,0,0,2,37,39
323.0,2017-03-12 23:32:00,0,0,0,2,37,39
323.0,2017-03-12 23:35:00,0,0,0,2,37,39
323.0,2017-03-12 23:38:00,0,0,0,2,37,39
323.0,2017-03-12 23:41:00,0,0,0,2,37,39
323.0,2017-03-12 23:44:00,0,0,0,2,37,39
323.0,2017-03-12 23:47:00,0,0,0,2,37,39
323.0,2017-03-12 23:50:00,0,0,0,2,37,39
323.0,2017-03-12 23:53:00,0,0,0,2,37,39
323.0,2017-03-12 23:56:00,0,0,0,2,37,39
323.0,2017-03-12 23:59:00,0,0,0,2,37,39
323.0,2017-03-13 00:02:00,0,0,0,2,37,39
323.0,2017-03-13 00:05:00,0,0,0,2,37,39
323.0,2017-03-13 00:08:00,0,0,0,2,37,39
323.0,2017-03-13 00:11:00,0,0,0,2,37,39
323.0,2017-03-13 00:14:00,0,0,0,2,37,39
323.0,2017-03-13 00:17:00,0,0,0,2,37,39
323.0,2017-03-13 00:20:00,0,0,0,2,37,39
323.0,2017-03-13 00:23:00,0,0,0,2,37,39
323.0,2017-03-13 00:26:00,0,0,0,2,37,39
323.0,2017-03-13 00:29:00,0,0,0,2,37,39
323.0,2017-03-13 00:32:00,0,0,0,2,37,39
323.0,2017-03-13 00:33:00,0,0,0,2,37,39
323.0,2017-03-13 00:36:00,0,0,0,2,37,39
323.0,2017-03-13 00:39:00,0,0,0,2,37,39
323.0,2017-03-13 00:42:00,1,0,-1,1,38,39
323.0,2017-03-13 00:45:00,0,0,0,1,38,39
323.0,2017-03-13 00:48:00,0,0,0,1,38,39
323.0,2017-03-13 00:51:00,0,0,0,1,38,39
323.0,2017-03-13 00:54:00,0,0,0,1,38,39
323.0,2017-03-13 00:57:00,0,0,0,1,38,39
323.0,2017-03-13 01:00:00,0,0,0,1,38,39
323.0,2017-03-13 01:03:00,0,0,0,1,38,39
323.0,2017-03-13 01:06:00,0,0,0,1,38,39
323.0,2017-03-13 01:09:00,0,0,0,1,38,39
323.0,2017-03-13 01:12:00,0,0,0,1,38,39
323.0,2017-03-13 01:15:00,0,0,0,1,38,39
323.0,2017-03-13 01:18:00,0,0,0,1,38,39
323.0,2017-03-13 01:21:00,0,0,0,1,38,39
323.0,2017-03-13 01:24:00,0,0,0,1,38,39
323.0,2017-03-13 01:27:00,0,0,0,1,38,39
323.0,2017-03-13 01:30:00,0,0,0,1,38,39
323.0,2017-03-13 01:33:00,0,0,0,1,38,39
323.0,2017-03-13 01:36:00,0,0,0,1,38,39
323.0,2017-03-13 01:39:00,0,0,0,1,38,39
323.0,2017-03-13 01:42:00,0,0,0,1,38,39
323.0,2017-03-13 01:45:00,0,0,0,1,38,39
323.0,2017-03-13 01:48:00,0,0,0,1,38,39
323.0,2017-03-13 01:51:00,0,0,0,1,38,39
323.0,2017-03-13 01:54:00,0,0,0,1,38,39
323.0,2017-03-13 01:57:00,0,0,0,1,38,39
323.0,2017-03-13 02:00:00,0,0,0,1,38,39
323.0,2017-03-13 02:03:00,0,0,0,1,38,39
323.0,2017-03-13 02:06:00,0,0,0,1,38,39
323.0,2017-03-13 02:09:00,0,0,0,1,38,39
323.0,2017-03-13 02:12:00,0,0,0,1,38,39
323.0,2017-03-13 02:15:00,0,0,0,1,38,39
323.0,2017-03-13 02:18:00,0,0,0,1,38,39
323.0,2017-03-13 02:19:00,0,0,0,1,38,39
323.0,2017-03-13 02:22:00,0,0,0,1,38,39
323.0,2017-03-13 02:25:00,0,0,0,1,38,39
323.0,2017-03-13 02:28:00,0,0,0,1,38,39
323.0,2017-03-13 02:31:00,0,0,0,1,38,39
323.0,2017-03-13 02:34:00,0,0,0,1,38,39
323.0,2017-03-13 02:37:00,0,0,0,1,38,39
323.0,2017-03-13 02:40:00,0,0,0,1,38,39
323.0,2017-03-13 02:43:00,0,0,0,1,38,39
323.0,2017-03-13 02:46:00,0,0,0,1,38,39
323.0,2017-03-13 02:49:00,0,0,0,1,38,39
323.0,2017-03-13 02:51:00,0,0,0,1,38,39
323.0,2017-03-13 02:54:00,0,0,0,1,38,39
323.0,2017-03-13 02:57:00,0,0,0,1,38,39
323.0,2017-03-13 03:00:00,0,0,0,1,38,39
323.0,2017-03-13 03:03:00,0,0,0,1,38,39
323.0,2017-03-13 03:06:00,0,0,0,1,38,39
323.0,2017-03-13 03:09:00,0,0,0,1,38,39
323.0,2017-03-13 03:12:00,0,0,0,1,38,39
323.0,2017-03-13 03:15:00,0,0,0,1,38,39
323.0,2017-03-13 03:18:00,0,0,0,1,38,39
323.0,2017-03-13 03:21:00,0,0,0,1,38,39
323.0,2017-03-13 03:24:00,0,0,0,1,38,39
323.0,2017-03-13 03:27:00,0,0,0,1,38,39
323.0,2017-03-13 03:30:00,0,0,0,1,38,39
323.0,2017-03-13 03:33:00,0,0,0,1,38,39
323.0,2017-03-13 03:36:00,0,0,0,1,38,39
323.0,2017-03-13 03:39:00,0,0,0,1,38,39
323.0,2017-03-13 03:42:00,0,0,0,1,38,39
323.0,2017-03-13 03:45:00,0,0,0,1,38,39
323.0,2017-03-13 03:48:00,0,0,0,1,38,39
323.0,2017-03-13 03:51:00,0,0,0,1,38,39
323.0,2017-03-13 03:54:00,0,0,0,1,38,39
323.0,2017-03-13 03:57:00,0,0,0,1,38,39
323.0,2017-03-13 04:00:00,0,0,0,1,38,39
323.0,2017-03-13 04:03:00,0,0,0,1,38,39
323.0,2017-03-13 04:06:00,0,0,0,1,38,39
323.0,2017-03-13 04:09:00,0,0,0,1,38,39
323.0,2017-03-13 04:12:00,0,0,0,1,38,39
323.0,2017-03-13 04:15:00,0,0,0,1,38,39
323.0,2017-03-13 04:18:00,0,0,0,1,38,39
323.0,2017-03-13 04:21:00,0,0,0,1,38,39
323.0,2017-03-13 04:24:00,0,0,0,1,38,39
323.0,2017-03-13 04:27:00,0,0,0,1,38,39
323.0,2017-03-13 04:30:00,0,0,0,1,38,39
323.0,2017-03-13 04:33:00,0,0,0,1,38,39
323.0,2017-03-13 04:36:00,0,0,0,1,38,39
323.0,2017-03-13 04:39:00,0,0,0,1,38,39
323.0,2017-03-13 04:42:00,0,0,0,1,38,39
323.0,2017-03-13 04:45:00,0,0,0,1,38,39
323.0,2017-03-13 04:48:00,0,0,0,1,38,39
323.0,2017-03-13 04:51:00,0,0,0,1,38,39
323.0,2017-03-13 04:54:00,0,0,0,1,38,39
323.0,2017-03-13 04:57:00,0,0,0,1,38,39
323.0,2017-03-13 05:00:00,0,0,0,1,38,39
323.0,2017-03-13 05:03:00,0,0,0,1,38,39
323.0,2017-03-13 05:06:00,0,0,0,1,38,39
323.0,2017-03-13 05:09:00,0,0,0,1,38,39
323.0,2017-03-13 05:12:00,0,0,0,1,38,39
323.0,2017-03-13 05:15:00,0,0,0,1,38,39
323.0,2017-03-13 05:18:00,0,0,0,1,38,39
323.0,2017-03-13 05:21:00,0,0,0,1,38,39
323.0,2017-03-13 05:24:00,0,0,0,1,38,39
323.0,2017-03-13 05:27:00,0,0,0,1,38,39
323.0,2017-03-13 05:30:00,0,0,0,1,38,39
323.0,2017-03-13 05:33:00,0,0,0,1,38,39
323.0,2017-03-13 05:36:00,0,0,0,1,38,39
323.0,2017-03-13 05:39:00,0,0,0,1,38,39
323.0,2017-03-13 05:42:00,0,0,0,1,38,39
323.0,2017-03-13 05:45:00,0,0,0,1,38,39
323.0,2017-03-13 05:48:00,0,0,0,1,38,39
323.0,2017-03-13 05:51:00,0,0,0,1,38,39
323.0,2017-03-13 05:52:00,0,0,0,1,38,39
323.0,2017-03-13 05:55:00,0,0,0,1,38,39
323.0,2017-03-13 05:58:00,0,0,0,1,38,39
323.0,2017-03-13 06:01:00,0,0,0,1,38,39
323.0,2017-03-13 06:04:00,0,0,0,1,38,39
323.0,2017-03-13 06:07:00,0,0,0,1,38,39
323.0,2017-03-13 06:10:00,0,0,0,1,38,39
323.0,2017-03-13 06:13:00,0,0,0,1,38,39
323.0,2017-03-13 06:16:00,0,0,0,1,38,39
323.0,2017-03-13 06:19:00,0,0,0,1,38,39
323.0,2017-03-13 06:22:00,0,0,0,1,38,39
323.0,2017-03-13 06:25:00,0,0,0,1,38,39
323.0,2017-03-13 06:27:00,0,0,0,1,38,39
323.0,2017-03-13 06:30:00,0,0,0,1,38,39
323.0,2017-03-13 06:33:00,0,0,0,1,38,39
323.0,2017-03-13 06:36:00,0,0,0,1,38,39
323.0,2017-03-13 06:39:00,0,0,0,1,38,39
323.0,2017-03-13 06:42:00,0,0,0,1,38,39
323.0,2017-03-13 06:45:00,0,0,0,1,38,39
323.0,2017-03-13 06:48:00,0,0,0,1,38,39
323.0,2017-03-13 06:51:00,0,0,0,1,38,39
323.0,2017-03-13 06:54:00,0,0,0,1,38,39
323.0,2017-03-13 06:57:00,0,0,0,1,38,39
323.0,2017-03-13 07:00:00,0,0,0,1,38,39
323.0,2017-03-13 07:03:00,0,1,1,2,37,39
323.0,2017-03-13 07:04:00,0,0,0,2,37,39
323.0,2017-03-13 07:07:00,0,0,0,2,37,39
323.0,2017-03-13 07:10:00,0,0,0,2,37,39
323.0,2017-03-13 07:13:00,0,0,0,2,37,39
323.0,2017-03-13 07:16:00,0,0,0,2,37,39
323.0,2017-03-13 07:19:00,0,0,0,2,37,39
323.0,2017-03-13 07:22:00,0,1,1,3,36,39
323.0,2017-03-13 07:25:00,0,1,1,4,35,39
323.0,2017-03-13 07:28:00,0,0,0,4,35,39
323.0,2017-03-13 07:31:00,0,0,0,4,35,39
323.0,2017-03-13 07:34:00,0,1,1,5,34,39
323.0,2017-03-13 07:37:00,0,0,0,5,34,39
323.0,2017-03-13 07:40:00,0,1,1,6,33,39
323.0,2017-03-13 07:41:00,0,1,1,6,33,39
323.0,2017-03-13 07:44:00,1,0,-1,5,34,39
323.0,2017-03-13 07:47:00,0,0,0,5,34,39
323.0,2017-03-13 07:50:00,0,2,2,7,32,39
323.0,2017-03-13 07:53:00,0,0,0,7,32,39
323.0,2017-03-13 07:56:00,0,0,0,7,32,39
323.0,2017-03-13 07:59:00,0,1,1,8,31,39
323.0,2017-03-13 08:02:00,0,0,0,8,31,39
323.0,2017-03-13 08:05:00,0,0,0,8,31,39
323.0,2017-03-13 08:08:00,1,0,-1,7,32,39
323.0,2017-03-13 08:11:00,0,0,0,7,32,39
323.0,2017-03-13 08:14:00,0,0,0,7,32,39
323.0,2017-03-13 08:17:00,0,0,0,7,32,39
323.0,2017-03-13 08:18:00,0,0,0,7,32,39
323.0,2017-03-13 08:21:00,1,1,0,7,32,39
323.0,2017-03-13 08:24:00,0,2,2,9,30,39
323.0,2017-03-13 08:27:00,0,2,2,11,28,39
323.0,2017-03-13 08:30:00,0,0,0,11,28,39
323.0,2017-03-13 08:33:00,0,0,0,11,28,39
323.0,2017-03-13 08:36:00,0,0,0,11,28,39
323.0,2017-03-13 08:39:00,0,2,2,13,26,39
323.0,2017-03-13 08:42:00,0,1,1,14,25,39
323.0,2017-03-13 08:45:00,0,1,1,15,24,39
323.0,2017-03-13 08:48:00,0,0,0,15,24,39
323.0,2017-03-13 08:51:00,0,2,2,17,22,39
323.0,2017-03-13 08:54:00,1,0,-1,16,23,39
323.0,2017-03-13 08:57:00,0,0,0,16,23,39
323.0,2017-03-13 09:00:00,0,2,2,18,21,39
323.0,2017-03-13 09:03:00,0,0,0,18,21,39
323.0,2017-03-13 09:06:00,1,1,0,18,21,39
323.0,2017-03-13 09:09:00,0,0,0,18,21,39
323.0,2017-03-13 09:12:00,0,0,0,18,21,39
323.0,2017-03-13 09:15:00,0,1,1,19,20,39
323.0,2017-03-13 09:18:00,0,1,1,20,19,39
323.0,2017-03-13 09:21:00,0,0,0,20,19,39
323.0,2017-03-13 09:24:00,0,0,0,20,19,39
323.0,2017-03-13 09:27:00,0,0,0,20,19,39
323.0,2017-03-13 09:30:00,0,0,0,20,19,39
323.0,2017-03-13 09:33:00,0,0,0,20,19,39
323.0,2017-03-13 09:36:00,0,1,1,21,18,39
323.0,2017-03-13 09:39:00,0,0,0,21,18,39
323.0,2017-03-13 09:42:00,0,2,2,23,16,39
323.0,2017-03-13 09:45:00,0,0,0,23,16,39
323.0,2017-03-13 09:48:00,0,1,1,24,15,39
323.0,2017-03-13 09:51:00,0,0,0,24,15,39
323.0,2017-03-13 09:54:00,0,0,0,24,15,39
323.0,2017-03-13 09:57:00,0,1,1,25,14,39
323.0,2017-03-13 10:00:00,0,0,0,25,14,39
323.0,2017-03-13 10:03:00,0,0,0,25,14,39
323.0,2017-03-13 10:06:00,0,0,0,25,14,39
323.0,2017-03-13 10:09:00,0,0,0,25,14,39
323.0,2017-03-13 10:12:00,0,0,0,25,14,39
323.0,2017-03-13 10:15:00,0,1,1,26,13,39
323.0,2017-03-13 10:18:00,0,0,0,26,13,39
323.0,2017-03-13 10:21:00,0,0,0,26,13,39
323.0,2017-03-13 10:24:00,0,0,0,26,13,39
323.0,2017-03-13 10:27:00,0,0,0,26,13,39
323.0,2017-03-13 10:30:00,0,0,0,26,13,39
323.0,2017-03-13 10:33:00,0,0,0,26,13,39
323.0,2017-03-13 10:36:00,0,0,0,26,13,39
323.0,2017-03-13 10:39:00,0,0,0,26,13,39
323.0,2017-03-13 10:42:00,0,0,0,26,13,39
323.0,2017-03-13 10:45:00,0,0,0,26,13,39
323.0,2017-03-13 10:48:00,0,0,0,26,13,39
323.0,2017-03-13 10:51:00,0,0,0,26,13,39
323.0,2017-03-13 10:54:00,0,0,0,26,13,39
323.0,2017-03-13 10:57:00,0,0,0,26,13,39
323.0,2017-03-13 11:00:00,0,1,1,27,12,39
323.0,2017-03-13 11:03:00,0,0,0,27,12,39
323.0,2017-03-13 11:06:00,0,0,0,27,12,39
323.0,2017-03-13 11:09:00,1,0,-1,26,13,39
323.0,2017-03-13 11:12:00,0,0,0,26,13,39
323.0,2017-03-13 11:15:00,0,0,0,26,13,39
323.0,2017-03-13 11:18:00,0,0,0,26,13,39
323.0,2017-03-13 11:21:00,0,0,0,26,13,39
323.0,2017-03-13 11:23:00,0,0,0,26,13,39
323.0,2017-03-13 11:26:00,0,0,0,26,13,39
323.0,2017-03-13 11:29:00,0,1,1,27,12,39
323.0,2017-03-13 11:32:00,0,0,0,27,12,39
323.0,2017-03-13 11:35:00,0,0,0,27,12,39
323.0,2017-03-13 11:38:00,0,0,0,27,12,39
323.0,2017-03-13 11:41:00,0,0,0,27,12,39
323.0,2017-03-13 11:44:00,0,0,0,27,12,39
323.0,2017-03-13 11:47:00,1,0,-1,26,13,39
323.0,2017-03-13 11:50:00,0,0,0,26,13,39
323.0,2017-03-13 11:53:00,0,0,0,26,13,39
323.0,2017-03-13 11:56:00,0,0,0,26,13,39
323.0,2017-03-13 11:58:00,0,0,0,26,13,39
323.0,2017-03-13 12:01:00,0,0,0,26,13,39
323.0,2017-03-13 12:04:00,0,0,0,26,13,39
323.0,2017-03-13 12:07:00,0,0,0,26,13,39
323.0,2017-03-13 12:09:00,0,0,0,2,37,39
323.0,2017-03-13 12:12:00,0,0,0,2,37,39
323.0,2017-03-13 12:15:00,0,0,0,2,37,39
323.0,2017-03-13 12:18:00,0,0,0,2,37,39
323.0,2017-03-13 12:21:00,0,0,0,2,37,39
323.0,2017-03-13 12:24:00,0,0,0,2,37,39
323.0,2017-03-13 12:27:00,0,1,1,3,36,39
323.0,2017-03-13 12:30:00,0,0,0,3,36,39
323.0,2017-03-13 12:33:00,0,0,0,3,36,39
323.0,2017-03-13 12:36:00,0,0,0,3,36,39
323.0,2017-03-13 12:39:00,0,0,0,3,36,39
323.0,2017-03-13 12:42:00,0,0,0,2,37,39
323.0,2017-03-13 12:45:00,0,0,0,2,37,39
323.0,2017-03-13 12:48:00,0,1,1,3,36,39
323.0,2017-03-13 12:51:00,0,0,0,3,36,39
323.0,2017-03-13 12:54:00,0,0,0,3,36,39
323.0,2017-03-13 12:57:00,0,0,0,3,36,39
323.0,2017-03-13 13:00:00,0,1,1,4,35,39
323.0,2017-03-13 13:03:00,1,0,-1,3,36,39
323.0,2017-03-13 13:06:00,1,1,0,3,36,39
323.0,2017-03-13 13:09:00,0,0,0,28,11,39
323.0,2017-03-13 13:12:00,0,0,0,28,11,39
323.0,2017-03-13 13:15:00,0,0,0,28,11,39
323.0,2017-03-13 13:18:00,0,0,0,28,11,39
323.0,2017-03-13 13:21:00,0,0,0,28,11,39
323.0,2017-03-13 13:24:00,0,0,0,28,11,39
323.0,2017-03-13 13:27:00,0,0,0,28,11,39
323.0,2017-03-13 13:30:00,0,0,0,28,11,39
323.0,2017-03-13 13:33:00,0,0,0,28,11,39
323.0,2017-03-13 13:36:00,0,0,0,28,11,39
323.0,2017-03-13 13:39:00,0,0,0,28,11,39
323.0,2017-03-13 13:42:00,0,0,0,28,11,39
323.0,2017-03-13 13:45:00,0,0,0,28,11,39
323.0,2017-03-13 13:47:00,0,0,0,28,11,39
323.0,2017-03-13 13:50:00,0,0,0,28,11,39
323.0,2017-03-13 13:53:00,0,0,0,28,11,39
323.0,2017-03-13 13:56:00,0,0,0,28,11,39
323.0,2017-03-13 13:59:00,0,0,0,28,11,39
323.0,2017-03-13 14:02:00,0,0,0,28,11,39
323.0,2017-03-13 14:05:00,0,0,0,28,11,39
323.0,2017-03-13 14:08:00,2,0,-2,26,13,39
323.0,2017-03-13 14:11:00,0,0,0,26,13,39
323.0,2017-03-13 14:14:00,0,0,0,26,13,39
323.0,2017-03-13 14:17:00,0,1,1,27,12,39
323.0,2017-03-13 14:20:00,1,0,-1,26,13,39
323.0,2017-03-13 14:23:00,0,0,0,26,13,39
323.0,2017-03-13 14:26:00,0,0,0,26,13,39
323.0,2017-03-13 14:29:00,1,0,-1,25,14,39
323.0,2017-03-13 14:32:00,0,2,2,27,12,39
323.0,2017-03-13 14:35:00,0,0,0,27,12,39
323.0,2017-03-13 14:38:00,0,0,0,27,12,39
323.0,2017-03-13 14:41:00,0,0,0,27,12,39
323.0,2017-03-13 14:44:00,0,0,0,27,12,39
323.0,2017-03-13 14:47:00,0,1,1,28,11,39
323.0,2017-03-13 14:50:00,0,0,0,28,11,39
323.0,2017-03-13 14:53:00,0,0,0,28,11,39
323.0,2017-03-13 14:56:00,0,0,0,28,11,39
323.0,2017-03-13 14:59:00,0,0,0,28,11,39
323.0,2017-03-13 15:00:00,0,0,0,28,11,39
323.0,2017-03-13 15:03:00,0,0,0,28,11,39
323.0,2017-03-13 15:06:00,0,1,1,29,10,39
323.0,2017-03-13 15:09:00,1,0,-1,28,11,39
323.0,2017-03-13 15:12:00,0,1,1,29,10,39
323.0,2017-03-13 15:15:00,0,0,0,29,10,39
323.0,2017-03-13 15:18:00,0,0,0,29,10,39
323.0,2017-03-13 15:21:00,0,0,0,29,10,39
323.0,2017-03-13 15:24:00,0,0,0,29,10,39
323.0,2017-03-13 15:27:00,0,0,0,29,10,39
323.0,2017-03-13 15:30:00,0,0,0,29,10,39
323.0,2017-03-13 15:33:00,1,0,-1,28,11,39
323.0,2017-03-13 15:36:00,0,1,1,29,10,39
323.0,2017-03-13 15:38:00,0,0,0,30,9,39
323.0,2017-03-13 15:41:00,0,0,0,30,9,39
323.0,2017-03-13 15:44:00,0,0,0,30,9,39
323.0,2017-03-13 15:47:00,0,0,0,30,9,39
323.0,2017-03-13 15:50:00,0,0,0,30,9,39
323.0,2017-03-13 15:53:00,0,0,0,30,9,39
323.0,2017-03-13 15:56:00,0,0,0,30,9,39
323.0,2017-03-13 15:59:00,0,0,0,30,9,39
323.0,2017-03-13 16:02:00,1,0,-1,29,10,39
323.0,2017-03-13 16:05:00,0,0,0,29,10,39
323.0,2017-03-13 16:08:00,0,0,0,29,10,39
323.0,2017-03-13 16:11:00,0,0,0,29,10,39
323.0,2017-03-13 16:14:00,0,0,0,29,10,39
323.0,2017-03-13 16:16:00,0,0,0,29,10,39
323.0,2017-03-13 16:19:00,0,0,0,29,10,39
323.0,2017-03-13 16:22:00,0,0,0,29,10,39
323.0,2017-03-13 16:25:00,0,0,0,29,10,39
323.0,2017-03-13 16:28:00,0,0,0,29,10,39
323.0,2017-03-13 16:31:00,0,0,0,29,10,39
323.0,2017-03-13 16:34:00,0,0,0,29,10,39
323.0,2017-03-13 16:37:00,0,0,0,29,10,39
323.0,2017-03-13 16:40:00,0,0,0,29,10,39
323.0,2017-03-13 16:43:00,0,0,0,29,10,39
323.0,2017-03-13 16:46:00,0,0,0,29,10,39
323.0,2017-03-13 16:49:00,0,0,0,29,10,39
323.0,2017-03-13 16:52:00,0,0,0,29,10,39
323.0,2017-03-13 16:55:00,0,0,0,29,10,39
323.0,2017-03-13 16:58:00,0,1,1,30,9,39
323.0,2017-03-13 17:01:00,0,0,0,30,9,39
323.0,2017-03-13 17:04:00,0,0,0,30,9,39
323.0,2017-03-13 17:07:00,0,0,0,30,9,39
323.0,2017-03-13 17:10:00,0,0,0,30,9,39
323.0,2017-03-13 17:13:00,0,0,0,30,9,39
323.0,2017-03-13 17:16:00,0,0,0,30,9,39
323.0,2017-03-13 17:19:00,1,0,-1,29,10,39
323.0,2017-03-13 17:22:00,0,1,1,30,9,39
323.0,2017-03-13 17:25:00,1,0,-1,29,10,39
323.0,2017-03-13 17:28:00,0,0,0,29,10,39
323.0,2017-03-13 17:31:00,1,0,-1,28,11,39
323.0,2017-03-13 17:34:00,1,0,-1,26,13,39
323.0,2017-03-13 17:37:00,0,0,0,26,13,39
323.0,2017-03-13 17:40:00,0,0,0,26,13,39
323.0,2017-03-13 17:43:00,1,0,-1,25,14,39
323.0,2017-03-13 17:46:00,1,0,-1,24,15,39
323.0,2017-03-13 17:49:00,0,0,0,24,15,39
323.0,2017-03-13 17:52:00,1,0,-1,23,16,39
323.0,2017-03-13 17:55:00,0,0,0,23,16,39
323.0,2017-03-13 17:58:00,1,0,-1,22,17,39
323.0,2017-03-13 18:01:00,0,0,0,22,17,39
323.0,2017-03-13 18:04:00,1,0,-1,21,18,39
323.0,2017-03-13 18:07:00,0,1,1,22,17,39
323.0,2017-03-13 18:10:00,1,0,-1,21,18,39
323.0,2017-03-13 18:13:00,0,1,1,23,16,39
323.0,2017-03-13 18:16:00,1,1,0,23,16,39
323.0,2017-03-13 18:19:00,0,1,1,24,15,39
323.0,2017-03-13 18:22:00,0,0,0,24,15,39
323.0,2017-03-13 18:25:00,2,0,-2,22,17,39
323.0,2017-03-13 18:28:00,0,0,0,22,17,39
323.0,2017-03-13 18:31:00,2,0,-2,20,19,39
323.0,2017-03-13 18:34:00,1,0,-1,19,20,39
323.0,2017-03-13 18:37:00,0,0,0,19,20,39
323.0,2017-03-13 18:40:00,0,0,0,19,20,39
323.0,2017-03-13 18:43:00,0,0,0,19,20,39
323.0,2017-03-13 18:46:00,0,0,0,19,20,39
323.0,2017-03-13 18:49:00,1,0,-1,18,21,39
323.0,2017-03-13 18:51:00,0,0,0,18,21,39
323.0,2017-03-13 18:54:00,1,0,-1,17,22,39
323.0,2017-03-13 18:57:00,0,0,0,17,22,39
323.0,2017-03-13 19:00:00,0,0,0,17,22,39
323.0,2017-03-13 19:03:00,0,0,0,17,22,39
323.0,2017-03-13 19:06:00,0,0,0,17,22,39
323.0,2017-03-13 19:09:00,1,0,-1,16,23,39
323.0,2017-03-13 19:12:00,1,0,-1,15,24,39
323.0,2017-03-13 19:15:00,0,0,0,15,24,39
323.0,2017-03-13 19:18:00,0,0,0,15,24,39
323.0,2017-03-13 19:21:00,0,0,0,15,24,39
323.0,2017-03-13 19:24:00,0,0,0,15,24,39
323.0,2017-03-13 19:27:00,0,0,0,15,24,39
323.0,2017-03-13 19:30:00,0,0,0,15,24,39
323.0,2017-03-13 19:33:00,0,0,0,15,24,39
323.0,2017-03-13 19:36:00,0,0,0,15,24,39
323.0,2017-03-13 19:39:00,0,0,0,15,24,39
323.0,2017-03-13 19:42:00,0,0,0,15,24,39
323.0,2017-03-13 19:45:00,0,0,0,15,24,39
323.0,2017-03-13 19:48:00,0,0,0,15,24,39
323.0,2017-03-13 19:51:00,0,0,0,15,24,39
323.0,2017-03-13 19:54:00,0,0,0,15,24,39
323.0,2017-03-13 19:57:00,0,0,0,15,24,39
323.0,2017-03-13 20:00:00,0,0,0,15,24,39
323.0,2017-03-13 20:03:00,0,0,0,15,24,39
323.0,2017-03-13 20:06:00,1,0,-1,14,25,39
323.0,2017-03-13 20:09:00,0,0,0,14,25,39
323.0,2017-03-13 20:12:00,0,0,0,14,25,39
323.0,2017-03-13 20:15:00,1,1,0,14,25,39
323.0,2017-03-13 20:18:00,0,0,0,14,25,39
323.0,2017-03-13 20:21:00,1,0,-1,13,26,39
323.0,2017-03-13 20:24:00,0,0,0,13,26,39
323.0,2017-03-13 20:27:00,0,0,0,13,26,39
323.0,2017-03-13 20:30:00,0,1,1,14,25,39
323.0,2017-03-13 20:33:00,0,0,0,14,25,39
323.0,2017-03-13 20:36:00,0,0,0,14,25,39
323.0,2017-03-13 20:39:00,0,0,0,14,25,39
323.0,2017-03-13 20:42:00,0,0,0,14,25,39
323.0,2017-03-13 20:45:00,0,0,0,14,25,39
323.0,2017-03-13 20:48:00,0,0,0,14,25,39
323.0,2017-03-13 20:51:00,0,0,0,14,25,39
323.0,2017-03-13 20:54:00,0,0,0,14,25,39
323.0,2017-03-13 20:57:00,0,1,1,15,24,39
323.0,2017-03-13 21:00:00,0,1,1,16,23,39
323.0,2017-03-13 21:03:00,0,0,0,16,23,39
323.0,2017-03-13 21:06:00,0,0,0,16,23,39
323.0,2017-03-13 21:09:00,0,0,0,16,23,39
323.0,2017-03-13 21:12:00,0,0,0,16,23,39
323.0,2017-03-13 21:15:00,1,0,-1,14,25,39
323.0,2017-03-13 21:18:00,0,0,0,14,25,39
323.0,2017-03-13 21:21:00,0,0,0,14,25,39
323.0,2017-03-13 21:24:00,1,0,-1,13,26,39
323.0,2017-03-13 21:27:00,0,0,0,13,26,39
323.0,2017-03-13 21:30:00,0,0,0,13,26,39
323.0,2017-03-13 21:33:00,0,0,0,13,26,39
323.0,2017-03-13 21:36:00,0,0,0,13,26,39
323.0,2017-03-13 21:39:00,0,0,0,13,26,39
323.0,2017-03-13 21:42:00,0,0,0,13,26,39
323.0,2017-03-13 21:45:00,0,0,0,13,26,39
323.0,2017-03-13 21:48:00,0,0,0,13,26,39
323.0,2017-03-13 21:49:00,0,0,0,14,25,39
323.0,2017-03-13 21:52:00,0,0,0,14,25,39
323.0,2017-03-13 21:55:00,1,0,-1,13,26,39
323.0,2017-03-13 21:58:00,0,0,0,13,26,39
323.0,2017-03-13 22:01:00,0,0,0,13,26,39
323.0,2017-03-13 22:04:00,0,0,0,13,26,39
323.0,2017-03-13 22:07:00,0,0,0,13,26,39
323.0,2017-03-13 22:10:00,0,0,0,13,26,39
323.0,2017-03-13 22:13:00,0,0,0,13,26,39
323.0,2017-03-13 22:16:00,0,0,0,13,26,39
323.0,2017-03-13 22:19:00,0,0,0,13,26,39
323.0,2017-03-13 22:22:00,0,1,1,14,25,39
323.0,2017-03-13 22:23:00,0,0,0,14,25,39
323.0,2017-03-13 22:26:00,0,0,0,14,25,39
323.0,2017-03-13 22:29:00,0,0,0,14,25,39
323.0,2017-03-13 22:32:00,0,0,0,14,25,39
323.0,2017-03-13 22:35:00,0,0,0,14,25,39
323.0,2017-03-13 22:38:00,0,0,0,14,25,39
323.0,2017-03-13 22:41:00,0,0,0,14,25,39
323.0,2017-03-13 22:44:00,1,0,-1,13,26,39
323.0,2017-03-13 22:47:00,0,0,0,13,26,39
323.0,2017-03-13 22:50:00,0,0,0,13,26,39
323.0,2017-03-13 22:53:00,0,0,0,13,26,39
323.0,2017-03-13 22:56:00,0,0,0,13,26,39
323.0,2017-03-13 22:59:00,0,0,0,13,26,39
323.0,2017-03-13 23:02:00,0,0,0,13,26,39
323.0,2017-03-13 23:05:00,0,1,1,14,25,39
323.0,2017-03-13 23:08:00,0,0,0,14,25,39
323.0,2017-03-13 23:11:00,0,0,0,14,25,39
323.0,2017-03-13 23:14:00,0,0,0,14,25,39
323.0,2017-03-13 23:17:00,0,0,0,14,25,39
323.0,2017-03-13 23:20:00,0,0,0,14,25,39
323.0,2017-03-13 23:23:00,0,0,0,14,25,39
323.0,2017-03-13 23:26:00,0,0,0,14,25,39
323.0,2017-03-13 23:29:00,0,0,0,14,25,39
323.0,2017-03-13 23:32:00,0,0,0,14,25,39
323.0,2017-03-13 23:35:00,0,0,0,14,25,39
323.0,2017-03-13 23:38:00,0,0,0,14,25,39
323.0,2017-03-13 23:39:00,0,0,0,0,39,39
323.0,2017-03-13 23:42:00,0,0,0,0,39,39
323.0,2017-03-13 23:45:00,0,0,0,0,39,39
323.0,2017-03-13 23:48:00,0,0,0,0,39,39
323.0,2017-03-13 23:51:00,0,0,0,0,39,39
323.0,2017-03-13 23:54:00,0,0,0,0,39,39
323.0,2017-03-13 23:57:00,0,0,0,0,39,39
323.0,2017-03-14 00:00:00,0,0,0,0,39,39
323.0,2017-03-14 00:03:00,0,0,0,0,39,39
323.0,2017-03-14 00:06:00,0,0,0,0,39,39
323.0,2017-03-14 00:09:00,0,0,0,0,39,39
323.0,2017-03-14 00:12:00,0,0,0,0,39,39
323.0,2017-03-14 00:15:00,0,0,0,0,39,39
323.0,2017-03-14 00:18:00,0,0,0,0,39,39
323.0,2017-03-14 00:21:00,0,0,0,0,39,39
323.0,2017-03-14 00:24:00,0,0,0,0,39,39
323.0,2017-03-14 00:27:00,0,0,0,0,39,39
323.0,2017-03-14 00:30:00,0,0,0,0,39,39
323.0,2017-03-14 00:33:00,0,0,0,0,39,39
323.0,2017-03-14 00:34:00,0,0,0,27,12,39
323.0,2017-03-14 00:37:00,0,0,0,27,12,39
323.0,2017-03-14 00:40:00,0,0,0,27,12,39
323.0,2017-03-14 00:43:00,0,0,0,27,12,39
323.0,2017-03-14 00:46:00,0,0,0,27,12,39
323.0,2017-03-14 00:49:00,0,0,0,27,12,39
323.0,2017-03-14 00:52:00,0,0,0,27,12,39
323.0,2017-03-14 00:55:00,0,0,0,27,12,39
323.0,2017-03-14 00:58:00,0,0,0,27,12,39
323.0,2017-03-14 01:01:00,0,0,0,27,12,39
323.0,2017-03-14 01:04:00,0,0,0,27,12,39
323.0,2017-03-14 01:07:00,0,0,0,27,12,39
323.0,2017-03-14 01:10:00,0,0,0,27,12,39
323.0,2017-03-14 01:13:00,0,0,0,27,12,39
323.0,2017-03-14 01:16:00,0,0,0,27,12,39
323.0,2017-03-14 01:19:00,0,0,0,27,12,39
323.0,2017-03-14 01:22:00,0,0,0,27,12,39
323.0,2017-03-14 01:23:00,0,0,0,0,39,39
323.0,2017-03-14 01:26:00,0,0,0,0,39,39
323.0,2017-03-14 01:29:00,0,0,0,0,39,39
323.0,2017-03-14 01:32:00,0,0,0,0,39,39
323.0,2017-03-14 01:35:00,0,0,0,0,39,39
323.0,2017-03-14 01:38:00,0,0,0,0,39,39
323.0,2017-03-14 01:41:00,0,0,0,0,39,39
323.0,2017-03-14 01:44:00,0,0,0,0,39,39
323.0,2017-03-14 01:47:00,0,0,0,0,39,39
323.0,2017-03-14 01:50:00,0,0,0,0,39,39
323.0,2017-03-14 01:53:00,0,0,0,0,39,39
323.0,2017-03-14 01:55:00,0,0,0,0,39,39
323.0,2017-03-14 01:58:00,0,0,0,0,39,39
323.0,2017-03-14 02:01:00,0,0,0,0,39,39
323.0,2017-03-14 02:04:00,0,0,0,0,39,39
323.0,2017-03-14 02:07:00,0,0,0,0,39,39
323.0,2017-03-14 02:10:00,0,0,0,0,39,39
323.0,2017-03-14 02:13:00,0,0,0,0,39,39
323.0,2017-03-14 02:16:00,0,0,0,0,39,39
323.0,2017-03-14 02:19:00,0,0,0,0,39,39
323.0,2017-03-14 02:22:00,0,0,0,0,39,39
323.0,2017-03-14 02:25:00,0,0,0,0,39,39
323.0,2017-03-14 02:27:00,0,0,0,0,39,39
323.0,2017-03-14 02:30:00,0,0,0,0,39,39
323.0,2017-03-14 02:33:00,0,0,0,0,39,39
323.0,2017-03-14 02:36:00,0,0,0,0,39,39
323.0,2017-03-14 02:39:00,0,0,0,0,39,39
323.0,2017-03-14 02:42:00,0,0,0,0,39,39
323.0,2017-03-14 02:45:00,0,0,0,0,39,39
323.0,2017-03-14 02:48:00,0,0,0,0,39,39
323.0,2017-03-14 02:51:00,0,0,0,0,39,39
323.0,2017-03-14 02:54:00,0,0,0,0,39,39
323.0,2017-03-14 02:57:00,0,0,0,0,39,39
323.0,2017-03-14 02:59:00,0,0,0,0,39,39
323.0,2017-03-14 03:02:00,0,0,0,0,39,39
323.0,2017-03-14 03:05:00,0,0,0,0,39,39
323.0,2017-03-14 03:08:00,0,0,0,0,39,39
323.0,2017-03-14 03:11:00,0,0,0,0,39,39
323.0,2017-03-14 03:14:00,0,0,0,0,39,39
323.0,2017-03-14 03:17:00,0,0,0,0,39,39
323.0,2017-03-14 03:20:00,0,0,0,0,39,39
323.0,2017-03-14 03:23:00,0,0,0,0,39,39
323.0,2017-03-14 03:26:00,0,0,0,0,39,39
323.0,2017-03-14 03:29:00,0,0,0,0,39,39
323.0,2017-03-14 03:32:00,0,0,0,0,39,39
323.0,2017-03-14 03:35:00,0,0,0,0,39,39
323.0,2017-03-14 03:38:00,0,0,0,0,39,39
323.0,2017-03-14 03:41:00,0,0,0,0,39,39
323.0,2017-03-14 03:44:00,0,0,0,0,39,39
323.0,2017-03-14 03:47:00,0,0,0,0,39,39
323.0,2017-03-14 03:50:00,0,0,0,0,39,39
323.0,2017-03-14 03:52:00,0,0,0,0,39,39
323.0,2017-03-14 03:55:00,0,0,0,0,39,39
323.0,2017-03-14 03:58:00,0,0,0,0,39,39
323.0,2017-03-14 04:01:00,0,0,0,0,39,39
323.0,2017-03-14 04:04:00,0,0,0,0,39,39
323.0,2017-03-14 04:07:00,0,0,0,0,39,39
323.0,2017-03-14 04:10:00,0,0,0,0,39,39
323.0,2017-03-14 04:13:00,0,0,0,0,39,39
323.0,2017-03-14 04:16:00,0,0,0,0,39,39
323.0,2017-03-14 04:19:00,0,0,0,0,39,39
323.0,2017-03-14 04:22:00,0,0,0,0,39,39
323.0,2017-03-14 04:25:00,0,0,0,0,39,39
323.0,2017-03-14 04:28:00,0,0,0,0,39,39
323.0,2017-03-14 04:31:00,0,0,0,0,39,39
323.0,2017-03-14 04:34:00,0,0,0,0,39,39
323.0,2017-03-14 04:36:00,0,0,0,0,39,39
323.0,2017-03-14 04:39:00,0,0,0,0,39,39
323.0,2017-03-14 04:42:00,0,0,0,0,39,39
323.0,2017-03-14 04:45:00,0,0,0,0,39,39
323.0,2017-03-14 04:48:00,0,0,0,0,39,39
323.0,2017-03-14 04:51:00,0,0,0,0,39,39
323.0,2017-03-14 04:54:00,0,0,0,0,39,39
323.0,2017-03-14 04:57:00,0,0,0,0,39,39
323.0,2017-03-14 05:00:00,0,0,0,0,39,39
323.0,2017-03-14 05:03:00,0,0,0,0,39,39
323.0,2017-03-14 05:06:00,0,0,0,0,39,39
323.0,2017-03-14 05:08:00,0,0,0,0,39,39
323.0,2017-03-14 05:11:00,0,0,0,0,39,39
323.0,2017-03-14 05:14:00,0,0,0,0,39,39
323.0,2017-03-14 05:17:00,0,0,0,0,39,39
323.0,2017-03-14 05:20:00,0,0,0,0,39,39
323.0,2017-03-14 05:23:00,0,0,0,0,39,39
323.0,2017-03-14 05:26:00,0,0,0,0,39,39
323.0,2017-03-14 05:29:00,0,0,0,0,39,39
323.0,2017-03-14 05:32:00,0,0,0,0,39,39
323.0,2017-03-14 05:35:00,0,0,0,0,39,39
323.0,2017-03-14 05:38:00,0,0,0,0,39,39
323.0,2017-03-14 05:41:00,0,0,0,0,39,39
323.0,2017-03-14 05:44:00,0,0,0,0,39,39
323.0,2017-03-14 05:47:00,0,0,0,0,39,39
323.0,2017-03-14 05:50:00,0,0,0,0,39,39
323.0,2017-03-14 05:53:00,0,0,0,0,39,39
323.0,2017-03-14 05:56:00,0,0,0,0,39,39
323.0,2017-03-14 05:59:00,0,0,0,0,39,39
323.0,2017-03-14 06:01:00,0,0,0,0,39,39
323.0,2017-03-14 06:04:00,0,0,0,0,39,39
323.0,2017-03-14 06:07:00,0,0,0,0,39,39
323.0,2017-03-14 06:10:00,0,0,0,0,39,39
323.0,2017-03-14 06:13:00,0,0,0,0,39,39
323.0,2017-03-14 06:16:00,0,0,0,0,39,39
323.0,2017-03-14 06:19:00,0,0,0,0,39,39
323.0,2017-03-14 06:22:00,0,0,0,0,39,39
323.0,2017-03-14 06:25:00,0,0,0,0,39,39
323.0,2017-03-14 06:28:00,0,0,0,0,39,39
323.0,2017-03-14 06:29:00,0,0,0,0,39,39
323.0,2017-03-14 06:32:00,0,0,0,0,39,39
323.0,2017-03-14 06:35:00,0,0,0,0,39,39
323.0,2017-03-14 06:38:00,0,0,0,0,39,39
323.0,2017-03-14 06:41:00,0,0,0,0,39,39
323.0,2017-03-14 06:44:00,0,0,0,0,39,39
323.0,2017-03-14 06:47:00,0,0,0,0,39,39
323.0,2017-03-14 06:50:00,0,0,0,0,39,39
323.0,2017-03-14 06:53:00,0,0,0,0,39,39
323.0,2017-03-14 06:56:00,0,0,0,0,39,39
323.0,2017-03-14 06:59:00,0,0,0,0,39,39
323.0,2017-03-14 07:02:00,0,0,0,0,39,39
323.0,2017-03-14 07:05:00,0,0,0,0,39,39
323.0,2017-03-14 07:08:00,0,0,0,0,39,39
323.0,2017-03-14 07:11:00,0,0,0,0,39,39
323.0,2017-03-14 07:12:00,0,0,0,0,39,39
323.0,2017-03-14 07:15:00,0,0,0,0,39,39
323.0,2017-03-14 07:18:00,0,0,0,0,39,39
323.0,2017-03-14 07:21:00,0,0,0,0,39,39
323.0,2017-03-14 07:24:00,0,0,0,0,39,39
323.0,2017-03-14 07:27:00,0,0,0,0,39,39
323.0,2017-03-14 07:30:00,0,0,0,0,39,39
323.0,2017-03-14 07:33:00,0,0,0,0,39,39
323.0,2017-03-14 07:36:00,0,0,0,0,39,39
323.0,2017-03-14 07:39:00,0,0,0,0,39,39
323.0,2017-03-14 07:42:00,0,0,0,0,39,39
323.0,2017-03-14 07:45:00,0,0,0,0,39,39
323.0,2017-03-14 07:48:00,0,0,0,0,39,39
323.0,2017-03-14 07:51:00,0,0,0,0,39,39
323.0,2017-03-14 07:54:00,0,0,0,0,39,39
323.0,2017-03-14 07:57:00,0,0,0,0,39,39
323.0,2017-03-14 08:00:00,0,0,0,0,39,39
323.0,2017-03-14 08:03:00,0,0,0,0,39,39
323.0,2017-03-14 08:06:00,0,0,0,0,39,39
323.0,2017-03-14 08:09:00,0,0,0,0,39,39
323.0,2017-03-14 08:12:00,0,0,0,0,39,39
323.0,2017-03-14 08:15:00,0,0,0,0,39,39
323.0,2017-03-14 08:18:00,0,0,0,0,39,39
323.0,2017-03-14 08:21:00,0,0,0,0,39,39
323.0,2017-03-14 08:24:00,0,0,0,0,39,39
323.0,2017-03-14 08:27:00,0,0,0,0,39,39
323.0,2017-03-14 08:30:00,0,0,0,0,39,39
323.0,2017-03-14 08:33:00,0,0,0,0,39,39
323.0,2017-03-14 08:36:00,0,0,0,0,39,39
323.0,2017-03-14 08:39:00,0,0,0,0,39,39
323.0,2017-03-14 08:42:00,0,0,0,0,39,39
323.0,2017-03-14 08:45:00,0,0,0,0,39,39
323.0,2017-03-14 08:48:00,0,0,0,0,39,39
323.0,2017-03-14 08:51:00,0,0,0,0,39,39
323.0,2017-03-14 08:54:00,0,0,0,0,39,39
323.0,2017-03-14 08:57:00,0,0,0,0,39,39
323.0,2017-03-14 09:00:00,0,0,0,0,39,39
323.0,2017-03-14 09:01:00,0,0,0,0,39,39
323.0,2017-03-14 09:04:00,0,0,0,0,39,39
323.0,2017-03-14 09:07:00,0,0,0,0,39,39
323.0,2017-03-14 09:10:00,0,0,0,0,39,39
323.0,2017-03-14 09:13:00,0,0,0,0,39,39
323.0,2017-03-14 09:16:00,0,0,0,0,39,39
323.0,2017-03-14 09:19:00,0,0,0,0,39,39
323.0,2017-03-14 09:22:00,0,0,0,0,39,39
323.0,2017-03-14 09:25:00,0,0,0,0,39,39
323.0,2017-03-14 09:28:00,0,0,0,0,39,39
323.0,2017-03-14 09:31:00,0,0,0,0,39,39
323.0,2017-03-14 09:34:00,0,0,0,0,39,39
323.0,2017-03-14 09:37:00,0,0,0,0,39,39
323.0,2017-03-14 09:40:00,0,0,0,0,39,39
323.0,2017-03-14 09:43:00,0,0,0,0,39,39
323.0,2017-03-14 09:46:00,0,0,0,0,39,39
323.0,2017-03-14 09:49:00,0,0,0,0,39,39
323.0,2017-03-14 09:52:00,0,0,0,0,39,39
323.0,2017-03-14 09:55:00,0,0,0,0,39,39
323.0,2017-03-14 09:58:00,0,0,0,0,39,39
323.0,2017-03-14 10:01:00,0,0,0,0,39,39
323.0,2017-03-14 10:04:00,0,0,0,0,39,39
323.0,2017-03-14 10:07:00,0,0,0,0,39,39
323.0,2017-03-14 10:10:00,0,0,0,0,39,39
323.0,2017-03-14 10:13:00,0,0,0,0,39,39
323.0,2017-03-14 10:16:00,0,0,0,0,39,39
323.0,2017-03-14 10:19:00,0,0,0,0,39,39
323.0,2017-03-14 10:22:00,0,0,0,0,39,39
323.0,2017-03-14 10:25:00,0,0,0,0,39,39
323.0,2017-03-14 10:28:00,0,0,0,0,39,39
323.0,2017-03-14 10:31:00,0,0,0,0,39,39
323.0,2017-03-14 10:34:00,0,0,0,0,39,39
323.0,2017-03-14 10:37:00,0,0,0,0,39,39
323.0,2017-03-14 10:40:00,0,0,0,0,39,39
323.0,2017-03-14 10:43:00,0,0,0,0,39,39
323.0,2017-03-14 10:46:00,0,0,0,0,39,39
323.0,2017-03-14 10:48:00,0,0,0,0,39,39
323.0,2017-03-14 10:51:00,0,0,0,0,39,39
323.0,2017-03-14 10:54:00,0,0,0,0,39,39
323.0,2017-03-14 10:57:00,0,0,0,0,39,39
323.0,2017-03-14 11:00:00,0,0,0,0,39,39
323.0,2017-03-14 11:03:00,0,0,0,0,39,39
323.0,2017-03-14 11:06:00,0,0,0,0,39,39
323.0,2017-03-14 11:09:00,0,0,0,0,39,39
323.0,2017-03-14 11:12:00,0,0,0,0,39,39
323.0,2017-03-14 11:15:00,0,0,0,0,39,39
323.0,2017-03-14 11:18:00,0,0,0,0,39,39
323.0,2017-03-14 11:21:00,0,0,0,0,39,39
323.0,2017-03-14 11:23:00,0,0,0,0,39,39
323.0,2017-03-14 11:26:00,0,0,0,0,39,39
323.0,2017-03-14 11:29:00,0,0,0,0,39,39
323.0,2017-03-14 11:32:00,0,0,0,0,39,39
323.0,2017-03-14 11:35:00,0,0,0,0,39,39
323.0,2017-03-14 11:38:00,0,0,0,0,39,39
323.0,2017-03-14 11:41:00,0,0,0,0,39,39
323.0,2017-03-14 11:44:00,0,0,0,0,39,39
323.0,2017-03-14 11:47:00,0,0,0,0,39,39
323.0,2017-03-14 11:50:00,0,0,0,0,39,39
323.0,2017-03-14 11:53:00,0,0,0,0,39,39
323.0,2017-03-14 11:56:00,0,0,0,0,39,39
323.0,2017-03-14 11:59:00,0,0,0,0,39,39
323.0,2017-03-14 12:02:00,0,0,0,0,39,39
323.0,2017-03-14 12:05:00,0,0,0,0,39,39
323.0,2017-03-14 12:08:00,0,0,0,0,39,39
323.0,2017-03-14 12:11:00,0,0,0,0,39,39
323.0,2017-03-14 12:14:00,0,0,0,0,39,39
323.0,2017-03-14 12:17:00,0,0,0,0,39,39
323.0,2017-03-14 12:20:00,0,0,0,0,39,39
323.0,2017-03-14 12:23:00,0,0,0,0,39,39
323.0,2017-03-14 12:26:00,0,0,0,0,39,39
323.0,2017-03-14 12:29:00,0,0,0,0,39,39
323.0,2017-03-14 12:32:00,0,0,0,0,39,39
323.0,2017-03-14 12:35:00,0,0,0,0,39,39
323.0,2017-03-14 12:38:00,0,0,0,0,39,39
323.0,2017-03-14 12:41:00,0,0,0,0,39,39
323.0,2017-03-14 12:44:00,0,0,0,0,39,39
323.0,2017-03-14 12:47:00,0,0,0,0,39,39
323.0,2017-03-14 12:50:00,0,0,0,0,39,39
323.0,2017-03-14 12:53:00,0,0,0,0,39,39
323.0,2017-03-14 12:56:00,0,0,0,0,39,39
323.0,2017-03-14 12:59:00,0,0,0,0,39,39
323.0,2017-03-14 13:02:00,0,0,0,0,39,39
323.0,2017-03-14 13:05:00,0,0,0,0,39,39
323.0,2017-03-14 13:08:00,0,0,0,0,39,39
323.0,2017-03-14 13:11:00,0,0,0,0,39,39
323.0,2017-03-14 13:14:00,0,0,0,0,39,39
323.0,2017-03-14 13:17:00,0,0,0,0,39,39
323.0,2017-03-14 13:20:00,0,0,0,0,39,39
323.0,2017-03-14 13:23:00,0,0,0,0,39,39
323.0,2017-03-14 13:26:00,0,0,0,0,39,39
323.0,2017-03-14 13:29:00,0,0,0,0,39,39
323.0,2017-03-14 13:32:00,0,0,0,0,39,39
323.0,2017-03-14 13:35:00,0,0,0,0,39,39
323.0,2017-03-14 13:38:00,0,0,0,0,39,39
323.0,2017-03-14 13:41:00,0,0,0,0,39,39
323.0,2017-03-14 13:44:00,0,0,0,0,39,39
323.0,2017-03-14 13:47:00,0,0,0,0,39,39
323.0,2017-03-14 13:50:00,0,0,0,0,39,39
323.0,2017-03-14 13:53:00,0,0,0,0,39,39
323.0,2017-03-14 13:56:00,0,0,0,0,39,39
323.0,2017-03-14 13:59:00,0,0,0,0,39,39
323.0,2017-03-14 14:02:00,0,0,0,0,39,39
323.0,2017-03-14 14:05:00,0,0,0,0,39,39
323.0,2017-03-14 14:08:00,0,0,0,0,39,39
323.0,2017-03-14 14:11:00,0,0,0,0,39,39
323.0,2017-03-14 14:14:00,0,0,0,0,39,39
323.0,2017-03-14 14:17:00,0,0,0,0,39,39
323.0,2017-03-14 14:20:00,0,0,0,0,39,39
323.0,2017-03-14 14:23:00,0,0,0,0,39,39
323.0,2017-03-14 14:26:00,0,0,0,0,39,39
323.0,2017-03-14 14:29:00,0,0,0,0,39,39
323.0,2017-03-14 14:32:00,0,0,0,0,39,39
323.0,2017-03-14 14:35:00,0,0,0,0,39,39
323.0,2017-03-14 14:38:00,0,0,0,0,39,39
323.0,2017-03-14 14:41:00,0,0,0,0,39,39
323.0,2017-03-14 14:44:00,0,0,0,0,39,39
323.0,2017-03-14 14:47:00,0,0,0,0,39,39
323.0,2017-03-14 14:50:00,0,0,0,0,39,39
323.0,2017-03-14 14:53:00,0,0,0,0,39,39
323.0,2017-03-14 14:56:00,0,0,0,0,39,39
323.0,2017-03-14 14:59:00,0,0,0,0,39,39
323.0,2017-03-14 15:02:00,0,0,0,0,39,39
323.0,2017-03-14 15:05:00,0,0,0,0,39,39
323.0,2017-03-14 15:08:00,0,0,0,0,39,39
323.0,2017-03-14 15:09:00,0,0,0,0,39,39
323.0,2017-03-14 15:12:00,0,0,0,0,39,39
323.0,2017-03-14 15:15:00,0,0,0,0,39,39
323.0,2017-03-14 15:18:00,0,0,0,0,39,39
323.0,2017-03-14 15:21:00,0,0,0,0,39,39
323.0,2017-03-14 15:24:00,0,0,0,0,39,39
323.0,2017-03-14 15:27:00,0,0,0,0,39,39
323.0,2017-03-14 15:30:00,0,0,0,0,39,39
323.0,2017-03-14 15:33:00,0,0,0,0,39,39
323.0,2017-03-14 15:36:00,0,0,0,0,39,39
323.0,2017-03-14 15:39:00,0,0,0,0,39,39
323.0,2017-03-14 15:42:00,0,0,0,0,39,39
323.0,2017-03-14 15:45:00,0,0,0,0,39,39
323.0,2017-03-14 15:47:00,0,0,0,0,39,39
323.0,2017-03-14 15:50:00,0,0,0,0,39,39
323.0,2017-03-14 15:53:00,0,0,0,0,39,39
323.0,2017-03-14 15:56:00,0,0,0,0,39,39
323.0,2017-03-14 15:59:00,0,0,0,0,39,39
323.0,2017-03-14 16:02:00,0,0,0,0,39,39
323.0,2017-03-14 16:05:00,0,0,0,0,39,39
323.0,2017-03-14 16:08:00,0,0,0,0,39,39
323.0,2017-03-14 16:11:00,0,0,0,0,39,39
323.0,2017-03-14 16:14:00,0,0,0,0,39,39
323.0,2017-03-14 16:17:00,0,0,0,0,39,39
323.0,2017-03-14 16:20:00,0,0,0,0,39,39
323.0,2017-03-14 16:23:00,0,0,0,0,39,39
323.0,2017-03-14 16:26:00,0,0,0,0,39,39
323.0,2017-03-14 16:29:00,0,0,0,0,39,39
323.0,2017-03-14 16:32:00,0,0,0,0,39,39
323.0,2017-03-14 16:35:00,0,0,0,0,39,39
323.0,2017-03-14 16:38:00,0,0,0,0,39,39
323.0,2017-03-14 16:41:00,0,0,0,0,39,39
323.0,2017-03-14 16:42:00,0,0,0,0,39,39
323.0,2017-03-14 16:45:00,0,0,0,0,39,39
323.0,2017-03-14 16:48:00,0,0,0,0,39,39
323.0,2017-03-14 16:51:00,0,0,0,0,39,39
323.0,2017-03-14 16:54:00,0,0,0,0,39,39
323.0,2017-03-14 16:57:00,0,0,0,0,39,39
323.0,2017-03-14 17:00:00,0,0,0,0,39,39
323.0,2017-03-14 17:03:00,0,0,0,0,39,39
323.0,2017-03-14 17:06:00,0,0,0,0,39,39
323.0,2017-03-14 17:09:00,0,0,0,0,39,39
323.0,2017-03-14 17:12:00,0,0,0,0,39,39
323.0,2017-03-14 17:15:00,0,0,0,0,39,39
323.0,2017-03-14 17:18:00,0,0,0,0,39,39
323.0,2017-03-14 17:21:00,0,0,0,0,39,39
323.0,2017-03-14 17:24:00,0,0,0,0,39,39
323.0,2017-03-14 17:27:00,0,0,0,0,39,39
323.0,2017-03-14 17:30:00,0,0,0,0,39,39
323.0,2017-03-14 17:32:00,0,0,0,0,39,39
323.0,2017-03-14 17:35:00,0,0,0,0,39,39
323.0,2017-03-14 17:38:00,0,0,0,0,39,39
323.0,2017-03-14 17:41:00,0,0,0,0,39,39
323.0,2017-03-14 17:44:00,0,0,0,0,39,39
323.0,2017-03-14 17:47:00,0,0,0,0,39,39
323.0,2017-03-14 17:50:00,0,0,0,0,39,39
323.0,2017-03-14 17:53:00,0,0,0,0,39,39
323.0,2017-03-14 17:56:00,0,0,0,0,39,39
323.0,2017-03-14 17:59:00,0,0,0,0,39,39
323.0,2017-03-14 18:02:00,0,0,0,0,39,39
323.0,2017-03-14 18:05:00,0,0,0,0,39,39
323.0,2017-03-14 18:08:00,0,0,0,0,39,39
323.0,2017-03-14 18:11:00,0,0,0,0,39,39
323.0,2017-03-14 18:14:00,0,0,0,0,39,39
323.0,2017-03-14 18:15:00,0,0,0,0,39,39
323.0,2017-03-14 18:18:00,0,0,0,0,39,39
323.0,2017-03-14 18:21:00,0,0,0,0,39,39
323.0,2017-03-14 18:24:00,0,0,0,0,39,39
323.0,2017-03-14 18:27:00,0,0,0,0,39,39
323.0,2017-03-14 18:30:00,0,0,0,0,39,39
323.0,2017-03-14 18:33:00,0,0,0,0,39,39
323.0,2017-03-14 18:36:00,0,0,0,0,39,39
323.0,2017-03-14 18:39:00,0,0,0,0,39,39
323.0,2017-03-14 18:42:00,0,0,0,0,39,39
323.0,2017-03-14 18:45:00,0,0,0,0,39,39
323.0,2017-03-14 18:48:00,0,0,0,0,39,39
323.0,2017-03-14 18:51:00,0,0,0,0,39,39
323.0,2017-03-14 18:53:00,0,0,0,0,39,39
323.0,2017-03-14 18:56:00,0,0,0,0,39,39
323.0,2017-03-14 18:59:00,0,0,0,0,39,39
323.0,2017-03-14 19:02:00,0,0,0,0,39,39
323.0,2017-03-14 19:05:00,0,0,0,0,39,39
323.0,2017-03-14 19:08:00,0,0,0,0,39,39
323.0,2017-03-14 19:11:00,0,0,0,0,39,39
323.0,2017-03-14 19:14:00,0,0,0,0,39,39
323.0,2017-03-14 19:17:00,0,0,0,0,39,39
323.0,2017-03-14 19:20:00,0,0,0,0,39,39
323.0,2017-03-14 19:23:00,0,0,0,0,39,39
323.0,2017-03-14 19:26:00,0,0,0,0,39,39
323.0,2017-03-14 19:29:00,0,0,0,0,39,39
323.0,2017-03-14 19:30:00,0,0,0,0,39,39
323.0,2017-03-14 19:33:00,0,0,0,0,39,39
323.0,2017-03-14 19:36:00,0,0,0,0,39,39
323.0,2017-03-14 19:39:00,0,0,0,0,39,39
323.0,2017-03-14 19:42:00,0,0,0,0,39,39
323.0,2017-03-14 19:45:00,0,0,0,0,39,39
323.0,2017-03-14 19:48:00,0,0,0,0,39,39
323.0,2017-03-14 19:51:00,0,0,0,0,39,39
323.0,2017-03-14 19:54:00,0,0,0,0,39,39
323.0,2017-03-14 19:57:00,0,0,0,0,39,39
323.0,2017-03-14 20:00:00,0,0,0,0,39,39
323.0,2017-03-14 20:03:00,0,0,0,0,39,39
323.0,2017-03-14 20:06:00,0,0,0,0,39,39
323.0,2017-03-14 20:07:00,0,0,0,0,39,39
323.0,2017-03-14 20:10:00,0,0,0,0,39,39
323.0,2017-03-14 20:13:00,0,0,0,0,39,39
323.0,2017-03-14 20:16:00,0,0,0,0,39,39
323.0,2017-03-14 20:19:00,0,0,0,0,39,39
323.0,2017-03-14 20:22:00,0,0,0,0,39,39
323.0,2017-03-14 20:25:00,0,0,0,0,39,39
323.0,2017-03-14 20:28:00,0,0,0,0,39,39
323.0,2017-03-14 20:31:00,0,0,0,0,39,39
323.0,2017-03-14 20:34:00,0,0,0,0,39,39
323.0,2017-03-14 20:37:00,0,0,0,0,39,39
323.0,2017-03-14 20:40:00,0,0,0,0,39,39
323.0,2017-03-14 20:43:00,0,0,0,0,39,39
323.0,2017-03-14 20:44:00,0,0,0,0,39,39
323.0,2017-03-14 20:47:00,0,0,0,0,39,39
323.0,2017-03-14 20:50:00,0,0,0,0,39,39
323.0,2017-03-14 20:53:00,0,0,0,0,39,39
323.0,2017-03-14 20:56:00,0,0,0,0,39,39
323.0,2017-03-14 20:59:00,0,0,0,0,39,39
323.0,2017-03-14 21:02:00,0,0,0,0,39,39
323.0,2017-03-14 21:05:00,0,0,0,0,39,39
323.0,2017-03-14 21:08:00,0,0,0,0,39,39
323.0,2017-03-14 21:11:00,0,0,0,0,39,39
323.0,2017-03-14 21:14:00,0,0,0,0,39,39
323.0,2017-03-14 21:17:00,0,0,0,0,39,39
323.0,2017-03-14 21:20:00,0,0,0,0,39,39
323.0,2017-03-14 21:23:00,0,0,0,0,39,39
323.0,2017-03-14 21:26:00,0,0,0,0,39,39
323.0,2017-03-14 21:29:00,0,0,0,0,39,39
323.0,2017-03-14 21:32:00,0,0,0,0,39,39
323.0,2017-03-14 21:35:00,0,0,0,0,39,39
323.0,2017-03-14 21:38:00,0,0,0,0,39,39
323.0,2017-03-14 21:41:00,0,0,0,0,39,39
323.0,2017-03-14 21:44:00,0,0,0,0,39,39
323.0,2017-03-14 21:47:00,0,0,0,0,39,39
323.0,2017-03-14 21:50:00,0,0,0,0,39,39
323.0,2017-03-14 21:53:00,0,0,0,0,39,39
323.0,2017-03-14 21:56:00,0,0,0,0,39,39
323.0,2017-03-14 21:59:00,0,0,0,0,39,39
323.0,2017-03-14 22:02:00,0,0,0,0,39,39
323.0,2017-03-14 22:05:00,0,0,0,0,39,39
323.0,2017-03-14 22:08:00,0,0,0,0,39,39
323.0,2017-03-14 22:11:00,0,0,0,0,39,39
323.0,2017-03-14 22:14:00,0,0,0,0,39,39
323.0,2017-03-14 22:17:00,0,0,0,0,39,39
323.0,2017-03-14 22:20:00,0,0,0,0,39,39
323.0,2017-03-14 22:23:00,0,0,0,0,39,39
323.0,2017-03-14 22:26:00,0,0,0,0,39,39
323.0,2017-03-14 22:29:00,0,0,0,0,39,39
323.0,2017-03-14 22:32:00,0,0,0,0,39,39
323.0,2017-03-14 22:35:00,0,0,0,0,39,39
323.0,2017-03-14 22:38:00,0,0,0,0,39,39
323.0,2017-03-14 22:41:00,0,0,0,0,39,39
323.0,2017-03-14 22:44:00,0,0,0,0,39,39
323.0,2017-03-14 22:47:00,0,0,0,0,39,39
323.0,2017-03-14 22:50:00,0,0,0,0,39,39
323.0,2017-03-14 22:53:00,0,0,0,0,39,39
323.0,2017-03-14 22:56:00,0,0,0,0,39,39
323.0,2017-03-14 22:59:00,0,0,0,0,39,39
323.0,2017-03-14 23:02:00,0,0,0,0,39,39
323.0,2017-03-14 23:05:00,0,0,0,0,39,39
323.0,2017-03-14 23:08:00,0,0,0,0,39,39
323.0,2017-03-14 23:11:00,0,0,0,0,39,39
323.0,2017-03-14 23:12:00,0,0,0,0,39,39
323.0,2017-03-14 23:15:00,0,0,0,0,39,39
323.0,2017-03-14 23:18:00,0,0,0,0,39,39
323.0,2017-03-14 23:21:00,0,0,0,0,39,39
323.0,2017-03-14 23:24:00,0,0,0,0,39,39
323.0,2017-03-14 23:27:00,0,0,0,0,39,39
323.0,2017-03-14 23:30:00,0,0,0,0,39,39
323.0,2017-03-14 23:33:00,0,0,0,0,39,39
323.0,2017-03-14 23:36:00,0,0,0,0,39,39
323.0,2017-03-14 23:39:00,0,0,0,0,39,39
323.0,2017-03-14 23:42:00,0,0,0,0,39,39
323.0,2017-03-14 23:45:00,0,0,0,0,39,39
323.0,2017-03-14 23:48:00,0,0,0,0,39,39
323.0,2017-03-14 23:51:00,0,0,0,0,39,39
323.0,2017-03-14 23:52:00,0,0,0,0,39,39
323.0,2017-03-14 23:55:00,0,0,0,0,39,39
323.0,2017-03-14 23:58:00,0,0,0,0,39,39
323.0,2017-03-15 00:01:00,0,0,0,0,39,39
323.0,2017-03-15 00:04:00,0,0,0,0,39,39
323.0,2017-03-15 00:07:00,0,0,0,0,39,39
323.0,2017-03-15 00:10:00,0,0,0,0,39,39
323.0,2017-03-15 00:13:00,0,0,0,0,39,39
323.0,2017-03-15 00:16:00,0,0,0,0,39,39
323.0,2017-03-15 00:19:00,0,0,0,0,39,39
323.0,2017-03-15 00:22:00,0,0,0,0,39,39
323.0,2017-03-15 00:25:00,0,0,0,0,39,39
323.0,2017-03-15 00:28:00,0,0,0,0,39,39
323.0,2017-03-15 00:31:00,0,0,0,0,39,39
323.0,2017-03-15 00:34:00,0,0,0,0,39,39
323.0,2017-03-15 00:37:00,0,0,0,0,39,39
323.0,2017-03-15 00:40:00,0,0,0,0,39,39
323.0,2017-03-15 00:41:00,0,0,0,0,39,39
323.0,2017-03-15 00:44:00,0,0,0,0,39,39
323.0,2017-03-15 00:47:00,0,0,0,0,39,39
323.0,2017-03-15 00:50:00,0,0,0,0,39,39
323.0,2017-03-15 00:53:00,0,0,0,0,39,39
323.0,2017-03-15 00:56:00,0,0,0,0,39,39
323.0,2017-03-15 00:59:00,0,0,0,0,39,39
323.0,2017-03-15 01:02:00,0,0,0,0,39,39
323.0,2017-03-15 01:04:00,0,0,0,0,39,39
323.0,2017-03-15 01:07:00,0,0,0,0,39,39
323.0,2017-03-15 01:10:00,0,0,0,0,39,39
323.0,2017-03-15 01:13:00,0,0,0,0,39,39
323.0,2017-03-15 01:16:00,0,0,0,0,39,39
323.0,2017-03-15 01:19:00,0,0,0,0,39,39
323.0,2017-03-15 01:22:00,0,0,0,0,39,39
323.0,2017-03-15 01:25:00,0,0,0,0,39,39
323.0,2017-03-15 01:28:00,0,0,0,0,39,39
323.0,2017-03-15 01:31:00,0,0,0,0,39,39
323.0,2017-03-15 01:34:00,0,0,0,0,39,39
323.0,2017-03-15 01:37:00,0,0,0,0,39,39
323.0,2017-03-15 01:40:00,0,0,0,0,39,39
323.0,2017-03-15 01:43:00,0,0,0,0,39,39
323.0,2017-03-15 01:46:00,0,0,0,0,39,39
323.0,2017-03-15 01:49:00,0,0,0,0,39,39
323.0,2017-03-15 01:52:00,0,0,0,0,39,39
323.0,2017-03-15 01:55:00,0,0,0,0,39,39
323.0,2017-03-15 01:58:00,0,0,0,0,39,39
323.0,2017-03-15 02:01:00,0,0,0,0,39,39
323.0,2017-03-15 02:04:00,0,0,0,0,39,39
323.0,2017-03-15 02:07:00,0,0,0,0,39,39
323.0,2017-03-15 02:10:00,0,0,0,0,39,39
323.0,2017-03-15 02:13:00,0,0,0,0,39,39
323.0,2017-03-15 02:14:00,0,0,0,0,39,39
323.0,2017-03-15 02:17:00,0,0,0,0,39,39
323.0,2017-03-15 02:20:00,0,0,0,0,39,39
323.0,2017-03-15 02:23:00,0,0,0,0,39,39
323.0,2017-03-15 02:26:00,0,0,0,0,39,39
323.0,2017-03-15 02:29:00,0,0,0,0,39,39
323.0,2017-03-15 02:32:00,0,0,0,0,39,39
323.0,2017-03-15 02:35:00,0,0,0,0,39,39
323.0,2017-03-15 02:38:00,0,0,0,0,39,39
323.0,2017-03-15 02:41:00,0,0,0,0,39,39
323.0,2017-03-15 02:44:00,0,0,0,0,39,39
323.0,2017-03-15 02:47:00,0,0,0,0,39,39
323.0,2017-03-15 02:48:00,0,0,0,0,39,39
323.0,2017-03-15 02:51:00,0,0,0,0,39,39
323.0,2017-03-15 02:54:00,0,0,0,0,39,39
323.0,2017-03-15 02:57:00,0,0,0,0,39,39
323.0,2017-03-15 03:00:00,0,0,0,0,39,39
323.0,2017-03-15 03:03:00,0,0,0,0,39,39
323.0,2017-03-15 03:06:00,0,0,0,0,39,39
323.0,2017-03-15 03:09:00,0,0,0,0,39,39
323.0,2017-03-15 03:12:00,0,0,0,0,39,39
323.0,2017-03-15 03:15:00,0,0,0,0,39,39
323.0,2017-03-15 03:18:00,0,0,0,0,39,39
323.0,2017-03-15 03:21:00,0,0,0,0,39,39
323.0,2017-03-15 03:24:00,0,0,0,0,39,39
323.0,2017-03-15 03:27:00,0,0,0,0,39,39
323.0,2017-03-15 03:30:00,0,0,0,0,39,39
323.0,2017-03-15 03:33:00,0,0,0,0,39,39
323.0,2017-03-15 03:36:00,0,0,0,0,39,39
323.0,2017-03-15 03:39:00,0,0,0,0,39,39
323.0,2017-03-15 03:42:00,0,0,0,0,39,39
323.0,2017-03-15 03:45:00,0,0,0,0,39,39
323.0,2017-03-15 03:48:00,0,0,0,0,39,39
323.0,2017-03-15 03:51:00,0,0,0,0,39,39
323.0,2017-03-15 03:54:00,0,0,0,0,39,39
323.0,2017-03-15 03:57:00,0,0,0,0,39,39
323.0,2017-03-15 04:00:00,0,0,0,0,39,39
323.0,2017-03-15 04:03:00,0,0,0,0,39,39
323.0,2017-03-15 04:04:00,0,0,0,0,39,39
323.0,2017-03-15 04:07:00,0,0,0,0,39,39
323.0,2017-03-15 04:10:00,0,0,0,0,39,39
323.0,2017-03-15 04:13:00,0,0,0,0,39,39
323.0,2017-03-15 04:16:00,0,0,0,0,39,39
323.0,2017-03-15 04:19:00,0,0,0,0,39,39
323.0,2017-03-15 04:22:00,0,0,0,0,39,39
323.0,2017-03-15 04:25:00,0,0,0,0,39,39
323.0,2017-03-15 04:28:00,0,0,0,0,39,39
323.0,2017-03-15 04:31:00,0,0,0,0,39,39
323.0,2017-03-15 04:34:00,0,0,0,0,39,39
323.0,2017-03-15 04:37:00,0,0,0,0,39,39
323.0,2017-03-15 04:38:00,0,0,0,0,39,39
323.0,2017-03-15 04:41:00,0,0,0,0,39,39
323.0,2017-03-15 04:44:00,0,0,0,0,39,39
323.0,2017-03-15 04:47:00,0,0,0,0,39,39
323.0,2017-03-15 04:50:00,0,0,0,0,39,39
323.0,2017-03-15 04:53:00,0,0,0,0,39,39
323.0,2017-03-15 04:56:00,0,0,0,0,39,39
323.0,2017-03-15 04:59:00,0,0,0,0,39,39
323.0,2017-03-15 05:02:00,0,0,0,0,39,39
323.0,2017-03-15 05:05:00,0,0,0,0,39,39
323.0,2017-03-15 05:08:00,0,0,0,0,39,39
323.0,2017-03-15 05:11:00,0,0,0,0,39,39
323.0,2017-03-15 05:14:00,0,0,0,0,39,39
323.0,2017-03-15 05:16:00,0,0,0,0,39,39
323.0,2017-03-15 05:19:00,0,0,0,0,39,39
323.0,2017-03-15 05:22:00,0,0,0,0,39,39
323.0,2017-03-15 05:25:00,0,0,0,0,39,39
323.0,2017-03-15 05:28:00,0,0,0,0,39,39
323.0,2017-03-15 05:31:00,0,0,0,0,39,39
323.0,2017-03-15 05:34:00,0,0,0,0,39,39
323.0,2017-03-15 05:37:00,0,0,0,0,39,39
323.0,2017-03-15 05:40:00,0,0,0,0,39,39
323.0,2017-03-15 05:43:00,0,0,0,0,39,39
323.0,2017-03-15 05:46:00,0,0,0,0,39,39
323.0,2017-03-15 05:49:00,0,0,0,0,39,39
323.0,2017-03-15 05:50:00,0,0,0,0,39,39
323.0,2017-03-15 05:53:00,0,0,0,0,39,39
323.0,2017-03-15 05:56:00,0,0,0,0,39,39
323.0,2017-03-15 05:59:00,0,0,0,0,39,39
323.0,2017-03-15 06:02:00,0,0,0,0,39,39
323.0,2017-03-15 06:05:00,0,0,0,0,39,39
323.0,2017-03-15 06:08:00,0,0,0,0,39,39
323.0,2017-03-15 06:11:00,0,0,0,0,39,39
323.0,2017-03-15 06:14:00,0,0,0,0,39,39
323.0,2017-03-15 06:17:00,0,0,0,0,39,39
323.0,2017-03-15 06:20:00,0,0,0,0,39,39
323.0,2017-03-15 06:23:00,0,0,0,0,39,39
323.0,2017-03-15 06:26:00,0,0,0,0,39,39
323.0,2017-03-15 06:28:00,0,0,0,0,39,39
323.0,2017-03-15 06:31:00,0,0,0,0,39,39
323.0,2017-03-15 06:34:00,0,0,0,0,39,39
323.0,2017-03-15 06:37:00,0,0,0,0,39,39
323.0,2017-03-15 06:40:00,0,0,0,0,39,39
323.0,2017-03-15 06:43:00,0,0,0,0,39,39
323.0,2017-03-15 06:46:00,0,0,0,0,39,39
323.0,2017-03-15 06:49:00,0,0,0,0,39,39
323.0,2017-03-15 06:52:00,0,0,0,0,39,39
323.0,2017-03-15 06:55:00,0,0,0,0,39,39
323.0,2017-03-15 06:58:00,0,0,0,0,39,39
323.0,2017-03-15 07:01:00,0,0,0,0,39,39
323.0,2017-03-15 07:04:00,0,0,0,0,39,39
323.0,2017-03-15 07:07:00,0,0,0,0,39,39
323.0,2017-03-15 07:10:00,0,0,0,0,39,39
323.0,2017-03-15 07:13:00,0,0,0,0,39,39
323.0,2017-03-15 07:16:00,0,0,0,0,39,39
323.0,2017-03-15 07:19:00,0,0,0,0,39,39
323.0,2017-03-15 07:22:00,0,0,0,0,39,39
323.0,2017-03-15 07:25:00,0,0,0,0,39,39
323.0,2017-03-15 07:28:00,0,0,0,0,39,39
323.0,2017-03-15 07:31:00,0,0,0,0,39,39
323.0,2017-03-15 07:34:00,0,0,0,0,39,39
323.0,2017-03-15 07:37:00,0,0,0,0,39,39
323.0,2017-03-15 07:40:00,0,0,0,0,39,39
323.0,2017-03-15 07:43:00,0,0,0,0,39,39
323.0,2017-03-15 07:45:00,0,0,0,0,39,39
323.0,2017-03-15 07:48:00,0,0,0,0,39,39
323.0,2017-03-15 07:51:00,0,0,0,0,39,39
323.0,2017-03-15 07:54:00,0,0,0,0,39,39
323.0,2017-03-15 07:57:00,0,0,0,0,39,39
323.0,2017-03-15 08:00:00,0,0,0,0,39,39
323.0,2017-03-15 08:03:00,0,0,0,0,39,39
323.0,2017-03-15 08:06:00,0,0,0,0,39,39
323.0,2017-03-15 08:09:00,0,0,0,0,39,39
323.0,2017-03-15 08:12:00,0,0,0,0,39,39
323.0,2017-03-15 08:15:00,0,0,0,0,39,39
323.0,2017-03-15 08:18:00,0,0,0,0,39,39
323.0,2017-03-15 08:21:00,0,0,0,0,39,39
323.0,2017-03-15 08:24:00,0,0,0,0,39,39
323.0,2017-03-15 08:27:00,0,0,0,0,39,39
323.0,2017-03-15 08:30:00,0,0,0,0,39,39
323.0,2017-03-15 08:33:00,0,0,0,0,39,39
323.0,2017-03-15 08:36:00,0,0,0,0,39,39
323.0,2017-03-15 08:39:00,0,0,0,0,39,39
323.0,2017-03-15 08:42:00,0,0,0,0,39,39
323.0,2017-03-15 08:45:00,0,0,0,0,39,39
323.0,2017-03-15 08:48:00,0,0,0,0,39,39
323.0,2017-03-15 08:51:00,0,0,0,0,39,39
323.0,2017-03-15 08:54:00,0,0,0,0,39,39
323.0,2017-03-15 08:57:00,0,0,0,0,39,39
323.0,2017-03-15 09:00:00,0,0,0,0,39,39
323.0,2017-03-15 09:02:00,0,0,0,0,39,39
323.0,2017-03-15 09:05:00,0,0,0,0,39,39
323.0,2017-03-15 09:08:00,0,0,0,0,39,39
323.0,2017-03-15 09:11:00,0,0,0,0,39,39
323.0,2017-03-15 09:14:00,0,0,0,0,39,39
323.0,2017-03-15 09:17:00,0,0,0,0,39,39
323.0,2017-03-15 09:20:00,0,0,0,0,39,39
323.0,2017-03-15 09:23:00,0,0,0,0,39,39
323.0,2017-03-15 09:26:00,0,0,0,0,39,39
323.0,2017-03-15 09:29:00,0,0,0,0,39,39
323.0,2017-03-15 09:32:00,0,0,0,0,39,39
323.0,2017-03-15 09:35:00,0,0,0,0,39,39
323.0,2017-03-15 09:38:00,0,0,0,0,39,39
323.0,2017-03-15 09:41:00,0,0,0,0,39,39
323.0,2017-03-15 09:42:00,0,0,0,0,39,39
323.0,2017-03-15 09:45:00,0,0,0,0,39,39
323.0,2017-03-15 09:48:00,0,0,0,0,39,39
323.0,2017-03-15 09:51:00,0,0,0,0,39,39
323.0,2017-03-15 09:54:00,0,0,0,0,39,39
323.0,2017-03-15 09:57:00,0,0,0,0,39,39
323.0,2017-03-15 10:00:00,0,0,0,0,39,39
323.0,2017-03-15 10:03:00,0,0,0,0,39,39
323.0,2017-03-15 10:06:00,0,0,0,0,39,39
323.0,2017-03-15 10:09:00,0,0,0,0,39,39
323.0,2017-03-15 10:12:00,0,0,0,0,39,39
323.0,2017-03-15 10:15:00,0,0,0,0,39,39
323.0,2017-03-15 10:18:00,0,0,0,0,39,39
323.0,2017-03-15 10:21:00,0,0,0,0,39,39
323.0,2017-03-15 10:24:00,0,0,0,0,39,39
323.0,2017-03-15 10:27:00,0,0,0,0,39,39
323.0,2017-03-15 10:30:00,0,0,0,0,39,39
323.0,2017-03-15 10:33:00,0,0,0,0,39,39
323.0,2017-03-15 10:36:00,0,0,0,0,39,39
323.0,2017-03-15 10:39:00,0,0,0,0,39,39
323.0,2017-03-15 10:42:00,0,0,0,0,39,39
323.0,2017-03-15 10:45:00,0,0,0,0,39,39
323.0,2017-03-15 10:48:00,0,0,0,0,39,39
323.0,2017-03-15 10:51:00,0,0,0,0,39,39
323.0,2017-03-15 10:54:00,0,0,0,0,39,39
323.0,2017-03-15 10:56:00,0,0,0,0,39,39
323.0,2017-03-15 10:59:00,0,0,0,0,39,39
323.0,2017-03-15 11:02:00,0,0,0,0,39,39
323.0,2017-03-15 11:05:00,0,0,0,0,39,39
323.0,2017-03-15 11:08:00,0,0,0,0,39,39
323.0,2017-03-15 11:11:00,0,0,0,0,39,39
323.0,2017-03-15 11:14:00,0,0,0,0,39,39
323.0,2017-03-15 11:17:00,0,0,0,0,39,39
323.0,2017-03-15 11:20:00,0,0,0,0,39,39
323.0,2017-03-15 11:23:00,0,0,0,0,39,39
323.0,2017-03-15 11:26:00,0,0,0,0,39,39
323.0,2017-03-15 11:29:00,0,0,0,0,39,39
323.0,2017-03-15 11:32:00,0,0,0,0,39,39
323.0,2017-03-15 11:35:00,0,0,0,0,39,39
323.0,2017-03-15 11:38:00,0,0,0,0,39,39
323.0,2017-03-15 11:41:00,0,0,0,0,39,39
323.0,2017-03-15 11:44:00,0,0,0,0,39,39
323.0,2017-03-15 11:47:00,0,0,0,0,39,39
323.0,2017-03-15 11:50:00,0,0,0,0,39,39
323.0,2017-03-15 11:53:00,0,0,0,0,39,39
323.0,2017-03-15 11:56:00,0,0,0,0,39,39
323.0,2017-03-15 11:59:00,0,0,0,0,39,39
323.0,2017-03-15 12:02:00,0,0,0,0,39,39
323.0,2017-03-15 12:05:00,0,0,0,0,39,39
323.0,2017-03-15 12:08:00,0,0,0,0,39,39
323.0,2017-03-15 12:11:00,0,0,0,0,39,39
323.0,2017-03-15 12:14:00,0,0,0,0,39,39
323.0,2017-03-15 12:17:00,0,0,0,0,39,39
323.0,2017-03-15 12:20:00,0,0,0,0,39,39
323.0,2017-03-15 12:23:00,0,0,0,0,39,39
323.0,2017-03-15 12:26:00,0,0,0,0,39,39
323.0,2017-03-15 12:29:00,0,0,0,0,39,39
323.0,2017-03-15 12:32:00,0,0,0,0,39,39
323.0,2017-03-15 12:35:00,0,0,0,0,39,39
323.0,2017-03-15 12:38:00,0,0,0,0,39,39
323.0,2017-03-15 12:41:00,0,0,0,0,39,39
323.0,2017-03-15 12:44:00,0,0,0,0,39,39
323.0,2017-03-15 12:47:00,0,0,0,0,39,39
323.0,2017-03-15 12:50:00,0,0,0,0,39,39
323.0,2017-03-15 12:53:00,0,0,0,0,39,39
323.0,2017-03-15 12:56:00,0,0,0,0,39,39
323.0,2017-03-15 12:59:00,0,0,0,0,39,39
323.0,2017-03-15 13:02:00,0,0,0,0,39,39
323.0,2017-03-15 13:05:00,0,0,0,0,39,39
323.0,2017-03-15 13:08:00,0,0,0,0,39,39
323.0,2017-03-15 13:11:00,0,0,0,0,39,39
323.0,2017-03-15 13:14:00,0,0,0,0,39,39
323.0,2017-03-15 13:17:00,0,0,0,0,39,39
323.0,2017-03-15 13:20:00,0,0,0,0,39,39
323.0,2017-03-15 13:22:00,0,0,0,0,39,39
323.0,2017-03-15 13:25:00,0,0,0,0,39,39
323.0,2017-03-15 13:28:00,0,0,0,0,39,39
323.0,2017-03-15 13:31:00,0,0,0,0,39,39
323.0,2017-03-15 13:34:00,0,0,0,0,39,39
323.0,2017-03-15 13:37:00,0,0,0,0,39,39
323.0,2017-03-15 13:40:00,0,0,0,0,39,39
323.0,2017-03-15 13:43:00,0,0,0,0,39,39
323.0,2017-03-15 13:46:00,0,0,0,0,39,39
323.0,2017-03-15 13:49:00,0,0,0,0,39,39
323.0,2017-03-15 13:52:00,0,0,0,0,39,39
323.0,2017-03-15 13:55:00,0,0,0,0,39,39
323.0,2017-03-15 13:58:00,0,0,0,0,39,39
323.0,2017-03-15 14:01:00,0,0,0,0,39,39
323.0,2017-03-15 14:04:00,0,0,0,0,39,39
323.0,2017-03-15 14:07:00,0,0,0,0,39,39
323.0,2017-03-15 14:10:00,0,0,0,0,39,39
323.0,2017-03-15 14:13:00,0,0,0,0,39,39
323.0,2017-03-15 14:16:00,0,0,0,0,39,39
323.0,2017-03-15 14:19:00,0,0,0,0,39,39
323.0,2017-03-15 14:22:00,0,0,0,0,39,39
323.0,2017-03-15 14:25:00,0,0,0,0,39,39
323.0,2017-03-15 14:28:00,0,0,0,0,39,39
323.0,2017-03-15 14:31:00,0,0,0,0,39,39
323.0,2017-03-15 14:34:00,0,0,0,0,39,39
323.0,2017-03-15 14:37:00,0,0,0,0,39,39
323.0,2017-03-15 14:40:00,0,0,0,0,39,39
323.0,2017-03-15 14:42:00,0,0,0,0,39,39
323.0,2017-03-15 14:45:00,0,0,0,0,39,39
323.0,2017-03-15 14:48:00,0,0,0,0,39,39
323.0,2017-03-15 14:51:00,0,0,0,0,39,39
323.0,2017-03-15 14:54:00,0,0,0,0,39,39
323.0,2017-03-15 14:57:00,0,0,0,0,39,39
323.0,2017-03-15 15:00:00,0,0,0,0,39,39
323.0,2017-03-15 15:03:00,0,0,0,0,39,39
323.0,2017-03-15 15:06:00,0,0,0,0,39,39
323.0,2017-03-15 15:09:00,0,0,0,0,39,39
323.0,2017-03-15 15:12:00,0,0,0,0,39,39
323.0,2017-03-15 15:15:00,0,0,0,0,39,39
323.0,2017-03-15 15:18:00,0,0,0,0,39,39
323.0,2017-03-15 15:21:00,0,0,0,0,39,39
323.0,2017-03-15 15:22:00,0,0,0,0,39,39
323.0,2017-03-15 15:25:00,0,0,0,0,39,39
323.0,2017-03-15 15:28:00,0,0,0,0,39,39
323.0,2017-03-15 15:31:00,0,0,0,0,39,39
323.0,2017-03-15 15:34:00,0,0,0,0,39,39
323.0,2017-03-15 15:37:00,0,0,0,0,39,39
323.0,2017-03-15 15:40:00,0,0,0,0,39,39
323.0,2017-03-15 15:43:00,0,0,0,0,39,39
323.0,2017-03-15 15:46:00,0,0,0,0,39,39
323.0,2017-03-15 15:49:00,0,0,0,0,39,39
323.0,2017-03-15 15:52:00,0,0,0,0,39,39
323.0,2017-03-15 15:55:00,0,0,0,0,39,39
323.0,2017-03-15 15:58:00,0,0,0,0,39,39
323.0,2017-03-15 16:01:00,0,0,0,0,39,39
323.0,2017-03-15 16:02:00,0,0,0,0,39,39
323.0,2017-03-15 16:05:00,0,0,0,0,39,39
323.0,2017-03-15 16:08:00,0,0,0,0,39,39
323.0,2017-03-15 16:11:00,0,0,0,0,39,39
323.0,2017-03-15 16:14:00,0,0,0,0,39,39
323.0,2017-03-15 16:17:00,0,0,0,0,39,39
323.0,2017-03-15 16:20:00,0,0,0,0,39,39
323.0,2017-03-15 16:23:00,0,0,0,0,39,39
323.0,2017-03-15 16:26:00,0,0,0,0,39,39
323.0,2017-03-15 16:29:00,0,0,0,0,39,39
323.0,2017-03-15 16:32:00,0,0,0,0,39,39
323.0,2017-03-15 16:35:00,0,0,0,0,39,39
323.0,2017-03-15 16:38:00,0,0,0,0,39,39
323.0,2017-03-15 16:41:00,0,0,0,0,39,39
323.0,2017-03-15 16:44:00,0,0,0,0,39,39
323.0,2017-03-15 16:45:00,0,0,0,0,39,39
323.0,2017-03-15 16:48:00,0,0,0,0,39,39
323.0,2017-03-15 16:51:00,0,0,0,0,39,39
323.0,2017-03-15 16:54:00,0,0,0,0,39,39
323.0,2017-03-15 16:57:00,0,0,0,0,39,39
323.0,2017-03-15 17:00:00,0,0,0,0,39,39
323.0,2017-03-15 17:03:00,0,0,0,0,39,39
323.0,2017-03-15 17:06:00,0,0,0,0,39,39
323.0,2017-03-15 17:09:00,0,0,0,0,39,39
323.0,2017-03-15 17:12:00,0,0,0,0,39,39
323.0,2017-03-15 17:15:00,0,0,0,0,39,39
323.0,2017-03-15 17:18:00,0,0,0,0,39,39
323.0,2017-03-15 17:21:00,0,0,0,0,39,39
323.0,2017-03-15 17:24:00,0,0,0,0,39,39
323.0,2017-03-15 17:27:00,0,0,0,0,39,39
323.0,2017-03-15 17:30:00,0,0,0,0,39,39
323.0,2017-03-15 17:31:00,0,0,0,0,39,39
323.0,2017-03-15 17:34:00,0,0,0,0,39,39
323.0,2017-03-15 17:37:00,0,0,0,0,39,39
323.0,2017-03-15 17:40:00,0,0,0,0,39,39
323.0,2017-03-15 17:43:00,0,0,0,0,39,39
323.0,2017-03-15 17:46:00,0,0,0,0,39,39
323.0,2017-03-15 17:49:00,0,0,0,0,39,39
323.0,2017-03-15 17:52:00,0,0,0,0,39,39
323.0,2017-03-15 17:55:00,0,0,0,0,39,39
323.0,2017-03-15 17:58:00,0,0,0,0,39,39
323.0,2017-03-15 18:01:00,0,0,0,0,39,39
323.0,2017-03-15 18:04:00,0,0,0,0,39,39
323.0,2017-03-15 18:07:00,0,0,0,0,39,39
323.0,2017-03-15 18:10:00,0,0,0,0,39,39
323.0,2017-03-15 18:12:00,0,0,0,0,39,39
323.0,2017-03-15 18:15:00,0,0,0,0,39,39
323.0,2017-03-15 18:18:00,0,0,0,0,39,39
323.0,2017-03-15 18:21:00,0,0,0,0,39,39
323.0,2017-03-15 18:24:00,0,0,0,0,39,39
323.0,2017-03-15 18:27:00,0,0,0,0,39,39
323.0,2017-03-15 18:30:00,0,0,0,0,39,39
323.0,2017-03-15 18:33:00,0,0,0,0,39,39
323.0,2017-03-15 18:36:00,0,0,0,0,39,39
323.0,2017-03-15 18:39:00,0,0,0,0,39,39
323.0,2017-03-15 18:42:00,0,0,0,0,39,39
323.0,2017-03-15 18:45:00,0,0,0,0,39,39
323.0,2017-03-15 18:48:00,0,0,0,0,39,39
323.0,2017-03-15 18:51:00,0,0,0,0,39,39
323.0,2017-03-15 18:54:00,0,0,0,0,39,39
323.0,2017-03-15 18:57:00,0,0,0,0,39,39
323.0,2017-03-15 19:00:00,0,0,0,0,39,39
323.0,2017-03-15 19:03:00,0,0,0,0,39,39
323.0,2017-03-15 19:06:00,0,0,0,0,39,39
323.0,2017-03-15 19:09:00,0,0,0,0,39,39
323.0,2017-03-15 19:12:00,0,0,0,0,39,39
323.0,2017-03-15 19:15:00,0,0,0,0,39,39
323.0,2017-03-15 19:18:00,0,0,0,0,39,39
323.0,2017-03-15 19:21:00,0,0,0,0,39,39
323.0,2017-03-15 19:24:00,0,0,0,0,39,39
323.0,2017-03-15 19:27:00,0,0,0,0,39,39
323.0,2017-03-15 19:28:00,0,0,0,0,39,39
323.0,2017-03-15 19:31:00,0,0,0,0,39,39
323.0,2017-03-15 19:34:00,0,0,0,0,39,39
323.0,2017-03-15 19:37:00,0,0,0,0,39,39
323.0,2017-03-15 19:40:00,0,0,0,0,39,39
323.0,2017-03-15 19:43:00,0,0,0,0,39,39
323.0,2017-03-15 19:46:00,0,0,0,0,39,39
323.0,2017-03-15 19:49:00,0,0,0,0,39,39
323.0,2017-03-15 19:52:00,0,0,0,0,39,39
323.0,2017-03-15 19:55:00,0,0,0,0,39,39
323.0,2017-03-15 19:58:00,0,0,0,0,39,39
323.0,2017-03-15 20:01:00,0,0,0,0,39,39
323.0,2017-03-15 20:04:00,0,0,0,0,39,39
323.0,2017-03-15 20:07:00,0,0,0,0,39,39
323.0,2017-03-15 20:10:00,0,0,0,0,39,39
323.0,2017-03-15 20:12:00,0,0,0,0,39,39
323.0,2017-03-15 20:15:00,0,0,0,0,39,39
323.0,2017-03-15 20:18:00,0,0,0,0,39,39
323.0,2017-03-15 20:21:00,0,0,0,0,39,39
323.0,2017-03-15 20:24:00,0,0,0,0,39,39
323.0,2017-03-15 20:27:00,0,0,0,0,39,39
323.0,2017-03-15 20:30:00,0,0,0,0,39,39
323.0,2017-03-15 20:33:00,0,0,0,0,39,39
323.0,2017-03-15 20:36:00,0,0,0,0,39,39
323.0,2017-03-15 20:39:00,0,0,0,0,39,39
323.0,2017-03-15 20:42:00,0,0,0,0,39,39
323.0,2017-03-15 20:45:00,0,0,0,0,39,39
323.0,2017-03-15 20:48:00,0,0,0,0,39,39
323.0,2017-03-15 20:50:00,0,0,0,0,39,39
323.0,2017-03-15 20:53:00,0,0,0,0,39,39
323.0,2017-03-15 20:56:00,0,0,0,0,39,39
323.0,2017-03-15 20:59:00,0,0,0,0,39,39
323.0,2017-03-15 21:02:00,0,0,0,0,39,39
323.0,2017-03-15 21:05:00,0,0,0,0,39,39
323.0,2017-03-15 21:08:00,0,0,0,0,39,39
323.0,2017-03-15 21:11:00,0,0,0,0,39,39
323.0,2017-03-15 21:14:00,0,0,0,0,39,39
323.0,2017-03-15 21:17:00,0,0,0,0,39,39
323.0,2017-03-15 21:20:00,0,0,0,0,39,39
323.0,2017-03-15 21:23:00,0,0,0,0,39,39
323.0,2017-03-15 21:26:00,0,0,0,0,39,39
323.0,2017-03-15 21:29:00,0,0,0,0,39,39
323.0,2017-03-15 21:32:00,0,0,0,0,39,39
323.0,2017-03-15 21:35:00,0,0,0,0,39,39
323.0,2017-03-15 21:38:00,0,0,0,0,39,39
323.0,2017-03-15 21:41:00,0,0,0,0,39,39
323.0,2017-03-15 21:44:00,0,0,0,0,39,39
323.0,2017-03-15 21:47:00,0,0,0,0,39,39
323.0,2017-03-15 21:50:00,0,0,0,0,39,39
323.0,2017-03-15 21:53:00,0,0,0,0,39,39
323.0,2017-03-15 21:56:00,0,0,0,0,39,39
323.0,2017-03-15 21:59:00,0,0,0,0,39,39
323.0,2017-03-15 22:02:00,0,0,0,0,39,39
323.0,2017-03-15 22:04:00,0,0,0,0,39,39
323.0,2017-03-15 22:07:00,0,0,0,0,39,39
323.0,2017-03-15 22:10:00,0,0,0,0,39,39
323.0,2017-03-15 22:13:00,0,0,0,0,39,39
323.0,2017-03-15 22:16:00,0,0,0,0,39,39
323.0,2017-03-15 22:19:00,0,0,0,0,39,39
323.0,2017-03-15 22:22:00,0,0,0,0,39,39
323.0,2017-03-15 22:25:00,0,0,0,0,39,39
323.0,2017-03-15 22:28:00,0,0,0,0,39,39
323.0,2017-03-15 22:31:00,0,0,0,0,39,39
323.0,2017-03-15 22:34:00,0,0,0,0,39,39
323.0,2017-03-15 22:37:00,0,0,0,0,39,39
323.0,2017-03-15 22:40:00,0,0,0,0,39,39
323.0,2017-03-15 22:41:00,0,0,0,0,39,39
323.0,2017-03-15 22:44:00,0,0,0,0,39,39
323.0,2017-03-15 22:47:00,0,0,0,0,39,39
323.0,2017-03-15 22:50:00,0,0,0,0,39,39
323.0,2017-03-15 22:53:00,0,0,0,0,39,39
323.0,2017-03-15 22:56:00,0,0,0,0,39,39
323.0,2017-03-15 22:59:00,0,0,0,0,39,39
323.0,2017-03-15 23:02:00,0,0,0,0,39,39
323.0,2017-03-15 23:05:00,0,0,0,0,39,39
323.0,2017-03-15 23:08:00,0,0,0,0,39,39
323.0,2017-03-15 23:11:00,0,0,0,0,39,39
323.0,2017-03-15 23:14:00,0,0,0,0,39,39
323.0,2017-03-15 23:15:00,0,0,0,0,39,39
323.0,2017-03-15 23:18:00,0,0,0,0,39,39
323.0,2017-03-15 23:21:00,0,0,0,0,39,39
323.0,2017-03-15 23:24:00,0,0,0,0,39,39
323.0,2017-03-15 23:27:00,0,0,0,0,39,39
323.0,2017-03-15 23:30:00,0,0,0,0,39,39
323.0,2017-03-15 23:33:00,0,0,0,0,39,39
323.0,2017-03-15 23:36:00,0,0,0,0,39,39
323.0,2017-03-15 23:39:00,0,0,0,0,39,39
323.0,2017-03-15 23:42:00,0,0,0,0,39,39
323.0,2017-03-15 23:45:00,0,0,0,0,39,39
323.0,2017-03-15 23:48:00,0,0,0,0,39,39
323.0,2017-03-15 23:51:00,0,0,0,0,39,39
323.0,2017-03-15 23:54:00,0,0,0,0,39,39
323.0,2017-03-15 23:57:00,0,0,0,0,39,39
323.0,2017-03-16 00:00:00,0,0,0,0,39,39
323.0,2017-03-16 00:03:00,0,0,0,0,39,39
323.0,2017-03-16 00:06:00,0,0,0,0,39,39
323.0,2017-03-16 00:09:00,0,0,0,0,39,39
323.0,2017-03-16 00:12:00,0,0,0,0,39,39
323.0,2017-03-16 00:15:00,0,0,0,0,39,39
323.0,2017-03-16 00:18:00,0,0,0,0,39,39
323.0,2017-03-16 00:21:00,0,0,0,0,39,39
323.0,2017-03-16 00:24:00,0,0,0,0,39,39
323.0,2017-03-16 00:27:00,0,0,0,0,39,39
323.0,2017-03-16 00:30:00,0,0,0,0,39,39
323.0,2017-03-16 00:33:00,0,0,0,0,39,39
323.0,2017-03-16 00:36:00,0,0,0,0,39,39
323.0,2017-03-16 00:39:00,0,0,0,0,39,39
323.0,2017-03-16 00:42:00,0,0,0,0,39,39
323.0,2017-03-16 00:45:00,0,0,0,0,39,39
323.0,2017-03-16 00:48:00,0,0,0,0,39,39
323.0,2017-03-16 00:51:00,0,0,0,0,39,39
323.0,2017-03-16 00:54:00,0,0,0,0,39,39
323.0,2017-03-16 00:57:00,0,0,0,0,39,39
323.0,2017-03-16 01:00:00,0,0,0,0,39,39
323.0,2017-03-16 01:03:00,0,0,0,0,39,39
323.0,2017-03-16 01:04:00,0,0,0,0,39,39
323.0,2017-03-16 01:07:00,0,0,0,0,39,39
323.0,2017-03-16 01:10:00,0,0,0,0,39,39
323.0,2017-03-16 01:13:00,0,0,0,0,39,39
323.0,2017-03-16 01:16:00,0,0,0,0,39,39
323.0,2017-03-16 01:19:00,0,0,0,0,39,39
323.0,2017-03-16 01:22:00,0,0,0,0,39,39
323.0,2017-03-16 01:25:00,0,0,0,0,39,39
323.0,2017-03-16 01:28:00,0,0,0,0,39,39
323.0,2017-03-16 01:31:00,0,0,0,0,39,39
323.0,2017-03-16 01:34:00,0,0,0,0,39,39
323.0,2017-03-16 01:37:00,0,0,0,0,39,39
323.0,2017-03-16 01:40:00,0,0,0,0,39,39
323.0,2017-03-16 01:43:00,0,0,0,0,39,39
323.0,2017-03-16 01:46:00,0,0,0,0,39,39
323.0,2017-03-16 01:49:00,0,0,0,0,39,39
323.0,2017-03-16 01:52:00,0,0,0,0,39,39
323.0,2017-03-16 01:55:00,0,0,0,0,39,39
323.0,2017-03-16 01:58:00,0,0,0,0,39,39
323.0,2017-03-16 02:01:00,0,0,0,0,39,39
323.0,2017-03-16 02:04:00,0,0,0,0,39,39
323.0,2017-03-16 02:07:00,0,0,0,0,39,39
323.0,2017-03-16 02:10:00,0,0,0,0,39,39
323.0,2017-03-16 02:13:00,0,0,0,0,39,39
323.0,2017-03-16 02:16:00,0,0,0,0,39,39
323.0,2017-03-16 02:19:00,0,0,0,0,39,39
323.0,2017-03-16 02:22:00,0,0,0,0,39,39
323.0,2017-03-16 02:25:00,0,0,0,0,39,39
323.0,2017-03-16 02:28:00,0,0,0,0,39,39
323.0,2017-03-16 02:31:00,0,0,0,0,39,39
323.0,2017-03-16 02:34:00,0,0,0,0,39,39
323.0,2017-03-16 02:37:00,0,0,0,0,39,39
323.0,2017-03-16 02:40:00,0,0,0,0,39,39
323.0,2017-03-16 02:43:00,0,0,0,0,39,39
323.0,2017-03-16 02:46:00,0,0,0,0,39,39
323.0,2017-03-16 02:49:00,0,0,0,0,39,39
323.0,2017-03-16 02:52:00,0,0,0,0,39,39
323.0,2017-03-16 02:55:00,0,0,0,0,39,39
323.0,2017-03-16 02:58:00,0,0,0,0,39,39
323.0,2017-03-16 03:01:00,0,0,0,0,39,39
323.0,2017-03-16 03:04:00,0,0,0,0,39,39
323.0,2017-03-16 03:07:00,0,0,0,0,39,39
323.0,2017-03-16 03:10:00,0,0,0,0,39,39
323.0,2017-03-16 03:13:00,0,0,0,0,39,39
323.0,2017-03-16 03:16:00,0,0,0,0,39,39
323.0,2017-03-16 03:19:00,0,0,0,0,39,39
323.0,2017-03-16 03:20:00,0,0,0,0,39,39
323.0,2017-03-16 03:23:00,0,0,0,0,39,39
323.0,2017-03-16 03:26:00,0,0,0,0,39,39
323.0,2017-03-16 03:29:00,0,0,0,0,39,39
323.0,2017-03-16 03:32:00,0,0,0,0,39,39
323.0,2017-03-16 03:35:00,0,0,0,0,39,39
323.0,2017-03-16 03:38:00,0,0,0,0,39,39
323.0,2017-03-16 03:41:00,0,0,0,0,39,39
323.0,2017-03-16 03:44:00,0,0,0,0,39,39
323.0,2017-03-16 03:47:00,0,0,0,0,39,39
323.0,2017-03-16 03:50:00,0,0,0,0,39,39
323.0,2017-03-16 03:53:00,0,0,0,0,39,39
323.0,2017-03-16 03:56:00,0,0,0,0,39,39
323.0,2017-03-16 03:59:00,0,0,0,0,39,39
323.0,2017-03-16 04:02:00,0,0,0,0,39,39
323.0,2017-03-16 04:05:00,0,0,0,0,39,39
323.0,2017-03-16 04:08:00,0,0,0,0,39,39
323.0,2017-03-16 04:11:00,0,0,0,0,39,39
323.0,2017-03-16 04:14:00,0,0,0,0,39,39
323.0,2017-03-16 04:17:00,0,0,0,0,39,39
323.0,2017-03-16 04:20:00,0,0,0,0,39,39
323.0,2017-03-16 04:23:00,0,0,0,0,39,39
323.0,2017-03-16 04:26:00,0,0,0,0,39,39
323.0,2017-03-16 04:29:00,0,0,0,0,39,39
323.0,2017-03-16 04:32:00,0,0,0,0,39,39
323.0,2017-03-16 04:35:00,0,0,0,0,39,39
323.0,2017-03-16 04:38:00,0,0,0,0,39,39
323.0,2017-03-16 04:41:00,0,0,0,0,39,39
323.0,2017-03-16 04:44:00,0,0,0,0,39,39
323.0,2017-03-16 04:47:00,0,0,0,0,39,39
323.0,2017-03-16 04:50:00,0,0,0,0,39,39
323.0,2017-03-16 04:53:00,0,0,0,0,39,39
323.0,2017-03-16 04:56:00,0,0,0,0,39,39
323.0,2017-03-16 04:59:00,0,0,0,0,39,39
323.0,2017-03-16 05:02:00,0,0,0,0,39,39
323.0,2017-03-16 05:05:00,0,0,0,0,39,39
323.0,2017-03-16 05:08:00,0,0,0,0,39,39
323.0,2017-03-16 05:09:00,0,0,0,0,39,39
323.0,2017-03-16 05:12:00,0,0,0,0,39,39
323.0,2017-03-16 05:15:00,0,0,0,0,39,39
323.0,2017-03-16 05:18:00,0,0,0,0,39,39
323.0,2017-03-16 05:21:00,0,0,0,0,39,39
323.0,2017-03-16 05:24:00,0,0,0,0,39,39
323.0,2017-03-16 05:27:00,0,0,0,0,39,39
323.0,2017-03-16 05:30:00,0,0,0,0,39,39
323.0,2017-03-16 05:33:00,0,0,0,0,39,39
323.0,2017-03-16 05:36:00,0,0,0,0,39,39
323.0,2017-03-16 05:39:00,0,0,0,0,39,39
323.0,2017-03-16 05:42:00,0,0,0,0,39,39
323.0,2017-03-16 05:44:00,0,0,0,0,39,39
323.0,2017-03-16 05:47:00,0,0,0,0,39,39
323.0,2017-03-16 05:50:00,0,0,0,0,39,39
323.0,2017-03-16 05:53:00,0,0,0,0,39,39
323.0,2017-03-16 05:56:00,0,0,0,0,39,39
323.0,2017-03-16 05:59:00,0,0,0,0,39,39
323.0,2017-03-16 06:02:00,0,0,0,0,39,39
323.0,2017-03-16 06:05:00,0,0,0,0,39,39
323.0,2017-03-16 06:08:00,0,0,0,0,39,39
323.0,2017-03-16 06:11:00,0,0,0,0,39,39
323.0,2017-03-16 06:14:00,0,0,0,0,39,39
323.0,2017-03-16 06:17:00,0,0,0,0,39,39
323.0,2017-03-16 06:20:00,0,0,0,0,39,39
323.0,2017-03-16 06:23:00,0,0,0,0,39,39
323.0,2017-03-16 06:26:00,0,0,0,0,39,39
323.0,2017-03-16 06:29:00,0,0,0,0,39,39
323.0,2017-03-16 06:32:00,0,0,0,0,39,39
323.0,2017-03-16 06:35:00,0,0,0,0,39,39
323.0,2017-03-16 06:38:00,0,0,0,0,39,39
323.0,2017-03-16 06:41:00,0,0,0,0,39,39
323.0,2017-03-16 06:44:00,0,0,0,0,39,39
323.0,2017-03-16 06:47:00,0,0,0,0,39,39
323.0,2017-03-16 06:50:00,0,0,0,0,39,39
323.0,2017-03-16 06:53:00,0,0,0,0,39,39
323.0,2017-03-16 06:56:00,0,0,0,0,39,39
323.0,2017-03-16 06:59:00,0,0,0,0,39,39
323.0,2017-03-16 07:02:00,0,0,0,0,39,39
323.0,2017-03-16 07:05:00,0,0,0,0,39,39
323.0,2017-03-16 07:08:00,0,0,0,0,39,39
323.0,2017-03-16 07:11:00,0,0,0,0,39,39
323.0,2017-03-16 07:14:00,0,0,0,0,39,39
323.0,2017-03-16 07:17:00,0,0,0,0,39,39
323.0,2017-03-16 07:20:00,0,0,0,0,39,39
323.0,2017-03-16 07:23:00,0,0,0,0,39,39
323.0,2017-03-16 07:26:00,0,0,0,0,39,39
323.0,2017-03-16 07:29:00,0,0,0,0,39,39
323.0,2017-03-16 07:32:00,0,0,0,0,39,39
323.0,2017-03-16 07:35:00,0,0,0,0,39,39
323.0,2017-03-16 07:38:00,0,0,0,0,39,39
323.0,2017-03-16 07:41:00,0,0,0,0,39,39
323.0,2017-03-16 07:44:00,0,0,0,0,39,39
323.0,2017-03-16 07:47:00,0,0,0,0,39,39
323.0,2017-03-16 07:50:00,0,0,0,0,39,39
323.0,2017-03-16 07:53:00,0,0,0,0,39,39
323.0,2017-03-16 07:56:00,0,0,0,0,39,39
323.0,2017-03-16 07:59:00,0,0,0,0,39,39
323.0,2017-03-16 08:02:00,0,0,0,0,39,39
323.0,2017-03-16 08:05:00,0,0,0,0,39,39
323.0,2017-03-16 08:08:00,0,0,0,0,39,39
323.0,2017-03-16 08:11:00,0,0,0,0,39,39
323.0,2017-03-16 08:14:00,0,0,0,0,39,39
323.0,2017-03-16 08:17:00,0,0,0,0,39,39
323.0,2017-03-16 08:20:00,0,0,0,0,39,39
323.0,2017-03-16 08:23:00,0,0,0,0,39,39
323.0,2017-03-16 08:26:00,0,0,0,0,39,39
323.0,2017-03-16 08:29:00,0,0,0,0,39,39
323.0,2017-03-16 08:32:00,0,0,0,0,39,39
323.0,2017-03-16 08:35:00,0,0,0,0,39,39
323.0,2017-03-16 08:38:00,0,0,0,0,39,39
323.0,2017-03-16 08:41:00,0,0,0,0,39,39
323.0,2017-03-16 08:44:00,0,0,0,0,39,39
323.0,2017-03-16 08:47:00,0,0,0,0,39,39
323.0,2017-03-16 08:50:00,0,0,0,0,39,39
323.0,2017-03-16 08:53:00,0,0,0,0,39,39
323.0,2017-03-16 08:56:00,0,0,0,0,39,39
323.0,2017-03-16 08:59:00,0,0,0,0,39,39
323.0,2017-03-16 09:02:00,0,0,0,0,39,39
323.0,2017-03-16 09:05:00,0,0,0,0,39,39
323.0,2017-03-16 09:08:00,0,0,0,0,39,39
323.0,2017-03-16 09:11:00,0,0,0,0,39,39
323.0,2017-03-16 09:14:00,0,0,0,0,39,39
323.0,2017-03-16 09:17:00,0,0,0,0,39,39
323.0,2017-03-16 09:20:00,0,0,0,0,39,39
323.0,2017-03-16 09:23:00,0,0,0,0,39,39
323.0,2017-03-16 09:24:00,0,0,0,0,39,39
323.0,2017-03-16 09:27:00,0,0,0,0,39,39
323.0,2017-03-16 09:30:00,0,0,0,0,39,39
323.0,2017-03-16 09:33:00,0,0,0,0,39,39
323.0,2017-03-16 09:36:00,0,0,0,0,39,39
323.0,2017-03-16 09:39:00,0,0,0,0,39,39
323.0,2017-03-16 09:42:00,0,0,0,0,39,39
323.0,2017-03-16 09:45:00,0,0,0,0,39,39
323.0,2017-03-16 09:48:00,0,0,0,0,39,39
323.0,2017-03-16 09:51:00,0,0,0,0,39,39
323.0,2017-03-16 09:54:00,0,0,0,0,39,39
323.0,2017-03-16 09:57:00,0,0,0,0,39,39
323.0,2017-03-16 10:00:00,0,0,0,0,39,39
323.0,2017-03-16 10:03:00,0,0,0,0,39,39
323.0,2017-03-16 10:06:00,0,0,0,0,39,39
323.0,2017-03-16 10:09:00,0,0,0,0,39,39
323.0,2017-03-16 10:12:00,0,0,0,0,39,39
323.0,2017-03-16 10:15:00,0,0,0,0,39,39
323.0,2017-03-16 10:18:00,0,0,0,0,39,39
323.0,2017-03-16 10:21:00,0,0,0,0,39,39
323.0,2017-03-16 10:24:00,0,0,0,0,39,39
323.0,2017-03-16 10:27:00,0,0,0,0,39,39
323.0,2017-03-16 10:30:00,0,0,0,0,39,39
323.0,2017-03-16 10:33:00,0,0,0,0,39,39
323.0,2017-03-16 10:36:00,0,0,0,0,39,39
323.0,2017-03-16 10:39:00,0,0,0,0,39,39
323.0,2017-03-16 10:40:00,0,0,0,0,39,39
323.0,2017-03-16 10:43:00,0,0,0,0,39,39
323.0,2017-03-16 10:46:00,0,0,0,0,39,39
323.0,2017-03-16 10:49:00,0,0,0,0,39,39
323.0,2017-03-16 10:52:00,0,0,0,0,39,39
323.0,2017-03-16 10:55:00,0,0,0,0,39,39
323.0,2017-03-16 10:58:00,0,0,0,0,39,39
323.0,2017-03-16 11:01:00,0,0,0,0,39,39
323.0,2017-03-16 11:04:00,0,0,0,0,39,39
323.0,2017-03-16 11:07:00,0,0,0,0,39,39
323.0,2017-03-16 11:10:00,0,0,0,0,39,39
323.0,2017-03-16 11:13:00,0,0,0,0,39,39
323.0,2017-03-16 11:16:00,0,0,0,0,39,39
323.0,2017-03-16 11:19:00,0,0,0,0,39,39
323.0,2017-03-16 11:22:00,0,0,0,0,39,39
323.0,2017-03-16 11:25:00,0,0,0,0,39,39
323.0,2017-03-16 11:28:00,0,0,0,0,39,39
323.0,2017-03-16 11:31:00,0,0,0,0,39,39
323.0,2017-03-16 11:34:00,0,0,0,0,39,39
323.0,2017-03-16 11:37:00,0,0,0,0,39,39
323.0,2017-03-16 11:40:00,0,0,0,0,39,39
323.0,2017-03-16 11:43:00,0,0,0,0,39,39
323.0,2017-03-16 11:46:00,0,0,0,0,39,39
323.0,2017-03-16 11:49:00,0,0,0,0,39,39
323.0,2017-03-16 11:52:00,0,0,0,0,39,39
323.0,2017-03-16 11:55:00,0,0,0,0,39,39
323.0,2017-03-16 11:58:00,0,0,0,0,39,39
323.0,2017-03-16 12:01:00,0,0,0,0,39,39
323.0,2017-03-16 12:04:00,0,0,0,0,39,39
323.0,2017-03-16 12:07:00,0,0,0,0,39,39
323.0,2017-03-16 12:10:00,0,0,0,0,39,39
323.0,2017-03-16 12:13:00,0,0,0,0,39,39
323.0,2017-03-16 12:16:00,0,0,0,0,39,39
323.0,2017-03-16 12:19:00,0,0,0,0,39,39
323.0,2017-03-16 12:22:00,0,0,0,0,39,39
323.0,2017-03-16 12:25:00,0,0,0,0,39,39
323.0,2017-03-16 12:28:00,0,0,0,0,39,39
323.0,2017-03-16 12:31:00,0,0,0,0,39,39
323.0,2017-03-16 12:34:00,0,0,0,0,39,39
323.0,2017-03-16 12:37:00,0,0,0,0,39,39
323.0,2017-03-16 12:40:00,0,0,0,0,39,39
323.0,2017-03-16 12:43:00,0,0,0,0,39,39
323.0,2017-03-16 12:46:00,0,0,0,0,39,39
323.0,2017-03-16 12:49:00,0,0,0,0,39,39
323.0,2017-03-16 12:52:00,0,0,0,0,39,39
323.0,2017-03-16 12:55:00,0,0,0,0,39,39
323.0,2017-03-16 12:58:00,0,0,0,0,39,39
323.0,2017-03-16 13:01:00,0,0,0,0,39,39
323.0,2017-03-16 13:04:00,0,0,0,0,39,39
323.0,2017-03-16 13:06:00,0,0,0,0,39,39
323.0,2017-03-16 13:09:00,0,0,0,0,39,39
323.0,2017-03-16 13:12:00,0,0,0,0,39,39
323.0,2017-03-16 13:15:00,0,0,0,0,39,39
323.0,2017-03-16 13:18:00,0,0,0,0,39,39
323.0,2017-03-16 13:21:00,0,0,0,0,39,39
323.0,2017-03-16 13:24:00,0,0,0,0,39,39
323.0,2017-03-16 13:27:00,0,0,0,0,39,39
323.0,2017-03-16 13:30:00,0,0,0,0,39,39
323.0,2017-03-16 13:33:00,0,0,0,0,39,39
323.0,2017-03-16 13:36:00,0,0,0,0,39,39
323.0,2017-03-16 13:39:00,0,0,0,0,39,39
323.0,2017-03-16 13:42:00,0,0,0,0,39,39
323.0,2017-03-16 13:44:00,0,0,0,0,39,39
323.0,2017-03-16 13:47:00,0,0,0,0,39,39
323.0,2017-03-16 13:50:00,0,0,0,0,39,39
323.0,2017-03-16 13:53:00,0,0,0,0,39,39
323.0,2017-03-16 13:56:00,0,0,0,0,39,39
323.0,2017-03-16 13:59:00,0,0,0,0,39,39
323.0,2017-03-16 14:02:00,0,0,0,0,39,39
323.0,2017-03-16 14:05:00,0,0,0,0,39,39
323.0,2017-03-16 14:08:00,0,0,0,0,39,39
323.0,2017-03-16 14:11:00,0,0,0,0,39,39
323.0,2017-03-16 14:14:00,0,0,0,0,39,39
323.0,2017-03-16 14:17:00,0,0,0,0,39,39
323.0,2017-03-16 14:20:00,0,0,0,0,39,39
323.0,2017-03-16 14:22:00,0,0,0,0,39,39
323.0,2017-03-16 14:25:00,0,0,0,0,39,39
323.0,2017-03-16 14:28:00,0,0,0,0,39,39
323.0,2017-03-16 14:31:00,0,0,0,0,39,39
323.0,2017-03-16 14:34:00,0,0,0,0,39,39
323.0,2017-03-16 14:37:00,0,0,0,0,39,39
323.0,2017-03-16 14:40:00,0,0,0,0,39,39
323.0,2017-03-16 14:43:00,0,0,0,0,39,39
323.0,2017-03-16 14:46:00,0,0,0,0,39,39
323.0,2017-03-16 14:49:00,0,0,0,0,39,39
323.0,2017-03-16 14:52:00,0,0,0,0,39,39
323.0,2017-03-16 14:55:00,0,0,0,0,39,39
323.0,2017-03-16 14:58:00,0,0,0,0,39,39
323.0,2017-03-16 15:00:00,0,0,0,0,39,39
323.0,2017-03-16 15:03:00,0,0,0,0,39,39
323.0,2017-03-16 15:06:00,0,0,0,0,39,39
323.0,2017-03-16 15:09:00,0,0,0,0,39,39
323.0,2017-03-16 15:12:00,0,0,0,0,39,39
323.0,2017-03-16 15:15:00,0,0,0,0,39,39
323.0,2017-03-16 15:18:00,0,0,0,0,39,39
323.0,2017-03-16 15:21:00,0,0,0,0,39,39
323.0,2017-03-16 15:24:00,0,0,0,0,39,39
323.0,2017-03-16 15:27:00,0,0,0,0,39,39
323.0,2017-03-16 15:30:00,0,0,0,0,39,39
323.0,2017-03-16 15:33:00,0,0,0,0,39,39
323.0,2017-03-16 15:36:00,0,0,0,0,39,39
323.0,2017-03-16 15:39:00,0,0,0,0,39,39
323.0,2017-03-16 15:42:00,0,0,0,0,39,39
323.0,2017-03-16 15:45:00,0,0,0,0,39,39
323.0,2017-03-16 15:48:00,0,0,0,0,39,39
323.0,2017-03-16 15:51:00,0,0,0,0,39,39
323.0,2017-03-16 15:54:00,0,0,0,0,39,39
323.0,2017-03-16 15:57:00,0,0,0,0,39,39
323.0,2017-03-16 16:00:00,0,0,0,0,39,39
323.0,2017-03-16 16:03:00,0,0,0,0,39,39
323.0,2017-03-16 16:06:00,0,0,0,0,39,39
323.0,2017-03-16 16:09:00,0,0,0,0,39,39
323.0,2017-03-16 16:12:00,0,0,0,0,39,39
323.0,2017-03-16 16:15:00,0,0,0,0,39,39
323.0,2017-03-16 16:18:00,0,0,0,0,39,39
323.0,2017-03-16 16:21:00,0,0,0,0,39,39
323.0,2017-03-16 16:24:00,0,0,0,0,39,39
323.0,2017-03-16 16:27:00,0,0,0,0,39,39
323.0,2017-03-16 16:30:00,0,0,0,0,39,39
323.0,2017-03-16 16:33:00,0,0,0,0,39,39
323.0,2017-03-16 16:36:00,0,0,0,0,39,39
323.0,2017-03-16 16:39:00,0,0,0,0,39,39
323.0,2017-03-16 16:42:00,0,0,0,0,39,39
323.0,2017-03-16 16:45:00,0,0,0,0,39,39
323.0,2017-03-16 16:48:00,0,0,0,0,39,39
323.0,2017-03-16 16:51:00,0,0,0,0,39,39
323.0,2017-03-16 16:54:00,0,0,0,0,39,39
323.0,2017-03-16 16:57:00,0,0,0,0,39,39
323.0,2017-03-16 16:59:00,0,0,0,0,39,39
323.0,2017-03-16 17:02:00,0,0,0,0,39,39
323.0,2017-03-16 17:05:00,0,0,0,0,39,39
323.0,2017-03-16 17:08:00,0,0,0,0,39,39
323.0,2017-03-16 17:11:00,0,0,0,0,39,39
323.0,2017-03-16 17:14:00,0,0,0,0,39,39
323.0,2017-03-16 17:17:00,0,0,0,0,39,39
323.0,2017-03-16 17:20:00,0,0,0,0,39,39
323.0,2017-03-16 17:23:00,0,0,0,0,39,39
323.0,2017-03-16 17:26:00,0,0,0,0,39,39
323.0,2017-03-16 17:29:00,0,0,0,0,39,39
323.0,2017-03-16 17:32:00,0,0,0,0,39,39
323.0,2017-03-16 17:35:00,0,0,0,0,39,39
323.0,2017-03-16 17:38:00,0,0,0,0,39,39
323.0,2017-03-16 17:41:00,0,0,0,0,39,39
323.0,2017-03-16 17:42:00,0,0,0,0,39,39
323.0,2017-03-16 17:45:00,0,0,0,0,39,39
323.0,2017-03-16 17:48:00,0,0,0,0,39,39
323.0,2017-03-16 17:51:00,0,0,0,0,39,39
323.0,2017-03-16 17:54:00,0,0,0,0,39,39
323.0,2017-03-16 17:57:00,0,0,0,0,39,39
323.0,2017-03-16 18:00:00,0,0,0,0,39,39
323.0,2017-03-16 18:03:00,0,0,0,0,39,39
323.0,2017-03-16 18:06:00,0,0,0,0,39,39
323.0,2017-03-16 18:09:00,0,0,0,0,39,39
323.0,2017-03-16 18:12:00,0,0,0,0,39,39
323.0,2017-03-16 18:15:00,0,0,0,0,39,39
323.0,2017-03-16 18:18:00,0,0,0,0,39,39
323.0,2017-03-16 18:21:00,0,0,0,0,39,39
323.0,2017-03-16 18:24:00,0,0,0,0,39,39
323.0,2017-03-16 18:27:00,0,0,0,0,39,39
323.0,2017-03-16 18:30:00,0,0,0,0,39,39
323.0,2017-03-16 18:33:00,0,0,0,0,39,39
323.0,2017-03-16 18:36:00,0,0,0,0,39,39
323.0,2017-03-16 18:39:00,0,0,0,0,39,39
323.0,2017-03-16 18:42:00,0,0,0,0,39,39
323.0,2017-03-16 18:45:00,0,0,0,0,39,39
323.0,2017-03-16 18:48:00,0,0,0,0,39,39
323.0,2017-03-16 18:51:00,0,0,0,0,39,39
323.0,2017-03-16 18:54:00,0,0,0,0,39,39
323.0,2017-03-16 18:57:00,0,0,0,0,39,39
323.0,2017-03-16 19:00:00,0,0,0,0,39,39
323.0,2017-03-16 19:02:00,0,0,0,0,39,39
323.0,2017-03-16 19:05:00,0,0,0,0,39,39
323.0,2017-03-16 19:08:00,0,0,0,0,39,39
323.0,2017-03-16 19:11:00,0,0,0,0,39,39
323.0,2017-03-16 19:14:00,0,0,0,0,39,39
323.0,2017-03-16 19:17:00,0,0,0,0,39,39
323.0,2017-03-16 19:20:00,0,0,0,0,39,39
323.0,2017-03-16 19:23:00,0,0,0,0,39,39
323.0,2017-03-16 19:26:00,0,0,0,0,39,39
323.0,2017-03-16 19:29:00,0,0,0,0,39,39
323.0,2017-03-16 19:32:00,0,0,0,0,39,39
323.0,2017-03-16 19:35:00,0,0,0,0,39,39
323.0,2017-03-16 19:38:00,0,0,0,0,39,39
323.0,2017-03-16 19:41:00,0,0,0,0,39,39
323.0,2017-03-16 19:44:00,0,0,0,0,39,39
323.0,2017-03-16 19:47:00,0,0,0,0,39,39
323.0,2017-03-16 19:50:00,0,0,0,0,39,39
323.0,2017-03-16 19:53:00,0,0,0,0,39,39
323.0,2017-03-16 19:56:00,0,0,0,0,39,39
323.0,2017-03-16 19:59:00,0,0,0,0,39,39
323.0,2017-03-16 20:02:00,0,0,0,0,39,39
323.0,2017-03-16 20:05:00,0,0,0,0,39,39
323.0,2017-03-16 20:08:00,0,0,0,0,39,39
323.0,2017-03-16 20:11:00,0,0,0,0,39,39
323.0,2017-03-16 20:14:00,0,0,0,0,39,39
323.0,2017-03-16 20:17:00,0,0,0,0,39,39
323.0,2017-03-16 20:18:00,0,0,0,0,39,39
323.0,2017-03-16 20:21:00,0,0,0,0,39,39
323.0,2017-03-16 20:24:00,0,0,0,0,39,39
323.0,2017-03-16 20:27:00,0,0,0,0,39,39
323.0,2017-03-16 20:30:00,0,0,0,0,39,39
323.0,2017-03-16 20:33:00,0,0,0,0,39,39
323.0,2017-03-16 20:36:00,0,0,0,0,39,39
323.0,2017-03-16 20:39:00,0,0,0,0,39,39
323.0,2017-03-16 20:42:00,0,0,0,0,39,39
323.0,2017-03-16 20:45:00,0,0,0,0,39,39
323.0,2017-03-16 20:48:00,0,0,0,0,39,39
323.0,2017-03-16 20:51:00,0,0,0,0,39,39
323.0,2017-03-16 20:54:00,0,0,0,0,39,39
323.0,2017-03-16 20:57:00,0,0,0,0,39,39
323.0,2017-03-16 21:00:00,0,0,0,0,39,39
323.0,2017-03-16 21:03:00,0,0,0,0,39,39
323.0,2017-03-16 21:06:00,0,0,0,0,39,39
323.0,2017-03-16 21:09:00,0,0,0,0,39,39
323.0,2017-03-16 21:12:00,0,0,0,0,39,39
323.0,2017-03-16 21:15:00,0,0,0,0,39,39
323.0,2017-03-16 21:18:00,0,0,0,0,39,39
323.0,2017-03-16 21:21:00,0,0,0,0,39,39
323.0,2017-03-16 21:24:00,0,0,0,0,39,39
323.0,2017-03-16 21:27:00,0,0,0,0,39,39
323.0,2017-03-16 21:30:00,0,0,0,0,39,39
323.0,2017-03-16 21:33:00,0,0,0,0,39,39
323.0,2017-03-16 21:36:00,0,0,0,0,39,39
323.0,2017-03-16 21:39:00,0,0,0,0,39,39
323.0,2017-03-16 21:42:00,0,0,0,0,39,39
323.0,2017-03-16 21:45:00,0,0,0,0,39,39
323.0,2017-03-16 21:48:00,0,0,0,0,39,39
323.0,2017-03-16 21:51:00,0,0,0,0,39,39
323.0,2017-03-16 21:54:00,0,0,0,0,39,39
323.0,2017-03-16 21:57:00,0,0,0,0,39,39
323.0,2017-03-16 22:00:00,0,0,0,0,39,39
323.0,2017-03-16 22:03:00,0,0,0,0,39,39
323.0,2017-03-16 22:06:00,0,0,0,0,39,39
323.0,2017-03-16 22:09:00,0,0,0,0,39,39
323.0,2017-03-16 22:12:00,0,0,0,0,39,39
323.0,2017-03-16 22:15:00,0,0,0,0,39,39
323.0,2017-03-16 22:18:00,0,0,0,0,39,39
323.0,2017-03-16 22:21:00,0,0,0,0,39,39
323.0,2017-03-16 22:24:00,0,0,0,0,39,39
323.0,2017-03-16 22:27:00,0,0,0,0,39,39
323.0,2017-03-16 22:30:00,0,0,0,0,39,39
323.0,2017-03-16 22:33:00,0,0,0,0,39,39
323.0,2017-03-16 22:36:00,0,0,0,0,39,39
323.0,2017-03-16 22:39:00,0,0,0,0,39,39
323.0,2017-03-16 22:42:00,0,0,0,0,39,39
323.0,2017-03-16 22:45:00,0,0,0,0,39,39
323.0,2017-03-16 22:48:00,0,0,0,0,39,39
323.0,2017-03-16 22:51:00,0,0,0,0,39,39
323.0,2017-03-16 22:54:00,0,0,0,0,39,39
323.0,2017-03-16 22:57:00,0,0,0,0,39,39
323.0,2017-03-16 23:00:00,0,0,0,0,39,39
323.0,2017-03-16 23:03:00,0,0,0,0,39,39
323.0,2017-03-16 23:06:00,0,0,0,0,39,39
323.0,2017-03-16 23:09:00,0,0,0,0,39,39
323.0,2017-03-16 23:12:00,0,0,0,0,39,39
323.0,2017-03-16 23:15:00,0,0,0,0,39,39
323.0,2017-03-16 23:18:00,0,0,0,0,39,39
323.0,2017-03-16 23:21:00,0,0,0,0,39,39
323.0,2017-03-16 23:24:00,0,0,0,0,39,39
323.0,2017-03-16 23:27:00,0,0,0,0,39,39
323.0,2017-03-16 23:30:00,0,0,0,0,39,39
323.0,2017-03-16 23:33:00,0,0,0,0,39,39
323.0,2017-03-16 23:36:00,0,0,0,0,39,39
323.0,2017-03-16 23:39:00,0,0,0,0,39,39
323.0,2017-03-16 23:42:00,0,0,0,0,39,39
323.0,2017-03-16 23:45:00,0,0,0,0,39,39
323.0,2017-03-16 23:48:00,0,0,0,0,39,39
323.0,2017-03-16 23:51:00,0,0,0,0,39,39
323.0,2017-03-16 23:54:00,0,0,0,0,39,39
323.0,2017-03-16 23:57:00,0,0,0,0,39,39
323.0,2017-03-17 00:00:00,0,0,0,0,39,39
323.0,2017-03-17 00:03:00,0,0,0,0,39,39
323.0,2017-03-17 00:06:00,0,0,0,0,39,39
323.0,2017-03-17 00:09:00,0,0,0,0,39,39
323.0,2017-03-17 00:12:00,0,0,0,0,39,39
323.0,2017-03-17 00:15:00,0,0,0,0,39,39
323.0,2017-03-17 00:18:00,0,0,0,0,39,39
323.0,2017-03-17 00:21:00,0,0,0,0,39,39
323.0,2017-03-17 00:24:00,0,0,0,0,39,39
323.0,2017-03-17 00:27:00,0,0,0,0,39,39
323.0,2017-03-17 00:28:00,0,0,0,0,39,39
323.0,2017-03-17 00:31:00,0,0,0,0,39,39
323.0,2017-03-17 00:34:00,0,0,0,0,39,39
323.0,2017-03-17 00:37:00,0,0,0,0,39,39
323.0,2017-03-17 00:40:00,0,0,0,0,39,39
323.0,2017-03-17 00:43:00,0,0,0,0,39,39
323.0,2017-03-17 00:46:00,0,0,0,0,39,39
323.0,2017-03-17 00:49:00,0,0,0,0,39,39
323.0,2017-03-17 00:52:00,0,0,0,0,39,39
323.0,2017-03-17 00:55:00,0,0,0,0,39,39
323.0,2017-03-17 00:58:00,0,0,0,0,39,39
323.0,2017-03-17 01:01:00,0,0,0,0,39,39
323.0,2017-03-17 01:04:00,0,0,0,0,39,39
323.0,2017-03-17 01:07:00,0,0,0,0,39,39
323.0,2017-03-17 01:09:00,0,0,0,0,39,39
323.0,2017-03-17 01:12:00,0,0,0,0,39,39
323.0,2017-03-17 01:15:00,0,0,0,0,39,39
323.0,2017-03-17 01:18:00,0,0,0,0,39,39
323.0,2017-03-17 01:21:00,0,0,0,0,39,39
323.0,2017-03-17 01:24:00,0,0,0,0,39,39
323.0,2017-03-17 01:27:00,0,0,0,0,39,39
323.0,2017-03-17 01:30:00,0,0,0,0,39,39
323.0,2017-03-17 01:33:00,0,0,0,0,39,39
323.0,2017-03-17 01:36:00,0,0,0,0,39,39
323.0,2017-03-17 01:39:00,0,0,0,0,39,39
323.0,2017-03-17 01:42:00,0,0,0,0,39,39
323.0,2017-03-17 01:45:00,0,0,0,0,39,39
323.0,2017-03-17 01:46:00,0,0,0,0,39,39
323.0,2017-03-17 01:49:00,0,0,0,0,39,39
323.0,2017-03-17 01:52:00,0,0,0,0,39,39
323.0,2017-03-17 01:55:00,0,0,0,0,39,39
323.0,2017-03-17 01:58:00,0,0,0,0,39,39
323.0,2017-03-17 02:01:00,0,0,0,0,39,39
323.0,2017-03-17 02:04:00,0,0,0,0,39,39
323.0,2017-03-17 02:07:00,0,0,0,0,39,39
323.0,2017-03-17 02:10:00,0,0,0,0,39,39
323.0,2017-03-17 02:13:00,0,0,0,0,39,39
323.0,2017-03-17 02:16:00,0,0,0,0,39,39
323.0,2017-03-17 02:19:00,0,0,0,0,39,39
323.0,2017-03-17 02:20:00,0,0,0,0,39,39
323.0,2017-03-17 02:23:00,0,0,0,0,39,39
323.0,2017-03-17 02:26:00,0,0,0,0,39,39
323.0,2017-03-17 02:29:00,0,0,0,0,39,39
323.0,2017-03-17 02:32:00,0,0,0,0,39,39
323.0,2017-03-17 02:35:00,0,0,0,0,39,39
323.0,2017-03-17 02:38:00,0,0,0,0,39,39
323.0,2017-03-17 02:41:00,0,0,0,0,39,39
323.0,2017-03-17 02:44:00,0,0,0,0,39,39
323.0,2017-03-17 02:47:00,0,0,0,0,39,39
323.0,2017-03-17 02:50:00,0,0,0,0,39,39
323.0,2017-03-17 02:53:00,0,0,0,0,39,39
323.0,2017-03-17 02:54:00,0,0,0,0,39,39
323.0,2017-03-17 02:57:00,0,0,0,0,39,39
323.0,2017-03-17 03:00:00,0,0,0,0,39,39
323.0,2017-03-17 03:03:00,0,0,0,0,39,39
323.0,2017-03-17 03:06:00,0,0,0,0,39,39
323.0,2017-03-17 03:09:00,0,0,0,0,39,39
323.0,2017-03-17 03:12:00,0,0,0,0,39,39
323.0,2017-03-17 03:15:00,0,0,0,0,39,39
323.0,2017-03-17 03:18:00,0,0,0,0,39,39
323.0,2017-03-17 03:21:00,0,0,0,0,39,39
323.0,2017-03-17 03:24:00,0,0,0,0,39,39
323.0,2017-03-17 03:27:00,0,0,0,0,39,39
323.0,2017-03-17 03:28:00,0,0,0,0,39,39
323.0,2017-03-17 03:31:00,0,0,0,0,39,39
323.0,2017-03-17 03:34:00,0,0,0,0,39,39
323.0,2017-03-17 03:37:00,0,0,0,0,39,39
323.0,2017-03-17 03:40:00,0,0,0,0,39,39
323.0,2017-03-17 03:43:00,0,0,0,0,39,39
323.0,2017-03-17 03:46:00,0,0,0,0,39,39
323.0,2017-03-17 03:49:00,0,0,0,0,39,39
323.0,2017-03-17 03:52:00,0,0,0,0,39,39
323.0,2017-03-17 03:55:00,0,0,0,0,39,39
323.0,2017-03-17 03:58:00,0,0,0,0,39,39
323.0,2017-03-17 04:01:00,0,0,0,0,39,39
323.0,2017-03-17 04:04:00,0,0,0,0,39,39
323.0,2017-03-17 04:07:00,0,0,0,0,39,39
323.0,2017-03-17 04:10:00,0,0,0,0,39,39
323.0,2017-03-17 04:13:00,0,0,0,0,39,39
323.0,2017-03-17 04:16:00,0,0,0,0,39,39
323.0,2017-03-17 04:19:00,0,0,0,0,39,39
323.0,2017-03-17 04:22:00,0,0,0,0,39,39
323.0,2017-03-17 04:25:00,0,0,0,0,39,39
323.0,2017-03-17 04:28:00,0,0,0,0,39,39
323.0,2017-03-17 04:31:00,0,0,0,0,39,39
323.0,2017-03-17 04:34:00,0,0,0,0,39,39
323.0,2017-03-17 04:37:00,0,0,0,0,39,39
323.0,2017-03-17 04:40:00,0,0,0,0,39,39
323.0,2017-03-17 04:43:00,0,0,0,0,39,39
323.0,2017-03-17 04:46:00,0,0,0,0,39,39
323.0,2017-03-17 04:49:00,0,0,0,0,39,39
323.0,2017-03-17 04:52:00,0,0,0,0,39,39
323.0,2017-03-17 04:55:00,0,0,0,0,39,39
323.0,2017-03-17 04:58:00,0,0,0,0,39,39
323.0,2017-03-17 05:01:00,0,0,0,0,39,39
323.0,2017-03-17 05:04:00,0,0,0,0,39,39
323.0,2017-03-17 05:07:00,0,0,0,0,39,39
323.0,2017-03-17 05:10:00,0,0,0,0,39,39
323.0,2017-03-17 05:13:00,0,0,0,0,39,39
323.0,2017-03-17 05:16:00,0,0,0,0,39,39
323.0,2017-03-17 05:19:00,0,0,0,0,39,39
323.0,2017-03-17 05:22:00,0,0,0,0,39,39
323.0,2017-03-17 05:25:00,0,0,0,0,39,39
323.0,2017-03-17 05:28:00,0,0,0,0,39,39
323.0,2017-03-17 05:31:00,0,0,0,0,39,39
323.0,2017-03-17 05:34:00,0,0,0,0,39,39
323.0,2017-03-17 05:37:00,0,0,0,0,39,39
323.0,2017-03-17 05:40:00,0,0,0,0,39,39
323.0,2017-03-17 05:43:00,0,0,0,0,39,39
323.0,2017-03-17 05:46:00,0,0,0,0,39,39
323.0,2017-03-17 05:49:00,0,0,0,0,39,39
323.0,2017-03-17 05:52:00,0,0,0,0,39,39
323.0,2017-03-17 05:55:00,0,0,0,0,39,39
323.0,2017-03-17 05:58:00,0,0,0,0,39,39
323.0,2017-03-17 06:01:00,0,0,0,0,39,39
323.0,2017-03-17 06:04:00,0,0,0,0,39,39
323.0,2017-03-17 06:07:00,0,0,0,0,39,39
323.0,2017-03-17 06:10:00,0,0,0,0,39,39
323.0,2017-03-17 06:13:00,0,0,0,0,39,39
323.0,2017-03-17 06:16:00,0,0,0,0,39,39
323.0,2017-03-17 06:19:00,0,0,0,0,39,39
323.0,2017-03-17 06:22:00,0,0,0,0,39,39
323.0,2017-03-17 06:25:00,0,0,0,0,39,39
323.0,2017-03-17 06:28:00,0,0,0,0,39,39
323.0,2017-03-17 06:31:00,0,0,0,0,39,39
323.0,2017-03-17 06:34:00,0,0,0,0,39,39
323.0,2017-03-17 06:37:00,0,0,0,0,39,39
323.0,2017-03-17 06:40:00,0,0,0,0,39,39
323.0,2017-03-17 06:43:00,0,0,0,0,39,39
323.0,2017-03-17 06:46:00,0,0,0,0,39,39
323.0,2017-03-17 06:49:00,0,0,0,0,39,39
323.0,2017-03-17 06:52:00,0,0,0,0,39,39
323.0,2017-03-17 06:55:00,0,0,0,0,39,39
323.0,2017-03-17 06:58:00,0,0,0,0,39,39
323.0,2017-03-17 07:01:00,0,0,0,0,39,39
323.0,2017-03-17 07:04:00,0,0,0,0,39,39
323.0,2017-03-17 07:07:00,0,0,0,0,39,39
323.0,2017-03-17 07:10:00,0,0,0,0,39,39
323.0,2017-03-17 07:13:00,0,0,0,0,39,39
323.0,2017-03-17 07:16:00,0,0,0,0,39,39
323.0,2017-03-17 07:19:00,0,0,0,0,39,39
323.0,2017-03-17 07:20:00,0,0,0,0,39,39
323.0,2017-03-17 07:23:00,0,1,1,1,38,39
323.0,2017-03-17 07:26:00,0,0,0,1,38,39
323.0,2017-03-17 07:29:00,0,0,0,1,38,39
323.0,2017-03-17 07:32:00,0,0,0,1,38,39
323.0,2017-03-17 07:35:00,0,0,0,1,38,39
323.0,2017-03-17 07:38:00,0,0,0,1,38,39
323.0,2017-03-17 07:41:00,0,0,0,1,38,39
323.0,2017-03-17 07:44:00,0,0,0,1,38,39
323.0,2017-03-17 07:47:00,0,0,0,1,38,39
323.0,2017-03-17 07:50:00,0,0,0,1,38,39
323.0,2017-03-17 07:53:00,0,0,0,1,38,39
323.0,2017-03-17 07:56:00,0,0,0,1,38,39
323.0,2017-03-17 07:58:00,0,0,0,0,39,39
323.0,2017-03-17 08:01:00,0,0,0,0,39,39
323.0,2017-03-17 08:04:00,0,0,0,0,39,39
323.0,2017-03-17 08:07:00,0,0,0,0,39,39
323.0,2017-03-17 08:10:00,0,0,0,0,39,39
323.0,2017-03-17 08:13:00,0,0,0,0,39,39
323.0,2017-03-17 08:16:00,0,0,0,0,39,39
323.0,2017-03-17 08:19:00,0,0,0,0,39,39
323.0,2017-03-17 08:22:00,0,0,0,0,39,39
323.0,2017-03-17 08:25:00,0,0,0,0,39,39
323.0,2017-03-17 08:28:00,0,0,0,0,39,39
323.0,2017-03-17 08:31:00,0,0,0,0,39,39
323.0,2017-03-17 08:34:00,0,0,0,0,39,39
323.0,2017-03-17 08:37:00,0,0,0,0,39,39
323.0,2017-03-17 08:39:00,0,0,0,0,39,39
323.0,2017-03-17 08:42:00,0,0,0,0,39,39
323.0,2017-03-17 08:45:00,0,0,0,0,39,39
323.0,2017-03-17 08:48:00,0,0,0,0,39,39
323.0,2017-03-17 08:51:00,0,0,0,0,39,39
323.0,2017-03-17 08:54:00,0,0,0,0,39,39
323.0,2017-03-17 08:57:00,0,0,0,0,39,39
323.0,2017-03-17 09:00:00,0,0,0,0,39,39
323.0,2017-03-17 09:03:00,0,0,0,0,39,39
323.0,2017-03-17 09:06:00,0,0,0,0,39,39
323.0,2017-03-17 09:09:00,0,0,0,0,39,39
323.0,2017-03-17 09:12:00,0,0,0,0,39,39
323.0,2017-03-17 09:15:00,0,0,0,0,39,39
323.0,2017-03-17 09:16:00,0,0,0,0,39,39
323.0,2017-03-17 09:19:00,0,0,0,0,39,39
323.0,2017-03-17 09:22:00,0,0,0,0,39,39
323.0,2017-03-17 09:25:00,0,0,0,0,39,39
323.0,2017-03-17 09:28:00,0,0,0,0,39,39
323.0,2017-03-17 09:31:00,0,0,0,0,39,39
323.0,2017-03-17 09:34:00,0,0,0,0,39,39
323.0,2017-03-17 09:37:00,0,0,0,0,39,39
323.0,2017-03-17 09:40:00,0,0,0,0,39,39
323.0,2017-03-17 09:43:00,0,0,0,0,39,39
323.0,2017-03-17 09:46:00,0,0,0,0,39,39
323.0,2017-03-17 09:49:00,0,0,0,0,39,39
323.0,2017-03-17 09:52:00,0,0,0,0,39,39
323.0,2017-03-17 09:54:00,0,0,0,0,39,39
323.0,2017-03-17 09:57:00,0,0,0,0,39,39
323.0,2017-03-17 10:00:00,0,0,0,0,39,39
323.0,2017-03-17 10:03:00,0,0,0,0,39,39
323.0,2017-03-17 10:06:00,0,0,0,0,39,39
323.0,2017-03-17 10:09:00,0,0,0,0,39,39
323.0,2017-03-17 10:12:00,0,0,0,0,39,39
323.0,2017-03-17 10:15:00,0,0,0,0,39,39
323.0,2017-03-17 10:18:00,0,0,0,0,39,39
323.0,2017-03-17 10:21:00,0,0,0,0,39,39
323.0,2017-03-17 10:24:00,0,0,0,0,39,39
323.0,2017-03-17 10:27:00,0,0,0,0,39,39
323.0,2017-03-17 10:30:00,0,0,0,0,39,39
323.0,2017-03-17 10:33:00,0,0,0,0,39,39
323.0,2017-03-17 10:36:00,0,0,0,0,39,39
323.0,2017-03-17 10:39:00,0,0,0,0,39,39
323.0,2017-03-17 10:42:00,0,0,0,0,39,39
323.0,2017-03-17 10:45:00,0,0,0,0,39,39
323.0,2017-03-17 10:48:00,0,0,0,0,39,39
323.0,2017-03-17 10:51:00,0,0,0,0,39,39
323.0,2017-03-17 10:54:00,0,0,0,0,39,39
323.0,2017-03-17 10:57:00,0,0,0,0,39,39
323.0,2017-03-17 11:00:00,0,0,0,0,39,39
323.0,2017-03-17 11:03:00,0,0,0,0,39,39
323.0,2017-03-17 11:06:00,0,0,0,0,39,39
323.0,2017-03-17 11:09:00,0,0,0,0,39,39
323.0,2017-03-17 11:12:00,0,0,0,0,39,39
323.0,2017-03-17 11:15:00,0,0,0,0,39,39
323.0,2017-03-17 11:18:00,0,0,0,0,39,39
323.0,2017-03-17 11:21:00,0,0,0,0,39,39
323.0,2017-03-17 11:24:00,0,0,0,0,39,39
323.0,2017-03-17 11:27:00,0,0,0,0,39,39
323.0,2017-03-17 11:30:00,0,0,0,0,39,39
323.0,2017-03-17 11:33:00,0,0,0,0,39,39
323.0,2017-03-17 11:36:00,0,0,0,0,39,39
323.0,2017-03-17 11:39:00,0,0,0,0,39,39
323.0,2017-03-17 11:42:00,0,0,0,0,39,39
323.0,2017-03-17 11:44:00,0,0,0,0,39,39
323.0,2017-03-17 11:47:00,0,0,0,0,39,39
323.0,2017-03-17 11:50:00,0,0,0,0,39,39
323.0,2017-03-17 11:53:00,0,0,0,0,39,39
323.0,2017-03-17 11:56:00,0,0,0,0,39,39
323.0,2017-03-17 11:59:00,0,0,0,0,39,39
323.0,2017-03-17 12:02:00,0,0,0,0,39,39
323.0,2017-03-17 12:05:00,0,0,0,0,39,39
323.0,2017-03-17 12:08:00,0,0,0,0,39,39
323.0,2017-03-17 12:11:00,0,0,0,0,39,39
323.0,2017-03-17 12:14:00,0,0,0,0,39,39
323.0,2017-03-17 12:17:00,0,0,0,0,39,39
323.0,2017-03-17 12:20:00,0,0,0,0,39,39
323.0,2017-03-17 12:23:00,0,0,0,0,39,39
323.0,2017-03-17 12:26:00,0,0,0,0,39,39
323.0,2017-03-17 12:29:00,0,0,0,0,39,39
323.0,2017-03-17 12:32:00,0,0,0,0,39,39
323.0,2017-03-17 12:35:00,0,0,0,0,39,39
323.0,2017-03-17 12:38:00,0,0,0,0,39,39
323.0,2017-03-17 12:41:00,0,0,0,0,39,39
323.0,2017-03-17 12:44:00,0,0,0,0,39,39
323.0,2017-03-17 12:47:00,0,0,0,0,39,39
323.0,2017-03-17 12:50:00,0,0,0,0,39,39
323.0,2017-03-17 12:53:00,0,0,0,0,39,39
323.0,2017-03-17 12:56:00,0,0,0,0,39,39
323.0,2017-03-17 12:59:00,0,0,0,0,39,39
323.0,2017-03-17 13:02:00,0,0,0,0,39,39
323.0,2017-03-17 13:05:00,0,0,0,0,39,39
323.0,2017-03-17 13:08:00,0,0,0,0,39,39
323.0,2017-03-17 13:11:00,0,0,0,0,39,39
323.0,2017-03-17 13:14:00,0,0,0,0,39,39
323.0,2017-03-17 13:17:00,0,0,0,0,39,39
323.0,2017-03-17 13:20:00,0,0,0,0,39,39
323.0,2017-03-17 13:23:00,0,0,0,0,39,39
323.0,2017-03-17 13:26:00,0,0,0,0,39,39
323.0,2017-03-17 13:29:00,0,0,0,0,39,39
323.0,2017-03-17 13:32:00,0,0,0,0,39,39
323.0,2017-03-17 13:35:00,0,0,0,0,39,39
323.0,2017-03-17 13:36:00,0,0,0,0,39,39
323.0,2017-03-17 13:39:00,0,0,0,0,39,39
323.0,2017-03-17 13:42:00,0,0,0,0,39,39
323.0,2017-03-17 13:45:00,0,0,0,0,39,39
323.0,2017-03-17 13:48:00,0,0,0,0,39,39
323.0,2017-03-17 13:51:00,0,0,0,0,39,39
323.0,2017-03-17 13:54:00,0,0,0,0,39,39
323.0,2017-03-17 13:57:00,0,0,0,0,39,39
323.0,2017-03-17 14:00:00,0,0,0,0,39,39
323.0,2017-03-17 14:03:00,0,0,0,0,39,39
323.0,2017-03-17 14:06:00,0,0,0,0,39,39
323.0,2017-03-17 14:09:00,0,0,0,0,39,39
323.0,2017-03-17 14:12:00,0,0,0,0,39,39
323.0,2017-03-17 14:15:00,0,0,0,0,39,39
323.0,2017-03-17 14:18:00,0,0,0,0,39,39
323.0,2017-03-17 14:21:00,0,0,0,0,39,39
323.0,2017-03-17 14:24:00,0,0,0,0,39,39
323.0,2017-03-17 14:27:00,0,0,0,0,39,39
323.0,2017-03-17 14:30:00,0,0,0,0,39,39
323.0,2017-03-17 14:33:00,0,0,0,0,39,39
323.0,2017-03-17 14:36:00,0,0,0,0,39,39
323.0,2017-03-17 14:39:00,0,0,0,0,39,39
323.0,2017-03-17 14:42:00,0,0,0,0,39,39
323.0,2017-03-17 14:45:00,0,0,0,0,39,39
323.0,2017-03-17 14:48:00,0,0,0,0,39,39
323.0,2017-03-17 14:51:00,0,0,0,0,39,39
323.0,2017-03-17 14:54:00,0,0,0,0,39,39
323.0,2017-03-17 14:55:00,0,0,0,0,39,39
323.0,2017-03-17 14:58:00,0,0,0,0,39,39
323.0,2017-03-17 15:01:00,0,0,0,0,39,39
323.0,2017-03-17 15:04:00,0,0,0,0,39,39
323.0,2017-03-17 15:07:00,0,0,0,0,39,39
323.0,2017-03-17 15:10:00,0,0,0,0,39,39
323.0,2017-03-17 15:13:00,0,0,0,0,39,39
323.0,2017-03-17 15:16:00,0,0,0,0,39,39
323.0,2017-03-17 15:19:00,0,0,0,0,39,39
323.0,2017-03-17 15:22:00,0,0,0,0,39,39
323.0,2017-03-17 15:25:00,0,0,0,0,39,39
323.0,2017-03-17 15:28:00,0,0,0,0,39,39
323.0,2017-03-17 15:31:00,0,0,0,0,39,39
323.0,2017-03-17 15:33:00,0,0,0,0,39,39
323.0,2017-03-17 15:36:00,0,0,0,0,39,39
323.0,2017-03-17 15:39:00,0,0,0,0,39,39
323.0,2017-03-17 15:42:00,0,0,0,0,39,39
323.0,2017-03-17 15:45:00,0,0,0,0,39,39
323.0,2017-03-17 15:48:00,0,0,0,0,39,39
323.0,2017-03-17 15:51:00,0,0,0,0,39,39
323.0,2017-03-17 15:54:00,0,0,0,0,39,39
323.0,2017-03-17 15:57:00,0,0,0,0,39,39
323.0,2017-03-17 16:00:00,0,0,0,0,39,39
323.0,2017-03-17 16:03:00,0,0,0,0,39,39
323.0,2017-03-17 16:06:00,0,0,0,0,39,39
323.0,2017-03-17 16:09:00,0,0,0,0,39,39
323.0,2017-03-17 16:12:00,0,0,0,0,39,39
323.0,2017-03-17 16:15:00,0,0,0,0,39,39
323.0,2017-03-17 16:18:00,0,0,0,0,39,39
323.0,2017-03-17 16:21:00,0,0,0,0,39,39
323.0,2017-03-17 16:24:00,0,0,0,0,39,39
323.0,2017-03-17 16:27:00,0,0,0,0,39,39
323.0,2017-03-17 16:30:00,0,0,0,0,39,39
323.0,2017-03-17 16:33:00,0,0,0,0,39,39
323.0,2017-03-17 16:36:00,0,0,0,0,39,39
323.0,2017-03-17 16:39:00,0,0,0,0,39,39
323.0,2017-03-17 16:42:00,0,0,0,0,39,39
323.0,2017-03-17 16:45:00,0,0,0,0,39,39
323.0,2017-03-17 16:48:00,0,0,0,0,39,39
323.0,2017-03-17 16:51:00,0,0,0,0,39,39
323.0,2017-03-17 16:54:00,0,0,0,0,39,39
323.0,2017-03-17 16:57:00,0,0,0,0,39,39
323.0,2017-03-17 17:00:00,0,0,0,0,39,39
323.0,2017-03-17 17:03:00,0,0,0,0,39,39
323.0,2017-03-17 17:06:00,0,0,0,0,39,39
323.0,2017-03-17 17:09:00,0,0,0,0,39,39
323.0,2017-03-17 17:12:00,0,0,0,0,39,39
323.0,2017-03-17 17:15:00,0,0,0,0,39,39
323.0,2017-03-17 17:18:00,0,0,0,0,39,39
323.0,2017-03-17 17:21:00,0,0,0,0,39,39
323.0,2017-03-17 17:24:00,0,0,0,0,39,39
323.0,2017-03-17 17:27:00,0,0,0,0,39,39
323.0,2017-03-17 17:30:00,0,0,0,0,39,39
323.0,2017-03-17 17:33:00,0,0,0,0,39,39
323.0,2017-03-17 17:36:00,0,0,0,0,39,39
323.0,2017-03-17 17:39:00,0,0,0,0,39,39
323.0,2017-03-17 17:42:00,0,0,0,0,39,39
323.0,2017-03-17 17:45:00,0,0,0,0,39,39
323.0,2017-03-17 17:48:00,0,0,0,0,39,39
323.0,2017-03-17 17:51:00,0,0,0,0,39,39
323.0,2017-03-17 17:54:00,0,0,0,0,39,39
323.0,2017-03-17 17:57:00,0,0,0,0,39,39
323.0,2017-03-17 18:00:00,0,0,0,0,39,39
323.0,2017-03-17 18:03:00,0,0,0,0,39,39
323.0,2017-03-17 18:06:00,0,0,0,0,39,39
323.0,2017-03-17 18:09:00,0,0,0,0,39,39
323.0,2017-03-17 18:12:00,0,0,0,0,39,39
323.0,2017-03-17 18:15:00,0,0,0,0,39,39
323.0,2017-03-17 18:18:00,0,1,1,1,38,39
323.0,2017-03-17 18:21:00,0,0,0,1,38,39
323.0,2017-03-17 18:24:00,0,0,0,1,38,39
323.0,2017-03-17 18:27:00,0,0,0,1,38,39
323.0,2017-03-17 18:30:00,0,0,0,1,38,39
323.0,2017-03-17 18:33:00,0,0,0,1,38,39
323.0,2017-03-17 18:36:00,0,0,0,1,38,39
323.0,2017-03-17 18:39:00,0,0,0,1,38,39
323.0,2017-03-17 18:42:00,0,0,0,1,38,39
323.0,2017-03-17 18:45:00,0,0,0,1,38,39
323.0,2017-03-17 18:48:00,0,0,0,0,39,39
323.0,2017-03-17 18:51:00,0,0,0,0,39,39
323.0,2017-03-17 18:54:00,0,0,0,0,39,39
323.0,2017-03-17 18:57:00,0,0,0,0,39,39
323.0,2017-03-17 19:00:00,0,0,0,0,39,39
323.0,2017-03-17 19:03:00,0,0,0,0,39,39
323.0,2017-03-17 19:06:00,0,0,0,0,39,39
323.0,2017-03-17 19:09:00,0,0,0,0,39,39
323.0,2017-03-17 19:12:00,0,0,0,0,39,39
323.0,2017-03-17 19:15:00,0,0,0,0,39,39
323.0,2017-03-17 19:18:00,0,0,0,0,39,39
323.0,2017-03-17 19:21:00,0,0,0,0,39,39
323.0,2017-03-17 19:24:00,0,0,0,0,39,39
323.0,2017-03-17 19:27:00,0,0,0,0,39,39
323.0,2017-03-17 19:30:00,0,0,0,0,39,39
323.0,2017-03-17 19:33:00,0,0,0,0,39,39
323.0,2017-03-17 19:36:00,0,0,0,0,39,39
323.0,2017-03-17 19:39:00,0,0,0,0,39,39
323.0,2017-03-17 19:42:00,0,0,0,0,39,39
323.0,2017-03-17 19:45:00,0,0,0,0,39,39
323.0,2017-03-17 19:48:00,0,0,0,0,39,39
323.0,2017-03-17 19:51:00,0,0,0,0,39,39
323.0,2017-03-17 19:54:00,0,0,0,0,39,39
323.0,2017-03-17 19:57:00,0,0,0,0,39,39
323.0,2017-03-17 20:00:00,0,0,0,0,39,39
323.0,2017-03-17 20:03:00,0,0,0,0,39,39
323.0,2017-03-17 20:06:00,0,0,0,0,39,39
323.0,2017-03-17 20:09:00,0,0,0,0,39,39
323.0,2017-03-17 20:12:00,0,0,0,0,39,39
323.0,2017-03-17 20:15:00,0,0,0,0,39,39
323.0,2017-03-17 20:18:00,0,0,0,0,39,39
323.0,2017-03-17 20:21:00,0,0,0,0,39,39
323.0,2017-03-17 20:24:00,0,0,0,0,39,39
323.0,2017-03-17 20:27:00,0,0,0,0,39,39
323.0,2017-03-17 20:30:00,0,0,0,0,39,39
323.0,2017-03-17 20:33:00,0,0,0,0,39,39
323.0,2017-03-17 20:35:00,0,0,0,0,39,39
323.0,2017-03-17 20:38:00,0,0,0,0,39,39
323.0,2017-03-17 20:41:00,0,0,0,0,39,39
323.0,2017-03-17 20:44:00,0,0,0,0,39,39
323.0,2017-03-17 20:47:00,0,0,0,0,39,39
323.0,2017-03-17 20:50:00,0,0,0,0,39,39
323.0,2017-03-17 20:53:00,0,0,0,0,39,39
323.0,2017-03-17 20:56:00,0,0,0,0,39,39
323.0,2017-03-17 20:59:00,0,0,0,0,39,39
323.0,2017-03-17 21:02:00,0,0,0,0,39,39
323.0,2017-03-17 21:05:00,0,0,0,0,39,39
323.0,2017-03-17 21:08:00,0,0,0,0,39,39
323.0,2017-03-17 21:10:00,0,0,0,0,39,39
323.0,2017-03-17 21:13:00,0,0,0,0,39,39
323.0,2017-03-17 21:16:00,0,0,0,0,39,39
323.0,2017-03-17 21:19:00,0,0,0,0,39,39
323.0,2017-03-17 21:22:00,0,0,0,0,39,39
323.0,2017-03-17 21:25:00,0,0,0,0,39,39
323.0,2017-03-17 21:28:00,0,0,0,0,39,39
323.0,2017-03-17 21:31:00,0,0,0,0,39,39
323.0,2017-03-17 21:34:00,0,0,0,0,39,39
323.0,2017-03-17 21:37:00,0,0,0,0,39,39
323.0,2017-03-17 21:40:00,0,0,0,0,39,39
323.0,2017-03-17 21:43:00,0,0,0,0,39,39
323.0,2017-03-17 21:46:00,0,0,0,0,39,39
323.0,2017-03-17 21:49:00,0,0,0,0,39,39
323.0,2017-03-17 21:52:00,0,0,0,0,39,39
323.0,2017-03-17 21:55:00,0,0,0,0,39,39
323.0,2017-03-17 21:58:00,0,0,0,0,39,39
323.0,2017-03-17 22:01:00,0,0,0,0,39,39
323.0,2017-03-17 22:04:00,0,0,0,0,39,39
323.0,2017-03-17 22:07:00,0,0,0,0,39,39
323.0,2017-03-17 22:10:00,0,0,0,0,39,39
323.0,2017-03-17 22:13:00,0,0,0,0,39,39
323.0,2017-03-17 22:16:00,0,0,0,0,39,39
323.0,2017-03-17 22:19:00,0,0,0,0,39,39
323.0,2017-03-17 22:22:00,0,0,0,0,39,39
323.0,2017-03-17 22:24:00,0,0,0,0,39,39
323.0,2017-03-17 22:27:00,0,0,0,0,39,39
323.0,2017-03-17 22:30:00,0,0,0,0,39,39
323.0,2017-03-17 22:33:00,0,0,0,0,39,39
323.0,2017-03-17 22:36:00,0,0,0,0,39,39
323.0,2017-03-17 22:39:00,0,0,0,0,39,39
323.0,2017-03-17 22:42:00,0,0,0,0,39,39
323.0,2017-03-17 22:45:00,0,0,0,0,39,39
323.0,2017-03-17 22:48:00,0,0,0,0,39,39
323.0,2017-03-17 22:51:00,0,0,0,0,39,39
323.0,2017-03-17 22:54:00,0,0,0,0,39,39
323.0,2017-03-17 22:57:00,0,0,0,0,39,39
323.0,2017-03-17 22:59:00,0,0,0,0,39,39
323.0,2017-03-17 23:02:00,0,0,0,0,39,39
323.0,2017-03-17 23:05:00,0,0,0,0,39,39
323.0,2017-03-17 23:08:00,0,0,0,0,39,39
323.0,2017-03-17 23:11:00,0,0,0,0,39,39
323.0,2017-03-17 23:14:00,0,0,0,0,39,39
323.0,2017-03-17 23:17:00,0,0,0,0,39,39
323.0,2017-03-17 23:20:00,0,0,0,0,39,39
323.0,2017-03-17 23:23:00,0,0,0,0,39,39
323.0,2017-03-17 23:26:00,0,0,0,0,39,39
323.0,2017-03-17 23:29:00,0,0,0,0,39,39
323.0,2017-03-17 23:32:00,0,0,0,0,39,39
323.0,2017-03-17 23:35:00,0,0,0,0,39,39
323.0,2017-03-17 23:38:00,0,0,0,0,39,39
323.0,2017-03-17 23:41:00,0,0,0,0,39,39
323.0,2017-03-17 23:44:00,0,0,0,0,39,39
323.0,2017-03-17 23:47:00,0,0,0,0,39,39
323.0,2017-03-17 23:50:00,0,0,0,0,39,39
323.0,2017-03-17 23:53:00,0,0,0,0,39,39
323.0,2017-03-17 23:56:00,0,0,0,0,39,39
323.0,2017-03-17 23:59:00,0,0,0,0,39,39
323.0,2017-03-18 00:02:00,0,0,0,0,39,39
323.0,2017-03-18 00:05:00,0,0,0,0,39,39
323.0,2017-03-18 00:08:00,0,0,0,0,39,39
323.0,2017-03-18 00:11:00,0,0,0,0,39,39
323.0,2017-03-18 00:14:00,0,0,0,0,39,39
323.0,2017-03-18 00:17:00,0,0,0,0,39,39
323.0,2017-03-18 00:20:00,0,0,0,0,39,39
323.0,2017-03-18 00:22:00,0,0,0,0,39,39
323.0,2017-03-18 00:25:00,0,0,0,0,39,39
323.0,2017-03-18 00:28:00,0,0,0,0,39,39
323.0,2017-03-18 00:31:00,0,0,0,0,39,39
323.0,2017-03-18 00:34:00,0,0,0,0,39,39
323.0,2017-03-18 00:37:00,0,0,0,0,39,39
323.0,2017-03-18 00:40:00,0,0,0,0,39,39
323.0,2017-03-18 00:43:00,0,0,0,0,39,39
323.0,2017-03-18 00:46:00,0,0,0,0,39,39
323.0,2017-03-18 00:49:00,0,0,0,0,39,39
323.0,2017-03-18 00:52:00,0,0,0,0,39,39
323.0,2017-03-18 00:55:00,0,0,0,0,39,39
323.0,2017-03-18 00:58:00,0,0,0,0,39,39
323.0,2017-03-18 00:59:00,0,0,0,0,39,39
323.0,2017-03-18 01:02:00,0,0,0,0,39,39
323.0,2017-03-18 01:05:00,0,0,0,0,39,39
323.0,2017-03-18 01:08:00,0,0,0,0,39,39
323.0,2017-03-18 01:11:00,0,0,0,0,39,39
323.0,2017-03-18 01:14:00,0,0,0,0,39,39
323.0,2017-03-18 01:17:00,0,0,0,0,39,39
323.0,2017-03-18 01:20:00,0,0,0,0,39,39
323.0,2017-03-18 01:23:00,0,0,0,0,39,39
323.0,2017-03-18 01:26:00,0,0,0,0,39,39
323.0,2017-03-18 01:29:00,0,0,0,0,39,39
323.0,2017-03-18 01:32:00,0,0,0,0,39,39
323.0,2017-03-18 01:35:00,0,0,0,0,39,39
323.0,2017-03-18 01:38:00,0,0,0,0,39,39
323.0,2017-03-18 01:41:00,0,0,0,0,39,39
323.0,2017-03-18 01:44:00,0,0,0,0,39,39
323.0,2017-03-18 01:47:00,0,0,0,0,39,39
323.0,2017-03-18 01:50:00,0,0,0,0,39,39
323.0,2017-03-18 01:53:00,0,0,0,0,39,39
323.0,2017-03-18 01:56:00,0,0,0,0,39,39
323.0,2017-03-18 01:59:00,0,0,0,0,39,39
323.0,2017-03-18 02:02:00,0,0,0,0,39,39
323.0,2017-03-18 02:05:00,0,0,0,0,39,39
323.0,2017-03-18 02:08:00,0,0,0,0,39,39
323.0,2017-03-18 02:11:00,0,0,0,0,39,39
323.0,2017-03-18 02:14:00,0,0,0,0,39,39
323.0,2017-03-18 02:17:00,0,0,0,0,39,39
323.0,2017-03-18 02:20:00,0,0,0,0,39,39
323.0,2017-03-18 02:23:00,0,0,0,0,39,39
323.0,2017-03-18 02:26:00,0,0,0,0,39,39
323.0,2017-03-18 02:29:00,0,0,0,0,39,39
323.0,2017-03-18 02:32:00,0,0,0,0,39,39
323.0,2017-03-18 02:35:00,0,0,0,0,39,39
323.0,2017-03-18 02:38:00,0,0,0,0,39,39
323.0,2017-03-18 02:41:00,0,0,0,0,39,39
323.0,2017-03-18 02:44:00,0,0,0,0,39,39
323.0,2017-03-18 02:47:00,0,0,0,0,39,39
323.0,2017-03-18 02:50:00,0,0,0,0,39,39
323.0,2017-03-18 02:53:00,0,0,0,0,39,39
323.0,2017-03-18 02:56:00,0,0,0,0,39,39
323.0,2017-03-18 02:59:00,0,0,0,0,39,39
323.0,2017-03-18 03:02:00,0,0,0,0,39,39
323.0,2017-03-18 03:05:00,0,0,0,0,39,39
323.0,2017-03-18 03:08:00,0,0,0,0,39,39
323.0,2017-03-18 03:11:00,0,0,0,0,39,39
323.0,2017-03-18 03:14:00,0,0,0,0,39,39
323.0,2017-03-18 03:17:00,0,0,0,0,39,39
323.0,2017-03-18 03:20:00,0,0,0,0,39,39
323.0,2017-03-18 03:23:00,0,0,0,0,39,39
323.0,2017-03-18 03:26:00,0,0,0,0,39,39
323.0,2017-03-18 03:29:00,0,0,0,0,39,39
323.0,2017-03-18 03:32:00,0,0,0,0,39,39
323.0,2017-03-18 03:35:00,0,0,0,0,39,39
323.0,2017-03-18 03:38:00,0,0,0,0,39,39
323.0,2017-03-18 03:41:00,0,0,0,0,39,39
323.0,2017-03-18 03:44:00,0,0,0,0,39,39
323.0,2017-03-18 03:47:00,0,0,0,0,39,39
323.0,2017-03-18 03:50:00,0,0,0,0,39,39
323.0,2017-03-18 03:53:00,0,0,0,0,39,39
323.0,2017-03-18 03:56:00,0,0,0,0,39,39
323.0,2017-03-18 03:59:00,0,0,0,0,39,39
323.0,2017-03-18 04:02:00,0,0,0,0,39,39
323.0,2017-03-18 04:05:00,0,0,0,0,39,39
323.0,2017-03-18 04:08:00,0,0,0,0,39,39
323.0,2017-03-18 04:11:00,0,0,0,0,39,39
323.0,2017-03-18 04:14:00,0,0,0,0,39,39
323.0,2017-03-18 04:17:00,0,0,0,0,39,39
323.0,2017-03-18 04:20:00,0,0,0,0,39,39
323.0,2017-03-18 04:23:00,0,0,0,0,39,39
323.0,2017-03-18 04:26:00,0,0,0,0,39,39
323.0,2017-03-18 04:29:00,0,0,0,0,39,39
323.0,2017-03-18 04:32:00,0,0,0,0,39,39
323.0,2017-03-18 04:35:00,0,0,0,0,39,39
323.0,2017-03-18 04:38:00,0,0,0,0,39,39
323.0,2017-03-18 04:41:00,0,0,0,0,39,39
323.0,2017-03-18 04:44:00,0,0,0,0,39,39
323.0,2017-03-18 04:47:00,0,0,0,0,39,39
323.0,2017-03-18 04:50:00,0,0,0,0,39,39
323.0,2017-03-18 04:53:00,0,0,0,0,39,39
323.0,2017-03-18 04:56:00,0,0,0,0,39,39
323.0,2017-03-18 04:59:00,0,0,0,0,39,39
323.0,2017-03-18 05:02:00,0,0,0,0,39,39
323.0,2017-03-18 05:05:00,0,0,0,0,39,39
323.0,2017-03-18 05:08:00,0,0,0,0,39,39
323.0,2017-03-18 05:11:00,0,0,0,0,39,39
323.0,2017-03-18 05:14:00,0,0,0,0,39,39
323.0,2017-03-18 05:17:00,0,0,0,0,39,39
323.0,2017-03-18 05:20:00,0,0,0,0,39,39
323.0,2017-03-18 05:23:00,0,0,0,0,39,39
323.0,2017-03-18 05:26:00,0,0,0,0,39,39
323.0,2017-03-18 05:29:00,0,0,0,0,39,39
323.0,2017-03-18 05:32:00,0,0,0,0,39,39
323.0,2017-03-18 05:35:00,0,0,0,0,39,39
323.0,2017-03-18 05:38:00,0,0,0,0,39,39
323.0,2017-03-18 05:41:00,0,0,0,0,39,39
323.0,2017-03-18 05:44:00,0,0,0,0,39,39
323.0,2017-03-18 05:47:00,0,0,0,0,39,39
323.0,2017-03-18 05:50:00,0,0,0,0,39,39
323.0,2017-03-18 05:53:00,0,0,0,0,39,39
323.0,2017-03-18 05:56:00,0,0,0,0,39,39
323.0,2017-03-18 05:59:00,0,0,0,0,39,39
323.0,2017-03-18 06:02:00,0,0,0,0,39,39
323.0,2017-03-18 06:04:00,0,0,0,0,39,39
323.0,2017-03-18 06:07:00,0,0,0,0,39,39
323.0,2017-03-18 06:10:00,0,0,0,0,39,39
323.0,2017-03-18 06:13:00,0,0,0,0,39,39
323.0,2017-03-18 06:16:00,0,0,0,0,39,39
323.0,2017-03-18 06:19:00,0,0,0,0,39,39
323.0,2017-03-18 06:22:00,0,0,0,0,39,39
323.0,2017-03-18 06:25:00,0,0,0,0,39,39
323.0,2017-03-18 06:28:00,0,0,0,0,39,39
323.0,2017-03-18 06:31:00,0,0,0,0,39,39
323.0,2017-03-18 06:34:00,0,0,0,0,39,39
323.0,2017-03-18 06:37:00,0,0,0,0,39,39
323.0,2017-03-18 06:40:00,0,0,0,0,39,39
323.0,2017-03-18 06:43:00,0,0,0,0,39,39
323.0,2017-03-18 06:46:00,0,0,0,0,39,39
323.0,2017-03-18 06:47:00,0,0,0,0,39,39
323.0,2017-03-18 06:50:00,0,0,0,0,39,39
323.0,2017-03-18 06:53:00,0,0,0,0,39,39
323.0,2017-03-18 06:56:00,0,0,0,0,39,39
323.0,2017-03-18 06:59:00,0,0,0,0,39,39
323.0,2017-03-18 07:02:00,0,0,0,0,39,39
323.0,2017-03-18 07:05:00,0,0,0,0,39,39
323.0,2017-03-18 07:08:00,0,0,0,0,39,39
323.0,2017-03-18 07:11:00,0,0,0,0,39,39
323.0,2017-03-18 07:14:00,0,0,0,0,39,39
323.0,2017-03-18 07:17:00,0,0,0,0,39,39
323.0,2017-03-18 07:20:00,0,0,0,0,39,39
323.0,2017-03-18 07:23:00,0,0,0,0,39,39
323.0,2017-03-18 07:26:00,0,0,0,0,39,39
323.0,2017-03-18 07:29:00,0,0,0,0,39,39
323.0,2017-03-18 07:32:00,0,0,0,0,39,39
323.0,2017-03-18 07:35:00,0,0,0,0,39,39
323.0,2017-03-18 07:38:00,0,0,0,0,39,39
323.0,2017-03-18 07:41:00,0,0,0,0,39,39
323.0,2017-03-18 07:44:00,0,0,0,0,39,39
323.0,2017-03-18 07:47:00,0,0,0,0,39,39
323.0,2017-03-18 07:50:00,0,0,0,0,39,39
323.0,2017-03-18 07:53:00,0,0,0,0,39,39
323.0,2017-03-18 07:56:00,0,0,0,0,39,39
323.0,2017-03-18 07:59:00,0,0,0,0,39,39
323.0,2017-03-18 08:00:00,0,0,0,0,39,39
323.0,2017-03-18 08:03:00,0,0,0,0,39,39
323.0,2017-03-18 08:06:00,0,0,0,0,39,39
323.0,2017-03-18 08:09:00,0,0,0,0,39,39
323.0,2017-03-18 08:12:00,0,0,0,0,39,39
323.0,2017-03-18 08:15:00,0,0,0,0,39,39
323.0,2017-03-18 08:18:00,0,0,0,0,39,39
323.0,2017-03-18 08:21:00,0,0,0,0,39,39
323.0,2017-03-18 08:24:00,0,0,0,0,39,39
323.0,2017-03-18 08:27:00,0,0,0,0,39,39
323.0,2017-03-18 08:30:00,0,0,0,0,39,39
323.0,2017-03-18 08:33:00,0,0,0,0,39,39
323.0,2017-03-18 08:36:00,0,0,0,0,39,39
323.0,2017-03-18 08:37:00,0,0,0,0,39,39
323.0,2017-03-18 08:40:00,0,0,0,0,39,39
323.0,2017-03-18 08:43:00,0,0,0,0,39,39
323.0,2017-03-18 08:46:00,0,0,0,0,39,39
323.0,2017-03-18 08:49:00,0,0,0,0,39,39
323.0,2017-03-18 08:52:00,0,0,0,0,39,39
323.0,2017-03-18 08:55:00,0,0,0,0,39,39
323.0,2017-03-18 08:58:00,0,0,0,0,39,39
323.0,2017-03-18 09:01:00,0,0,0,0,39,39
323.0,2017-03-18 09:04:00,0,0,0,0,39,39
323.0,2017-03-18 09:07:00,0,0,0,0,39,39
323.0,2017-03-18 09:10:00,0,0,0,0,39,39
323.0,2017-03-18 09:12:00,0,0,0,0,39,39
323.0,2017-03-18 09:15:00,0,0,0,0,39,39
323.0,2017-03-18 09:18:00,0,0,0,0,39,39
323.0,2017-03-18 09:21:00,0,0,0,0,39,39
323.0,2017-03-18 09:24:00,0,0,0,0,39,39
323.0,2017-03-18 09:27:00,0,0,0,0,39,39
323.0,2017-03-18 09:30:00,0,0,0,0,39,39
323.0,2017-03-18 09:33:00,0,0,0,0,39,39
323.0,2017-03-18 09:36:00,0,0,0,0,39,39
323.0,2017-03-18 09:39:00,0,0,0,0,39,39
323.0,2017-03-18 09:42:00,0,0,0,0,39,39
323.0,2017-03-18 09:45:00,0,0,0,0,39,39
323.0,2017-03-18 09:48:00,0,0,0,0,39,39
323.0,2017-03-18 09:51:00,0,0,0,0,39,39
323.0,2017-03-18 09:54:00,0,0,0,0,39,39
323.0,2017-03-18 09:57:00,0,0,0,0,39,39
323.0,2017-03-18 10:00:00,0,0,0,0,39,39
323.0,2017-03-18 10:03:00,0,0,0,0,39,39
323.0,2017-03-18 10:06:00,0,0,0,0,39,39
323.0,2017-03-18 10:09:00,0,0,0,0,39,39
323.0,2017-03-18 10:12:00,0,0,0,0,39,39
323.0,2017-03-18 10:15:00,0,0,0,0,39,39
323.0,2017-03-18 10:18:00,0,0,0,0,39,39
323.0,2017-03-18 10:21:00,0,0,0,0,39,39
323.0,2017-03-18 10:24:00,0,0,0,0,39,39
323.0,2017-03-18 10:25:00,0,0,0,0,39,39
323.0,2017-03-18 10:28:00,0,0,0,0,39,39
323.0,2017-03-18 10:31:00,0,0,0,0,39,39
323.0,2017-03-18 10:34:00,0,0,0,0,39,39
323.0,2017-03-18 10:37:00,0,0,0,0,39,39
323.0,2017-03-18 10:40:00,0,0,0,0,39,39
323.0,2017-03-18 10:43:00,0,0,0,0,39,39
323.0,2017-03-18 10:46:00,0,0,0,0,39,39
323.0,2017-03-18 10:49:00,0,0,0,0,39,39
323.0,2017-03-18 10:52:00,0,0,0,0,39,39
323.0,2017-03-18 10:55:00,0,0,0,0,39,39
323.0,2017-03-18 10:58:00,0,0,0,0,39,39
323.0,2017-03-18 11:01:00,0,0,0,0,39,39
323.0,2017-03-18 11:04:00,0,0,0,0,39,39
323.0,2017-03-18 11:07:00,0,1,1,1,38,39
323.0,2017-03-18 11:10:00,0,0,0,1,38,39
323.0,2017-03-18 11:13:00,0,0,0,1,38,39
323.0,2017-03-18 11:16:00,0,0,0,1,38,39
323.0,2017-03-18 11:19:00,0,0,0,1,38,39
323.0,2017-03-18 11:22:00,0,0,0,1,38,39
323.0,2017-03-18 11:25:00,0,0,0,1,38,39
323.0,2017-03-18 11:28:00,0,0,0,1,38,39
323.0,2017-03-18 11:31:00,0,0,0,1,38,39
323.0,2017-03-18 11:34:00,0,0,0,1,38,39
323.0,2017-03-18 11:37:00,0,0,0,1,38,39
323.0,2017-03-18 11:38:00,0,0,0,0,39,39
323.0,2017-03-18 11:41:00,0,0,0,0,39,39
323.0,2017-03-18 11:44:00,0,0,0,0,39,39
323.0,2017-03-18 11:47:00,0,0,0,0,39,39
323.0,2017-03-18 11:50:00,0,0,0,0,39,39
323.0,2017-03-18 11:53:00,0,0,0,0,39,39
323.0,2017-03-18 11:56:00,0,0,0,0,39,39
323.0,2017-03-18 11:59:00,0,0,0,0,39,39
323.0,2017-03-18 12:02:00,0,0,0,0,39,39
323.0,2017-03-18 12:05:00,0,0,0,0,39,39
323.0,2017-03-18 12:08:00,0,0,0,0,39,39
323.0,2017-03-18 12:11:00,0,0,0,0,39,39
323.0,2017-03-18 12:14:00,0,0,0,0,39,39
323.0,2017-03-18 12:15:00,0,0,0,0,39,39
323.0,2017-03-18 12:18:00,0,0,0,0,39,39
323.0,2017-03-18 12:21:00,0,0,0,0,39,39
323.0,2017-03-18 12:24:00,0,0,0,0,39,39
323.0,2017-03-18 12:27:00,0,0,0,0,39,39
323.0,2017-03-18 12:30:00,0,0,0,0,39,39
323.0,2017-03-18 12:33:00,0,0,0,0,39,39
323.0,2017-03-18 12:36:00,0,0,0,0,39,39
323.0,2017-03-18 12:39:00,0,0,0,0,39,39
323.0,2017-03-18 12:42:00,0,1,1,1,38,39
323.0,2017-03-18 12:45:00,0,0,0,1,38,39
323.0,2017-03-18 12:48:00,0,0,0,1,38,39
323.0,2017-03-18 12:51:00,0,0,0,1,38,39
323.0,2017-03-18 12:52:00,0,0,0,0,39,39
323.0,2017-03-18 12:55:00,0,0,0,0,39,39
323.0,2017-03-18 12:58:00,0,0,0,0,39,39
323.0,2017-03-18 13:01:00,0,0,0,0,39,39
323.0,2017-03-18 13:04:00,0,0,0,0,39,39
323.0,2017-03-18 13:07:00,0,0,0,0,39,39
323.0,2017-03-18 13:10:00,0,0,0,0,39,39
323.0,2017-03-18 13:13:00,0,0,0,0,39,39
323.0,2017-03-18 13:16:00,0,0,0,0,39,39
323.0,2017-03-18 13:19:00,0,0,0,0,39,39
323.0,2017-03-18 13:22:00,0,0,0,0,39,39
323.0,2017-03-18 13:25:00,0,0,0,0,39,39
323.0,2017-03-18 13:28:00,0,0,0,0,39,39
323.0,2017-03-18 13:31:00,0,0,0,0,39,39
323.0,2017-03-18 13:34:00,0,1,1,1,38,39
323.0,2017-03-18 13:37:00,0,0,0,1,38,39
323.0,2017-03-18 13:40:00,0,0,0,1,38,39
323.0,2017-03-18 13:43:00,0,0,0,1,38,39
323.0,2017-03-18 13:46:00,0,0,0,1,38,39
323.0,2017-03-18 13:49:00,0,0,0,1,38,39
323.0,2017-03-18 13:52:00,0,0,0,1,38,39
323.0,2017-03-18 13:55:00,0,0,0,1,38,39
323.0,2017-03-18 13:58:00,0,0,0,1,38,39
323.0,2017-03-18 14:01:00,0,0,0,1,38,39
323.0,2017-03-18 14:04:00,0,0,0,0,39,39
323.0,2017-03-18 14:07:00,0,0,0,0,39,39
323.0,2017-03-18 14:10:00,0,0,0,0,39,39
323.0,2017-03-18 14:13:00,0,0,0,0,39,39
323.0,2017-03-18 14:16:00,0,0,0,0,39,39
323.0,2017-03-18 14:19:00,0,0,0,0,39,39
323.0,2017-03-18 14:22:00,0,0,0,0,39,39
323.0,2017-03-18 14:25:00,0,0,0,0,39,39
323.0,2017-03-18 14:28:00,0,0,0,0,39,39
323.0,2017-03-18 14:31:00,0,0,0,0,39,39
323.0,2017-03-18 14:34:00,0,0,0,0,39,39
323.0,2017-03-18 14:37:00,0,0,0,0,39,39
323.0,2017-03-18 14:40:00,0,0,0,0,39,39
323.0,2017-03-18 14:43:00,0,0,0,0,39,39
323.0,2017-03-18 14:46:00,0,0,0,0,39,39
323.0,2017-03-18 14:49:00,0,0,0,0,39,39
323.0,2017-03-18 14:52:00,0,0,0,0,39,39
323.0,2017-03-18 14:55:00,0,0,0,0,39,39
323.0,2017-03-18 14:58:00,0,0,0,0,39,39
323.0,2017-03-18 15:01:00,0,0,0,0,39,39
323.0,2017-03-18 15:04:00,0,0,0,0,39,39
323.0,2017-03-18 15:07:00,0,0,0,0,39,39
323.0,2017-03-18 15:10:00,0,0,0,0,39,39
323.0,2017-03-18 15:13:00,0,0,0,0,39,39
323.0,2017-03-18 15:16:00,0,0,0,0,39,39
323.0,2017-03-18 15:19:00,0,0,0,0,39,39
323.0,2017-03-18 15:22:00,0,0,0,0,39,39
323.0,2017-03-18 15:25:00,0,0,0,0,39,39
323.0,2017-03-18 15:28:00,0,0,0,0,39,39
323.0,2017-03-18 15:31:00,0,0,0,0,39,39
323.0,2017-03-18 15:34:00,0,0,0,0,39,39
323.0,2017-03-18 15:37:00,0,0,0,0,39,39
323.0,2017-03-18 15:40:00,0,0,0,0,39,39
323.0,2017-03-18 15:43:00,0,0,0,0,39,39
323.0,2017-03-18 15:46:00,0,0,0,0,39,39
323.0,2017-03-18 15:49:00,0,0,0,0,39,39
323.0,2017-03-18 15:52:00,0,0,0,0,39,39
323.0,2017-03-18 15:55:00,0,0,0,0,39,39
323.0,2017-03-18 15:58:00,0,0,0,0,39,39
323.0,2017-03-18 16:01:00,0,0,0,0,39,39
323.0,2017-03-18 16:04:00,0,0,0,0,39,39
323.0,2017-03-18 16:07:00,0,0,0,0,39,39
323.0,2017-03-18 16:10:00,0,0,0,0,39,39
323.0,2017-03-18 16:13:00,0,0,0,0,39,39
323.0,2017-03-18 16:16:00,0,0,0,0,39,39
323.0,2017-03-18 16:19:00,0,0,0,0,39,39
323.0,2017-03-18 16:22:00,0,0,0,0,39,39
323.0,2017-03-18 16:25:00,0,0,0,0,39,39
323.0,2017-03-18 16:28:00,0,0,0,0,39,39
323.0,2017-03-18 16:31:00,0,0,0,0,39,39
323.0,2017-03-18 16:34:00,0,0,0,0,39,39
323.0,2017-03-18 16:35:00,0,0,0,0,39,39
323.0,2017-03-18 16:38:00,0,0,0,0,39,39
323.0,2017-03-18 16:41:00,0,0,0,0,39,39
323.0,2017-03-18 16:44:00,0,0,0,0,39,39
323.0,2017-03-18 16:47:00,0,0,0,0,39,39
323.0,2017-03-18 16:50:00,0,0,0,0,39,39
323.0,2017-03-18 16:53:00,0,0,0,0,39,39
323.0,2017-03-18 16:56:00,0,0,0,0,39,39
323.0,2017-03-18 16:59:00,0,0,0,0,39,39
323.0,2017-03-18 17:02:00,0,0,0,0,39,39
323.0,2017-03-18 17:05:00,0,0,0,0,39,39
323.0,2017-03-18 17:08:00,0,0,0,0,39,39
323.0,2017-03-18 17:11:00,0,0,0,0,39,39
323.0,2017-03-18 17:12:00,0,0,0,0,39,39
323.0,2017-03-18 17:15:00,0,0,0,0,39,39
323.0,2017-03-18 17:18:00,0,0,0,0,39,39
323.0,2017-03-18 17:21:00,0,0,0,0,39,39
323.0,2017-03-18 17:24:00,0,0,0,0,39,39
323.0,2017-03-18 17:27:00,0,0,0,0,39,39
323.0,2017-03-18 17:30:00,0,0,0,0,39,39
323.0,2017-03-18 17:33:00,0,0,0,0,39,39
323.0,2017-03-18 17:36:00,0,0,0,0,39,39
323.0,2017-03-18 17:39:00,0,0,0,0,39,39
323.0,2017-03-18 17:42:00,0,0,0,0,39,39
323.0,2017-03-18 17:45:00,0,0,0,0,39,39
323.0,2017-03-18 17:48:00,0,0,0,0,39,39
323.0,2017-03-18 17:51:00,0,0,0,0,39,39
323.0,2017-03-18 17:54:00,0,0,0,0,39,39
323.0,2017-03-18 17:57:00,0,0,0,0,39,39
323.0,2017-03-18 18:00:00,0,0,0,0,39,39
323.0,2017-03-18 18:03:00,0,0,0,0,39,39
323.0,2017-03-18 18:06:00,0,0,0,0,39,39
323.0,2017-03-18 18:09:00,0,0,0,0,39,39
323.0,2017-03-18 18:12:00,0,0,0,0,39,39
323.0,2017-03-18 18:15:00,0,0,0,0,39,39
323.0,2017-03-18 18:18:00,0,0,0,0,39,39
323.0,2017-03-18 18:21:00,0,0,0,0,39,39
323.0,2017-03-18 18:24:00,0,0,0,0,39,39
323.0,2017-03-18 18:26:00,0,0,0,0,39,39
323.0,2017-03-18 18:29:00,0,0,0,0,39,39
323.0,2017-03-18 18:32:00,0,0,0,0,39,39
323.0,2017-03-18 18:35:00,0,0,0,0,39,39
323.0,2017-03-18 18:38:00,0,0,0,0,39,39
323.0,2017-03-18 18:41:00,0,0,0,0,39,39
323.0,2017-03-18 18:44:00,0,0,0,0,39,39
323.0,2017-03-18 18:47:00,0,0,0,0,39,39
323.0,2017-03-18 18:50:00,0,0,0,0,39,39
323.0,2017-03-18 18:53:00,0,0,0,0,39,39
323.0,2017-03-18 18:56:00,0,0,0,0,39,39
323.0,2017-03-18 18:59:00,0,0,0,0,39,39
323.0,2017-03-18 19:02:00,0,0,0,0,39,39
323.0,2017-03-18 19:04:00,0,0,0,0,39,39
323.0,2017-03-18 19:07:00,0,0,0,0,39,39
323.0,2017-03-18 19:10:00,0,0,0,0,39,39
323.0,2017-03-18 19:13:00,0,0,0,0,39,39
323.0,2017-03-18 19:16:00,0,0,0,0,39,39
323.0,2017-03-18 19:19:00,0,0,0,0,39,39
323.0,2017-03-18 19:22:00,0,0,0,0,39,39
323.0,2017-03-18 19:25:00,0,0,0,0,39,39
323.0,2017-03-18 19:28:00,0,0,0,0,39,39
323.0,2017-03-18 19:31:00,0,0,0,0,39,39
323.0,2017-03-18 19:34:00,0,0,0,0,39,39
323.0,2017-03-18 19:37:00,0,0,0,0,39,39
323.0,2017-03-18 19:40:00,0,0,0,0,39,39
323.0,2017-03-18 19:41:00,0,0,0,0,39,39
323.0,2017-03-18 19:44:00,0,0,0,0,39,39
323.0,2017-03-18 19:47:00,0,0,0,0,39,39
323.0,2017-03-18 19:50:00,0,0,0,0,39,39
323.0,2017-03-18 19:53:00,0,0,0,0,39,39
323.0,2017-03-18 19:56:00,0,0,0,0,39,39
323.0,2017-03-18 19:59:00,0,0,0,0,39,39
323.0,2017-03-18 20:02:00,0,0,0,0,39,39
323.0,2017-03-18 20:05:00,0,0,0,0,39,39
323.0,2017-03-18 20:08:00,0,0,0,0,39,39
323.0,2017-03-18 20:11:00,0,0,0,0,39,39
323.0,2017-03-18 20:14:00,0,0,0,0,39,39
323.0,2017-03-18 20:17:00,0,0,0,0,39,39
323.0,2017-03-18 20:19:00,0,0,0,0,39,39
323.0,2017-03-18 20:22:00,0,0,0,0,39,39
323.0,2017-03-18 20:25:00,0,0,0,0,39,39
323.0,2017-03-18 20:28:00,0,0,0,0,39,39
323.0,2017-03-18 20:31:00,0,0,0,0,39,39
323.0,2017-03-18 20:34:00,0,0,0,0,39,39
323.0,2017-03-18 20:37:00,0,0,0,0,39,39
323.0,2017-03-18 20:40:00,0,1,1,1,38,39
323.0,2017-03-18 20:43:00,0,0,0,1,38,39
323.0,2017-03-18 20:46:00,0,0,0,1,38,39
323.0,2017-03-18 20:49:00,0,0,0,1,38,39
323.0,2017-03-18 20:52:00,0,0,0,1,38,39
323.0,2017-03-18 20:55:00,0,0,0,1,38,39
323.0,2017-03-18 20:56:00,0,0,0,0,39,39
323.0,2017-03-18 20:59:00,0,0,0,0,39,39
323.0,2017-03-18 21:02:00,0,0,0,0,39,39
323.0,2017-03-18 21:05:00,0,0,0,0,39,39
323.0,2017-03-18 21:08:00,0,0,0,0,39,39
323.0,2017-03-18 21:11:00,0,0,0,0,39,39
323.0,2017-03-18 21:14:00,0,0,0,0,39,39
323.0,2017-03-18 21:17:00,0,0,0,0,39,39
323.0,2017-03-18 21:20:00,0,0,0,0,39,39
323.0,2017-03-18 21:23:00,0,0,0,0,39,39
323.0,2017-03-18 21:26:00,0,0,0,0,39,39
323.0,2017-03-18 21:29:00,0,0,0,0,39,39
323.0,2017-03-18 21:32:00,0,0,0,0,39,39
323.0,2017-03-18 21:33:00,0,0,0,0,39,39
323.0,2017-03-18 21:36:00,0,0,0,0,39,39
323.0,2017-03-18 21:39:00,0,0,0,0,39,39
323.0,2017-03-18 21:42:00,0,0,0,0,39,39
323.0,2017-03-18 21:45:00,0,0,0,0,39,39
323.0,2017-03-18 21:48:00,0,0,0,0,39,39
323.0,2017-03-18 21:51:00,0,0,0,0,39,39
323.0,2017-03-18 21:54:00,0,0,0,0,39,39
323.0,2017-03-18 21:57:00,0,0,0,0,39,39
323.0,2017-03-18 22:00:00,0,0,0,0,39,39
323.0,2017-03-18 22:03:00,0,0,0,0,39,39
323.0,2017-03-18 22:06:00,0,0,0,0,39,39
323.0,2017-03-18 22:09:00,0,0,0,0,39,39
323.0,2017-03-18 22:10:00,0,0,0,0,39,39
323.0,2017-03-18 22:13:00,0,0,0,0,39,39
323.0,2017-03-18 22:16:00,0,0,0,0,39,39
323.0,2017-03-18 22:19:00,0,0,0,0,39,39
323.0,2017-03-18 22:22:00,0,0,0,0,39,39
323.0,2017-03-18 22:25:00,0,0,0,0,39,39
323.0,2017-03-18 22:28:00,0,0,0,0,39,39
323.0,2017-03-18 22:31:00,0,0,0,0,39,39
323.0,2017-03-18 22:34:00,0,0,0,0,39,39
323.0,2017-03-18 22:37:00,0,0,0,0,39,39
323.0,2017-03-18 22:40:00,0,0,0,0,39,39
323.0,2017-03-18 22:43:00,0,0,0,0,39,39
323.0,2017-03-18 22:46:00,0,0,0,0,39,39
323.0,2017-03-18 22:49:00,0,0,0,0,39,39
323.0,2017-03-18 22:52:00,0,0,0,0,39,39
323.0,2017-03-18 22:55:00,0,0,0,0,39,39
323.0,2017-03-18 22:58:00,0,0,0,0,39,39
323.0,2017-03-18 23:01:00,0,0,0,0,39,39
323.0,2017-03-18 23:04:00,0,0,0,0,39,39
323.0,2017-03-18 23:07:00,0,0,0,0,39,39
323.0,2017-03-18 23:10:00,0,0,0,0,39,39
323.0,2017-03-18 23:13:00,0,0,0,0,39,39
323.0,2017-03-18 23:16:00,0,0,0,0,39,39
323.0,2017-03-18 23:19:00,0,0,0,0,39,39
323.0,2017-03-18 23:21:00,0,0,0,0,39,39
323.0,2017-03-18 23:24:00,0,0,0,0,39,39
323.0,2017-03-18 23:27:00,0,0,0,0,39,39
323.0,2017-03-18 23:30:00,0,0,0,0,39,39
323.0,2017-03-18 23:33:00,0,0,0,0,39,39
323.0,2017-03-18 23:36:00,0,0,0,0,39,39
323.0,2017-03-18 23:39:00,0,0,0,0,39,39
323.0,2017-03-18 23:42:00,0,0,0,0,39,39
323.0,2017-03-18 23:45:00,0,0,0,0,39,39
323.0,2017-03-18 23:48:00,0,0,0,0,39,39
323.0,2017-03-18 23:51:00,0,0,0,0,39,39
323.0,2017-03-18 23:54:00,0,0,0,0,39,39
323.0,2017-03-18 23:57:00,0,0,0,0,39,39
323.0,2017-03-19 00:00:00,0,0,0,0,39,39
323.0,2017-03-19 00:03:00,0,0,0,0,39,39
323.0,2017-03-19 00:06:00,0,0,0,0,39,39
323.0,2017-03-19 00:09:00,0,0,0,0,39,39
323.0,2017-03-19 00:12:00,0,0,0,0,39,39
323.0,2017-03-19 00:14:00,0,0,0,0,39,39
323.0,2017-03-19 00:17:00,0,0,0,0,39,39
323.0,2017-03-19 00:20:00,0,0,0,0,39,39
323.0,2017-03-19 00:23:00,0,0,0,0,39,39
323.0,2017-03-19 00:26:00,0,0,0,0,39,39
323.0,2017-03-19 00:29:00,0,0,0,0,39,39
323.0,2017-03-19 00:32:00,0,0,0,0,39,39
323.0,2017-03-19 00:35:00,0,0,0,0,39,39
323.0,2017-03-19 00:38:00,0,0,0,0,39,39
323.0,2017-03-19 00:41:00,0,0,0,0,39,39
323.0,2017-03-19 00:44:00,0,0,0,0,39,39
323.0,2017-03-19 00:47:00,0,0,0,0,39,39
323.0,2017-03-19 00:50:00,0,0,0,0,39,39
323.0,2017-03-19 00:51:00,0,0,0,0,39,39
323.0,2017-03-19 00:54:00,0,0,0,0,39,39
323.0,2017-03-19 00:57:00,0,0,0,0,39,39
323.0,2017-03-19 01:00:00,0,0,0,0,39,39
323.0,2017-03-19 01:03:00,0,0,0,0,39,39
323.0,2017-03-19 01:06:00,0,0,0,0,39,39
323.0,2017-03-19 01:09:00,0,0,0,0,39,39
323.0,2017-03-19 01:11:00,0,0,0,0,39,39
323.0,2017-03-19 01:14:00,0,0,0,0,39,39
323.0,2017-03-19 01:17:00,0,0,0,0,39,39
323.0,2017-03-19 01:20:00,0,0,0,0,39,39
323.0,2017-03-19 01:23:00,0,0,0,0,39,39
323.0,2017-03-19 01:26:00,0,0,0,0,39,39
323.0,2017-03-19 01:29:00,0,0,0,0,39,39
323.0,2017-03-19 01:32:00,0,0,0,0,39,39
323.0,2017-03-19 01:35:00,0,0,0,0,39,39
323.0,2017-03-19 01:38:00,0,0,0,0,39,39
323.0,2017-03-19 01:41:00,0,0,0,0,39,39
323.0,2017-03-19 01:44:00,0,0,0,0,39,39
323.0,2017-03-19 01:46:00,0,0,0,0,39,39
323.0,2017-03-19 01:49:00,0,0,0,0,39,39
323.0,2017-03-19 01:52:00,0,0,0,0,39,39
323.0,2017-03-19 01:55:00,0,0,0,0,39,39
323.0,2017-03-19 01:58:00,0,0,0,0,39,39
323.0,2017-03-19 02:01:00,0,0,0,0,39,39
323.0,2017-03-19 02:04:00,0,0,0,0,39,39
323.0,2017-03-19 02:07:00,0,0,0,0,39,39
323.0,2017-03-19 02:10:00,0,0,0,0,39,39
323.0,2017-03-19 02:13:00,0,0,0,0,39,39
323.0,2017-03-19 02:16:00,0,0,0,0,39,39
323.0,2017-03-19 02:19:00,0,0,0,0,39,39
323.0,2017-03-19 02:22:00,0,0,0,0,39,39
323.0,2017-03-19 02:25:00,0,0,0,0,39,39
323.0,2017-03-19 02:28:00,0,0,0,0,39,39
323.0,2017-03-19 02:31:00,0,0,0,0,39,39
323.0,2017-03-19 02:34:00,0,0,0,0,39,39
323.0,2017-03-19 02:37:00,0,0,0,0,39,39
323.0,2017-03-19 02:40:00,0,0,0,0,39,39
323.0,2017-03-19 02:43:00,0,0,0,0,39,39
323.0,2017-03-19 02:46:00,0,0,0,0,39,39
323.0,2017-03-19 02:49:00,0,0,0,0,39,39
323.0,2017-03-19 02:52:00,0,0,0,0,39,39
323.0,2017-03-19 02:54:00,0,0,0,0,39,39
323.0,2017-03-19 02:57:00,0,0,0,0,39,39
323.0,2017-03-19 03:00:00,0,0,0,0,39,39
323.0,2017-03-19 03:03:00,0,0,0,0,39,39
323.0,2017-03-19 03:06:00,0,0,0,0,39,39
323.0,2017-03-19 03:09:00,0,0,0,0,39,39
323.0,2017-03-19 03:12:00,0,0,0,0,39,39
323.0,2017-03-19 03:15:00,0,0,0,0,39,39
323.0,2017-03-19 03:18:00,0,0,0,0,39,39
323.0,2017-03-19 03:21:00,0,0,0,0,39,39
323.0,2017-03-19 03:24:00,0,0,0,0,39,39
323.0,2017-03-19 03:27:00,0,0,0,0,39,39
323.0,2017-03-19 03:30:00,0,0,0,0,39,39
323.0,2017-03-19 03:33:00,0,0,0,0,39,39
323.0,2017-03-19 03:36:00,0,0,0,0,39,39
323.0,2017-03-19 03:39:00,0,0,0,0,39,39
323.0,2017-03-19 03:42:00,0,0,0,0,39,39
323.0,2017-03-19 03:45:00,0,0,0,0,39,39
323.0,2017-03-19 03:48:00,0,0,0,0,39,39
323.0,2017-03-19 03:51:00,0,0,0,0,39,39
323.0,2017-03-19 03:54:00,0,0,0,0,39,39
323.0,2017-03-19 03:57:00,0,0,0,0,39,39
323.0,2017-03-19 04:00:00,0,0,0,0,39,39
323.0,2017-03-19 04:03:00,0,0,0,0,39,39
323.0,2017-03-19 04:06:00,0,0,0,0,39,39
323.0,2017-03-19 04:08:00,0,0,0,0,39,39
323.0,2017-03-19 04:11:00,0,0,0,0,39,39
323.0,2017-03-19 04:14:00,0,0,0,0,39,39
323.0,2017-03-19 04:17:00,0,0,0,0,39,39
323.0,2017-03-19 04:20:00,0,0,0,0,39,39
323.0,2017-03-19 04:23:00,0,0,0,0,39,39
323.0,2017-03-19 04:26:00,0,0,0,0,39,39
323.0,2017-03-19 04:29:00,0,0,0,0,39,39
323.0,2017-03-19 04:32:00,0,0,0,0,39,39
323.0,2017-03-19 04:35:00,0,0,0,0,39,39
323.0,2017-03-19 04:38:00,0,0,0,0,39,39
323.0,2017-03-19 04:41:00,0,0,0,0,39,39
323.0,2017-03-19 04:42:00,0,0,0,0,39,39
323.0,2017-03-19 04:45:00,0,0,0,0,39,39
323.0,2017-03-19 04:48:00,0,0,0,0,39,39
323.0,2017-03-19 04:51:00,0,0,0,0,39,39
323.0,2017-03-19 04:54:00,0,0,0,0,39,39
323.0,2017-03-19 04:57:00,0,0,0,0,39,39
323.0,2017-03-19 05:00:00,0,0,0,0,39,39
323.0,2017-03-19 05:03:00,0,0,0,0,39,39
323.0,2017-03-19 05:06:00,0,0,0,0,39,39
323.0,2017-03-19 05:09:00,0,0,0,0,39,39
323.0,2017-03-19 05:12:00,0,0,0,0,39,39
323.0,2017-03-19 05:15:00,0,0,0,0,39,39
323.0,2017-03-19 05:17:00,0,0,0,0,39,39
323.0,2017-03-19 05:20:00,0,0,0,0,39,39
323.0,2017-03-19 05:23:00,0,0,0,0,39,39
323.0,2017-03-19 05:26:00,0,0,0,0,39,39
323.0,2017-03-19 05:29:00,0,0,0,0,39,39
323.0,2017-03-19 05:32:00,0,0,0,0,39,39
323.0,2017-03-19 05:35:00,0,0,0,0,39,39
323.0,2017-03-19 05:38:00,0,0,0,0,39,39
323.0,2017-03-19 05:41:00,0,0,0,0,39,39
323.0,2017-03-19 05:44:00,0,0,0,0,39,39
323.0,2017-03-19 05:47:00,0,0,0,0,39,39
323.0,2017-03-19 05:50:00,0,0,0,0,39,39
323.0,2017-03-19 05:53:00,0,0,0,0,39,39
323.0,2017-03-19 05:56:00,0,0,0,0,39,39
323.0,2017-03-19 05:59:00,0,0,0,0,39,39
323.0,2017-03-19 06:02:00,0,0,0,0,39,39
323.0,2017-03-19 06:05:00,0,0,0,0,39,39
323.0,2017-03-19 06:08:00,0,0,0,0,39,39
323.0,2017-03-19 06:11:00,0,0,0,0,39,39
323.0,2017-03-19 06:14:00,0,0,0,0,39,39
323.0,2017-03-19 06:17:00,0,0,0,0,39,39
323.0,2017-03-19 06:20:00,0,0,0,0,39,39
323.0,2017-03-19 06:23:00,0,0,0,0,39,39
323.0,2017-03-19 06:25:00,0,0,0,0,39,39
323.0,2017-03-19 06:28:00,0,0,0,0,39,39
323.0,2017-03-19 06:31:00,0,0,0,0,39,39
323.0,2017-03-19 06:34:00,0,0,0,0,39,39
323.0,2017-03-19 06:37:00,0,0,0,0,39,39
323.0,2017-03-19 06:40:00,0,0,0,0,39,39
323.0,2017-03-19 06:43:00,0,0,0,0,39,39
323.0,2017-03-19 06:46:00,0,0,0,0,39,39
323.0,2017-03-19 06:49:00,0,0,0,0,39,39
323.0,2017-03-19 06:52:00,0,0,0,0,39,39
323.0,2017-03-19 06:55:00,0,0,0,0,39,39
323.0,2017-03-19 06:58:00,0,0,0,0,39,39
323.0,2017-03-19 06:59:00,0,0,0,0,39,39
323.0,2017-03-19 07:02:00,0,0,0,0,39,39
323.0,2017-03-19 07:05:00,0,0,0,0,39,39
323.0,2017-03-19 07:08:00,0,0,0,0,39,39
323.0,2017-03-19 07:11:00,0,0,0,0,39,39
323.0,2017-03-19 07:14:00,0,0,0,0,39,39
323.0,2017-03-19 07:17:00,0,0,0,0,39,39
323.0,2017-03-19 07:20:00,0,0,0,0,39,39
323.0,2017-03-19 07:23:00,0,0,0,0,39,39
323.0,2017-03-19 07:26:00,0,0,0,0,39,39
323.0,2017-03-19 07:29:00,0,0,0,0,39,39
323.0,2017-03-19 07:32:00,0,0,0,0,39,39
323.0,2017-03-19 07:35:00,0,0,0,0,39,39
323.0,2017-03-19 07:36:00,0,0,0,0,39,39
323.0,2017-03-19 07:39:00,0,0,0,0,39,39
323.0,2017-03-19 07:42:00,0,0,0,0,39,39
323.0,2017-03-19 07:45:00,0,0,0,0,39,39
323.0,2017-03-19 07:48:00,0,0,0,0,39,39
323.0,2017-03-19 07:51:00,0,0,0,0,39,39
323.0,2017-03-19 07:54:00,0,0,0,0,39,39
323.0,2017-03-19 07:57:00,0,0,0,0,39,39
323.0,2017-03-19 08:00:00,0,0,0,0,39,39
323.0,2017-03-19 08:03:00,0,0,0,0,39,39
323.0,2017-03-19 08:06:00,0,0,0,0,39,39
323.0,2017-03-19 08:09:00,0,0,0,0,39,39
323.0,2017-03-19 08:11:00,0,0,0,0,39,39
323.0,2017-03-19 08:14:00,0,0,0,0,39,39
323.0,2017-03-19 08:17:00,0,0,0,0,39,39
323.0,2017-03-19 08:20:00,0,0,0,0,39,39
323.0,2017-03-19 08:23:00,0,0,0,0,39,39
323.0,2017-03-19 08:26:00,0,0,0,0,39,39
323.0,2017-03-19 08:29:00,0,0,0,0,39,39
323.0,2017-03-19 08:32:00,0,0,0,0,39,39
323.0,2017-03-19 08:35:00,0,0,0,0,39,39
323.0,2017-03-19 08:38:00,0,0,0,0,39,39
323.0,2017-03-19 08:41:00,0,0,0,0,39,39
323.0,2017-03-19 08:44:00,0,0,0,0,39,39
323.0,2017-03-19 08:47:00,0,0,0,0,39,39
323.0,2017-03-19 08:50:00,0,0,0,0,39,39
323.0,2017-03-19 08:53:00,0,0,0,0,39,39
323.0,2017-03-19 08:56:00,0,0,0,0,39,39
323.0,2017-03-19 08:59:00,0,0,0,0,39,39
323.0,2017-03-19 09:02:00,0,0,0,0,39,39
323.0,2017-03-19 09:05:00,0,0,0,0,39,39
323.0,2017-03-19 09:08:00,0,0,0,0,39,39
323.0,2017-03-19 09:11:00,0,0,0,0,39,39
323.0,2017-03-19 09:14:00,0,0,0,0,39,39
323.0,2017-03-19 09:17:00,0,0,0,0,39,39
323.0,2017-03-19 09:20:00,0,1,1,1,38,39
323.0,2017-03-19 09:22:00,0,0,0,0,39,39
323.0,2017-03-19 09:25:00,0,0,0,0,39,39
323.0,2017-03-19 09:28:00,0,0,0,0,39,39
323.0,2017-03-19 09:31:00,0,0,0,0,39,39
323.0,2017-03-19 09:34:00,0,0,0,0,39,39
323.0,2017-03-19 09:37:00,0,0,0,0,39,39
323.0,2017-03-19 09:40:00,0,0,0,0,39,39
323.0,2017-03-19 09:43:00,0,0,0,0,39,39
323.0,2017-03-19 09:46:00,0,0,0,0,39,39
323.0,2017-03-19 09:49:00,0,0,0,0,39,39
323.0,2017-03-19 09:52:00,0,0,0,0,39,39
323.0,2017-03-19 09:55:00,0,0,0,0,39,39
323.0,2017-03-19 09:58:00,0,0,0,0,39,39
323.0,2017-03-19 10:01:00,0,0,0,0,39,39
323.0,2017-03-19 10:04:00,0,0,0,0,39,39
323.0,2017-03-19 10:07:00,0,0,0,0,39,39
323.0,2017-03-19 10:10:00,0,0,0,0,39,39
323.0,2017-03-19 10:13:00,0,0,0,0,39,39
323.0,2017-03-19 10:16:00,0,2,2,2,37,39
323.0,2017-03-19 10:19:00,0,0,0,2,37,39
323.0,2017-03-19 10:22:00,0,0,0,2,37,39
323.0,2017-03-19 10:25:00,0,0,0,2,37,39
323.0,2017-03-19 10:28:00,0,0,0,2,37,39
323.0,2017-03-19 10:31:00,0,0,0,2,37,39
323.0,2017-03-19 10:33:00,0,0,0,0,39,39
323.0,2017-03-19 10:36:00,0,0,0,0,39,39
323.0,2017-03-19 10:39:00,0,0,0,0,39,39
323.0,2017-03-19 10:42:00,0,0,0,0,39,39
323.0,2017-03-19 10:45:00,0,0,0,0,39,39
323.0,2017-03-19 10:48:00,0,0,0,0,39,39
323.0,2017-03-19 10:51:00,0,0,0,0,39,39
323.0,2017-03-19 10:54:00,0,0,0,0,39,39
323.0,2017-03-19 10:57:00,0,0,0,0,39,39
323.0,2017-03-19 11:00:00,0,0,0,0,39,39
323.0,2017-03-19 11:03:00,0,0,0,0,39,39
323.0,2017-03-19 11:06:00,0,0,0,0,39,39
323.0,2017-03-19 11:09:00,0,0,0,0,39,39
323.0,2017-03-19 11:10:00,0,0,0,0,39,39
323.0,2017-03-19 11:13:00,0,0,0,0,39,39
323.0,2017-03-19 11:16:00,0,0,0,0,39,39
323.0,2017-03-19 11:19:00,0,0,0,0,39,39
323.0,2017-03-19 11:22:00,0,0,0,0,39,39
323.0,2017-03-19 11:25:00,0,0,0,0,39,39
323.0,2017-03-19 11:28:00,0,0,0,0,39,39
323.0,2017-03-19 11:31:00,0,0,0,0,39,39
323.0,2017-03-19 11:34:00,0,0,0,0,39,39
323.0,2017-03-19 11:37:00,0,0,0,0,39,39
323.0,2017-03-19 11:40:00,0,1,1,1,38,39
323.0,2017-03-19 11:43:00,0,0,0,1,38,39
323.0,2017-03-19 11:44:00,0,0,0,0,39,39
323.0,2017-03-19 11:47:00,0,0,0,0,39,39
323.0,2017-03-19 11:50:00,0,0,0,0,39,39
323.0,2017-03-19 11:53:00,0,0,0,0,39,39
323.0,2017-03-19 11:56:00,0,0,0,0,39,39
323.0,2017-03-19 11:59:00,0,0,0,0,39,39
323.0,2017-03-19 12:01:00,0,0,0,0,39,39
323.0,2017-03-19 12:04:00,0,0,0,0,39,39
323.0,2017-03-19 12:07:00,0,0,0,0,39,39
323.0,2017-03-19 12:10:00,0,0,0,0,39,39
323.0,2017-03-19 12:13:00,0,0,0,0,39,39
323.0,2017-03-19 12:16:00,0,0,0,0,39,39
323.0,2017-03-19 12:19:00,0,0,0,0,39,39
323.0,2017-03-19 12:22:00,0,0,0,0,39,39
323.0,2017-03-19 12:25:00,0,0,0,0,39,39
323.0,2017-03-19 12:28:00,0,0,0,0,39,39
323.0,2017-03-19 12:31:00,0,0,0,0,39,39
323.0,2017-03-19 12:34:00,0,0,0,0,39,39
323.0,2017-03-19 12:37:00,0,0,0,0,39,39
323.0,2017-03-19 12:40:00,0,0,0,0,39,39
323.0,2017-03-19 12:43:00,0,0,0,0,39,39
323.0,2017-03-19 12:46:00,0,0,0,0,39,39
323.0,2017-03-19 12:49:00,0,0,0,0,39,39
323.0,2017-03-19 12:52:00,0,0,0,0,39,39
323.0,2017-03-19 12:55:00,0,0,0,0,39,39
323.0,2017-03-19 12:58:00,0,0,0,0,39,39
323.0,2017-03-19 13:01:00,0,0,0,0,39,39
323.0,2017-03-19 13:04:00,0,0,0,0,39,39
323.0,2017-03-19 13:07:00,0,0,0,0,39,39
323.0,2017-03-19 13:10:00,0,0,0,0,39,39
323.0,2017-03-19 13:13:00,0,0,0,0,39,39
323.0,2017-03-19 13:16:00,0,0,0,0,39,39
323.0,2017-03-19 13:19:00,0,0,0,0,39,39
323.0,2017-03-19 13:22:00,0,0,0,0,39,39
323.0,2017-03-19 13:25:00,0,0,0,0,39,39
323.0,2017-03-19 13:28:00,0,0,0,0,39,39
323.0,2017-03-19 13:31:00,0,0,0,0,39,39
323.0,2017-03-19 13:34:00,0,0,0,0,39,39
323.0,2017-03-19 13:37:00,0,0,0,0,39,39
323.0,2017-03-19 13:40:00,0,0,0,0,39,39
323.0,2017-03-19 13:43:00,0,0,0,0,39,39
323.0,2017-03-19 13:46:00,0,0,0,0,39,39
323.0,2017-03-19 13:49:00,0,0,0,0,39,39
323.0,2017-03-19 13:52:00,0,0,0,0,39,39
323.0,2017-03-19 13:55:00,0,0,0,0,39,39
323.0,2017-03-19 13:58:00,0,0,0,0,39,39
323.0,2017-03-19 14:01:00,0,0,0,0,39,39
323.0,2017-03-19 14:04:00,0,0,0,0,39,39
323.0,2017-03-19 14:07:00,0,0,0,0,39,39
323.0,2017-03-19 14:10:00,0,0,0,0,39,39
323.0,2017-03-19 14:11:00,0,0,0,0,39,39
323.0,2017-03-19 14:14:00,0,0,0,0,39,39
323.0,2017-03-19 14:17:00,0,0,0,0,39,39
323.0,2017-03-19 14:20:00,0,0,0,0,39,39
323.0,2017-03-19 14:23:00,0,0,0,0,39,39
323.0,2017-03-19 14:26:00,0,1,1,1,38,39
323.0,2017-03-19 14:29:00,0,0,0,1,38,39
323.0,2017-03-19 14:32:00,0,1,1,2,37,39
323.0,2017-03-19 14:35:00,0,0,0,2,37,39
323.0,2017-03-19 14:38:00,0,0,0,2,37,39
323.0,2017-03-19 14:41:00,0,0,0,2,37,39
323.0,2017-03-19 14:44:00,0,1,1,3,36,39
323.0,2017-03-19 14:47:00,0,0,0,3,36,39
323.0,2017-03-19 14:48:00,0,0,0,0,39,39
323.0,2017-03-19 14:51:00,0,0,0,0,39,39
323.0,2017-03-19 14:54:00,0,0,0,0,39,39
323.0,2017-03-19 14:57:00,0,0,0,0,39,39
323.0,2017-03-19 15:00:00,0,0,0,0,39,39
323.0,2017-03-19 15:03:00,0,0,0,0,39,39
323.0,2017-03-19 15:06:00,0,0,0,0,39,39
323.0,2017-03-19 15:09:00,0,0,0,0,39,39
323.0,2017-03-19 15:12:00,0,1,1,1,38,39
323.0,2017-03-19 15:15:00,0,0,0,1,38,39
323.0,2017-03-19 15:18:00,0,0,0,1,38,39
323.0,2017-03-19 15:21:00,0,0,0,1,38,39
323.0,2017-03-19 15:24:00,0,0,0,1,38,39
323.0,2017-03-19 15:26:00,0,0,0,0,39,39
323.0,2017-03-19 15:29:00,0,0,0,0,39,39
323.0,2017-03-19 15:32:00,0,0,0,0,39,39
323.0,2017-03-19 15:35:00,0,0,0,0,39,39
323.0,2017-03-19 15:38:00,0,0,0,0,39,39
323.0,2017-03-19 15:41:00,0,0,0,0,39,39
323.0,2017-03-19 15:44:00,0,0,0,0,39,39
323.0,2017-03-19 15:47:00,0,0,0,0,39,39
323.0,2017-03-19 15:50:00,0,0,0,0,39,39
323.0,2017-03-19 15:53:00,0,0,0,0,39,39
323.0,2017-03-19 15:56:00,0,0,0,0,39,39
323.0,2017-03-19 15:59:00,0,0,0,0,39,39
323.0,2017-03-19 16:02:00,0,0,0,0,39,39
323.0,2017-03-19 16:03:00,0,0,0,31,8,39
323.0,2017-03-19 16:06:00,0,0,0,31,8,39
323.0,2017-03-19 16:09:00,0,1,1,32,7,39
323.0,2017-03-19 16:12:00,1,0,-1,31,8,39
323.0,2017-03-19 16:15:00,0,0,0,31,8,39
323.0,2017-03-19 16:18:00,0,0,0,31,8,39
323.0,2017-03-19 16:21:00,0,0,0,31,8,39
323.0,2017-03-19 16:24:00,0,0,0,31,8,39
323.0,2017-03-19 16:27:00,0,0,0,31,8,39
323.0,2017-03-19 16:30:00,0,0,0,31,8,39
323.0,2017-03-19 16:33:00,0,0,0,31,8,39
323.0,2017-03-19 16:36:00,0,0,0,31,8,39
323.0,2017-03-19 16:39:00,0,0,0,31,8,39
323.0,2017-03-19 16:42:00,1,0,-1,30,9,39
323.0,2017-03-19 16:45:00,0,0,0,30,9,39
323.0,2017-03-19 16:48:00,0,0,0,30,9,39
323.0,2017-03-19 16:51:00,0,0,0,30,9,39
323.0,2017-03-19 16:54:00,0,0,0,30,9,39
323.0,2017-03-19 16:57:00,0,1,1,31,8,39
323.0,2017-03-19 17:00:00,0,0,0,31,8,39
323.0,2017-03-19 17:03:00,0,0,0,31,8,39
323.0,2017-03-19 17:06:00,0,0,0,31,8,39
323.0,2017-03-19 17:09:00,0,0,0,31,8,39
323.0,2017-03-19 17:12:00,0,0,0,31,8,39
323.0,2017-03-19 17:15:00,0,0,0,31,8,39
323.0,2017-03-19 17:16:00,0,0,0,31,8,39
323.0,2017-03-19 17:19:00,0,0,0,31,8,39
323.0,2017-03-19 17:22:00,0,1,1,32,7,39
323.0,2017-03-19 17:25:00,0,0,0,32,7,39
323.0,2017-03-19 17:28:00,0,0,0,32,7,39
323.0,2017-03-19 17:31:00,0,0,0,32,7,39
323.0,2017-03-19 17:34:00,0,0,0,32,7,39
323.0,2017-03-19 17:37:00,0,0,0,32,7,39
323.0,2017-03-19 17:40:00,0,2,2,34,5,39
323.0,2017-03-19 17:43:00,1,0,-1,33,6,39
323.0,2017-03-19 17:46:00,0,0,0,33,6,39
323.0,2017-03-19 17:49:00,0,0,0,33,6,39
323.0,2017-03-19 17:52:00,0,0,0,33,6,39
323.0,2017-03-19 17:53:00,0,0,0,33,6,39
323.0,2017-03-19 17:56:00,0,0,0,33,6,39
323.0,2017-03-19 17:59:00,0,0,0,33,6,39
323.0,2017-03-19 18:02:00,0,0,0,33,6,39
323.0,2017-03-19 18:05:00,0,0,0,33,6,39
323.0,2017-03-19 18:08:00,0,0,0,33,6,39
323.0,2017-03-19 18:11:00,0,0,0,33,6,39
323.0,2017-03-19 18:14:00,0,0,0,33,6,39
323.0,2017-03-19 18:17:00,0,0,0,33,6,39
323.0,2017-03-19 18:20:00,0,0,0,33,6,39
323.0,2017-03-19 18:23:00,1,0,-1,32,7,39
323.0,2017-03-19 18:26:00,0,0,0,32,7,39
323.0,2017-03-19 18:28:00,0,0,0,32,7,39
323.0,2017-03-19 18:31:00,0,0,0,32,7,39
323.0,2017-03-19 18:34:00,0,0,0,32,7,39
323.0,2017-03-19 18:37:00,0,0,0,32,7,39
323.0,2017-03-19 18:40:00,0,0,0,32,7,39
323.0,2017-03-19 18:43:00,0,0,0,32,7,39
323.0,2017-03-19 18:46:00,0,0,0,32,7,39
323.0,2017-03-19 18:49:00,0,0,0,32,7,39
323.0,2017-03-19 18:52:00,1,1,0,32,7,39
323.0,2017-03-19 18:55:00,0,0,0,32,7,39
323.0,2017-03-19 18:58:00,0,0,0,32,7,39
323.0,2017-03-19 19:01:00,0,0,0,32,7,39
323.0,2017-03-19 19:04:00,0,0,0,32,7,39
323.0,2017-03-19 19:05:00,0,0,0,32,7,39
323.0,2017-03-19 19:08:00,0,0,0,32,7,39
323.0,2017-03-19 19:11:00,0,0,0,32,7,39
323.0,2017-03-19 19:14:00,0,0,0,32,7,39
323.0,2017-03-19 19:17:00,0,0,0,32,7,39
323.0,2017-03-19 19:20:00,0,0,0,32,7,39
323.0,2017-03-19 19:23:00,0,0,0,32,7,39
323.0,2017-03-19 19:26:00,0,0,0,32,7,39
323.0,2017-03-19 19:29:00,0,0,0,32,7,39
323.0,2017-03-19 19:32:00,0,0,0,32,7,39
323.0,2017-03-19 19:35:00,0,0,0,32,7,39
323.0,2017-03-19 19:38:00,0,0,0,32,7,39
323.0,2017-03-19 19:41:00,0,0,0,32,7,39
323.0,2017-03-19 19:44:00,0,0,0,32,7,39
323.0,2017-03-19 19:47:00,0,0,0,32,7,39
323.0,2017-03-19 19:50:00,0,0,0,32,7,39
323.0,2017-03-19 19:53:00,0,0,0,32,7,39
323.0,2017-03-19 19:56:00,0,0,0,32,7,39
323.0,2017-03-19 19:59:00,0,0,0,32,7,39
323.0,2017-03-19 20:02:00,1,0,-1,31,8,39
323.0,2017-03-19 20:05:00,0,0,0,31,8,39
323.0,2017-03-19 20:08:00,0,0,0,31,8,39
323.0,2017-03-19 20:11:00,0,0,0,31,8,39
323.0,2017-03-19 20:14:00,0,0,0,31,8,39
323.0,2017-03-19 20:16:00,0,0,0,31,8,39
323.0,2017-03-19 20:19:00,0,0,0,31,8,39
323.0,2017-03-19 20:22:00,0,0,0,31,8,39
323.0,2017-03-19 20:25:00,0,0,0,31,8,39
323.0,2017-03-19 20:28:00,0,0,0,31,8,39
323.0,2017-03-19 20:31:00,0,0,0,31,8,39
323.0,2017-03-19 20:34:00,0,0,0,31,8,39
323.0,2017-03-19 20:37:00,0,0,0,31,8,39
323.0,2017-03-19 20:40:00,0,0,0,31,8,39
323.0,2017-03-19 20:43:00,0,0,0,31,8,39
323.0,2017-03-19 20:46:00,0,0,0,31,8,39
323.0,2017-03-19 20:49:00,0,0,0,31,8,39
323.0,2017-03-19 20:52:00,0,0,0,31,8,39
323.0,2017-03-19 20:53:00,0,0,0,31,8,39
323.0,2017-03-19 20:56:00,0,0,0,31,8,39
323.0,2017-03-19 20:59:00,0,0,0,31,8,39
323.0,2017-03-19 21:02:00,0,0,0,31,8,39
323.0,2017-03-19 21:05:00,0,0,0,31,8,39
323.0,2017-03-19 21:08:00,0,0,0,31,8,39
323.0,2017-03-19 21:11:00,1,0,-1,30,9,39
323.0,2017-03-19 21:14:00,0,0,0,30,9,39
323.0,2017-03-19 21:17:00,0,0,0,30,9,39
323.0,2017-03-19 21:20:00,0,0,0,30,9,39
323.0,2017-03-19 21:23:00,0,0,0,30,9,39
323.0,2017-03-19 21:26:00,0,0,0,30,9,39
323.0,2017-03-19 21:29:00,0,0,0,30,9,39
323.0,2017-03-19 21:32:00,0,0,0,30,9,39
323.0,2017-03-19 21:35:00,0,0,0,30,9,39
323.0,2017-03-19 21:38:00,0,0,0,30,9,39
323.0,2017-03-19 21:41:00,0,0,0,30,9,39
323.0,2017-03-19 21:44:00,0,0,0,30,9,39
323.0,2017-03-19 21:47:00,0,0,0,30,9,39
323.0,2017-03-19 21:50:00,0,0,0,30,9,39
323.0,2017-03-19 21:53:00,0,0,0,30,9,39
323.0,2017-03-19 21:56:00,0,0,0,30,9,39
323.0,2017-03-19 21:59:00,0,0,0,30,9,39
323.0,2017-03-19 22:02:00,0,0,0,30,9,39
323.0,2017-03-19 22:03:00,0,0,0,30,9,39
323.0,2017-03-19 22:06:00,0,0,0,30,9,39
323.0,2017-03-19 22:09:00,0,0,0,30,9,39
323.0,2017-03-19 22:12:00,0,0,0,30,9,39
323.0,2017-03-19 22:15:00,0,0,0,30,9,39
323.0,2017-03-19 22:18:00,0,0,0,30,9,39
323.0,2017-03-19 22:21:00,0,0,0,30,9,39
323.0,2017-03-19 22:24:00,0,0,0,30,9,39
323.0,2017-03-19 22:27:00,0,0,0,30,9,39
323.0,2017-03-19 22:30:00,0,0,0,30,9,39
323.0,2017-03-19 22:33:00,0,0,0,30,9,39
323.0,2017-03-19 22:36:00,0,0,0,30,9,39
323.0,2017-03-19 22:39:00,0,0,0,30,9,39
323.0,2017-03-19 22:42:00,0,0,0,30,9,39
323.0,2017-03-19 22:45:00,0,0,0,30,9,39
323.0,2017-03-19 22:48:00,0,0,0,30,9,39
323.0,2017-03-19 22:51:00,0,0,0,30,9,39
323.0,2017-03-19 22:54:00,0,0,0,30,9,39
323.0,2017-03-19 22:57:00,0,0,0,30,9,39
323.0,2017-03-19 23:00:00,0,0,0,30,9,39
323.0,2017-03-19 23:03:00,0,0,0,30,9,39
323.0,2017-03-19 23:06:00,0,0,0,30,9,39
323.0,2017-03-19 23:09:00,0,0,0,30,9,39
323.0,2017-03-19 23:12:00,0,0,0,30,9,39
323.0,2017-03-19 23:13:00,0,0,0,30,9,39
323.0,2017-03-19 23:16:00,0,0,0,30,9,39
323.0,2017-03-19 23:19:00,0,0,0,30,9,39
323.0,2017-03-19 23:22:00,0,0,0,30,9,39
323.0,2017-03-19 23:25:00,0,0,0,30,9,39
323.0,2017-03-19 23:28:00,0,0,0,30,9,39
323.0,2017-03-19 23:31:00,0,0,0,30,9,39
323.0,2017-03-19 23:34:00,0,0,0,30,9,39
323.0,2017-03-19 23:37:00,0,0,0,30,9,39
323.0,2017-03-19 23:40:00,0,0,0,30,9,39
323.0,2017-03-19 23:43:00,0,0,0,30,9,39
323.0,2017-03-19 23:46:00,0,0,0,30,9,39
323.0,2017-03-19 23:49:00,0,0,0,30,9,39
323.0,2017-03-19 23:52:00,0,0,0,30,9,39
323.0,2017-03-19 23:55:00,0,0,0,30,9,39
323.0,2017-03-19 23:58:00,0,0,0,30,9,39
323.0,2017-03-20 00:01:00,0,0,0,30,9,39
323.0,2017-03-20 00:04:00,0,0,0,30,9,39
323.0,2017-03-20 00:07:00,0,0,0,30,9,39
323.0,2017-03-20 00:10:00,0,0,0,30,9,39
323.0,2017-03-20 00:13:00,0,0,0,30,9,39
323.0,2017-03-20 00:16:00,0,0,0,30,9,39
323.0,2017-03-20 00:19:00,0,0,0,30,9,39
323.0,2017-03-20 00:22:00,0,0,0,0,39,39
323.0,2017-03-20 00:25:00,0,0,0,0,39,39
323.0,2017-03-20 00:28:00,0,0,0,0,39,39
323.0,2017-03-20 00:31:00,0,0,0,0,39,39
323.0,2017-03-20 00:34:00,0,0,0,0,39,39
323.0,2017-03-20 00:37:00,0,0,0,0,39,39
323.0,2017-03-20 00:40:00,0,0,0,0,39,39
323.0,2017-03-20 00:43:00,0,0,0,0,39,39
323.0,2017-03-20 00:46:00,0,0,0,0,39,39
323.0,2017-03-20 00:49:00,0,0,0,0,39,39
323.0,2017-03-20 00:52:00,0,0,0,0,39,39
323.0,2017-03-20 00:55:00,0,0,0,0,39,39
323.0,2017-03-20 00:56:00,0,0,0,0,39,39
323.0,2017-03-20 00:59:00,0,0,0,0,39,39
323.0,2017-03-20 01:02:00,0,0,0,0,39,39
323.0,2017-03-20 01:05:00,0,0,0,0,39,39
323.0,2017-03-20 01:08:00,0,0,0,0,39,39
323.0,2017-03-20 01:11:00,0,0,0,0,39,39
323.0,2017-03-20 01:14:00,0,0,0,0,39,39
323.0,2017-03-20 01:17:00,0,0,0,0,39,39
323.0,2017-03-20 01:20:00,0,0,0,0,39,39
323.0,2017-03-20 01:23:00,0,0,0,0,39,39
323.0,2017-03-20 01:26:00,0,0,0,0,39,39
323.0,2017-03-20 01:29:00,0,0,0,0,39,39
323.0,2017-03-20 01:32:00,0,0,0,0,39,39
323.0,2017-03-20 01:35:00,0,0,0,0,39,39
323.0,2017-03-20 01:38:00,0,0,0,0,39,39
323.0,2017-03-20 01:41:00,0,0,0,0,39,39
323.0,2017-03-20 01:44:00,0,0,0,0,39,39
323.0,2017-03-20 01:47:00,0,0,0,0,39,39
323.0,2017-03-20 01:50:00,0,0,0,0,39,39
323.0,2017-03-20 01:53:00,0,0,0,0,39,39
323.0,2017-03-20 01:56:00,0,0,0,0,39,39
323.0,2017-03-20 01:59:00,0,0,0,0,39,39
323.0,2017-03-20 02:02:00,0,0,0,0,39,39
323.0,2017-03-20 02:05:00,0,0,0,0,39,39
323.0,2017-03-20 02:08:00,0,0,0,0,39,39
323.0,2017-03-20 02:11:00,0,0,0,0,39,39
323.0,2017-03-20 02:14:00,0,0,0,0,39,39
323.0,2017-03-20 02:17:00,0,0,0,0,39,39
323.0,2017-03-20 02:20:00,0,0,0,0,39,39
323.0,2017-03-20 02:23:00,0,0,0,0,39,39
323.0,2017-03-20 02:26:00,0,0,0,0,39,39
323.0,2017-03-20 02:29:00,0,0,0,0,39,39
323.0,2017-03-20 02:32:00,0,0,0,0,39,39
323.0,2017-03-20 02:35:00,0,0,0,0,39,39
323.0,2017-03-20 02:38:00,0,0,0,0,39,39
323.0,2017-03-20 02:41:00,0,0,0,0,39,39
323.0,2017-03-20 02:44:00,0,0,0,0,39,39
323.0,2017-03-20 02:47:00,0,0,0,0,39,39
323.0,2017-03-20 02:50:00,0,0,0,0,39,39
323.0,2017-03-20 02:53:00,0,0,0,0,39,39
323.0,2017-03-20 02:56:00,0,0,0,0,39,39
323.0,2017-03-20 02:59:00,0,0,0,0,39,39
323.0,2017-03-20 03:02:00,0,0,0,0,39,39
323.0,2017-03-20 03:05:00,0,0,0,0,39,39
323.0,2017-03-20 03:08:00,0,0,0,0,39,39
323.0,2017-03-20 03:11:00,0,0,0,0,39,39
323.0,2017-03-20 03:14:00,0,0,0,0,39,39
323.0,2017-03-20 03:17:00,0,0,0,0,39,39
323.0,2017-03-20 03:20:00,0,0,0,0,39,39
323.0,2017-03-20 03:23:00,0,0,0,0,39,39
323.0,2017-03-20 03:26:00,0,0,0,0,39,39
323.0,2017-03-20 03:29:00,0,0,0,0,39,39
323.0,2017-03-20 03:32:00,0,0,0,0,39,39
323.0,2017-03-20 03:35:00,0,0,0,0,39,39
323.0,2017-03-20 03:38:00,0,0,0,0,39,39
323.0,2017-03-20 03:41:00,0,0,0,0,39,39
323.0,2017-03-20 03:44:00,0,0,0,0,39,39
323.0,2017-03-20 03:47:00,0,0,0,0,39,39
323.0,2017-03-20 03:50:00,0,0,0,0,39,39
323.0,2017-03-20 03:53:00,0,0,0,0,39,39
323.0,2017-03-20 03:56:00,0,0,0,0,39,39
323.0,2017-03-20 03:59:00,0,0,0,0,39,39
323.0,2017-03-20 04:02:00,0,0,0,0,39,39
323.0,2017-03-20 04:05:00,0,0,0,0,39,39
323.0,2017-03-20 04:08:00,0,0,0,0,39,39
323.0,2017-03-20 04:11:00,0,0,0,0,39,39
323.0,2017-03-20 04:14:00,0,0,0,0,39,39
323.0,2017-03-20 04:17:00,0,0,0,0,39,39
323.0,2017-03-20 04:20:00,0,0,0,0,39,39
323.0,2017-03-20 04:23:00,0,0,0,0,39,39
323.0,2017-03-20 04:26:00,0,0,0,0,39,39
323.0,2017-03-20 04:29:00,0,0,0,0,39,39
323.0,2017-03-20 04:32:00,0,0,0,0,39,39
323.0,2017-03-20 04:35:00,0,0,0,0,39,39
323.0,2017-03-20 04:38:00,0,0,0,0,39,39
323.0,2017-03-20 04:41:00,0,0,0,0,39,39
323.0,2017-03-20 04:44:00,0,0,0,0,39,39
323.0,2017-03-20 04:47:00,0,0,0,0,39,39
323.0,2017-03-20 04:50:00,0,0,0,0,39,39
323.0,2017-03-20 04:53:00,0,0,0,0,39,39
323.0,2017-03-20 04:56:00,0,0,0,0,39,39
323.0,2017-03-20 04:59:00,0,0,0,0,39,39
323.0,2017-03-20 05:02:00,0,0,0,0,39,39
323.0,2017-03-20 05:05:00,0,0,0,0,39,39
323.0,2017-03-20 05:08:00,0,0,0,0,39,39
323.0,2017-03-20 05:11:00,0,0,0,0,39,39
323.0,2017-03-20 05:14:00,0,0,0,0,39,39
323.0,2017-03-20 05:17:00,0,0,0,0,39,39
323.0,2017-03-20 05:20:00,0,0,0,0,39,39
323.0,2017-03-20 05:23:00,0,0,0,0,39,39
323.0,2017-03-20 05:26:00,0,0,0,0,39,39
323.0,2017-03-20 05:29:00,0,0,0,0,39,39
323.0,2017-03-20 05:32:00,0,0,0,0,39,39
323.0,2017-03-20 05:35:00,0,0,0,0,39,39
323.0,2017-03-20 05:38:00,0,0,0,0,39,39
323.0,2017-03-20 05:41:00,0,0,0,0,39,39
323.0,2017-03-20 05:44:00,0,0,0,0,39,39
323.0,2017-03-20 05:47:00,0,0,0,0,39,39
323.0,2017-03-20 05:50:00,0,0,0,0,39,39
323.0,2017-03-20 05:53:00,0,0,0,0,39,39
323.0,2017-03-20 05:56:00,0,0,0,0,39,39
323.0,2017-03-20 05:59:00,0,0,0,0,39,39
323.0,2017-03-20 06:02:00,0,0,0,0,39,39
323.0,2017-03-20 06:05:00,0,0,0,0,39,39
323.0,2017-03-20 06:08:00,0,0,0,0,39,39
323.0,2017-03-20 06:11:00,0,0,0,0,39,39
323.0,2017-03-20 06:14:00,0,0,0,0,39,39
323.0,2017-03-20 06:17:00,0,0,0,0,39,39
323.0,2017-03-20 06:20:00,0,0,0,0,39,39
323.0,2017-03-20 06:23:00,0,0,0,0,39,39
323.0,2017-03-20 06:26:00,0,1,1,1,38,39
323.0,2017-03-20 06:29:00,0,0,0,1,38,39
323.0,2017-03-20 06:32:00,0,1,1,2,37,39
323.0,2017-03-20 06:35:00,0,1,1,3,36,39
323.0,2017-03-20 06:38:00,0,0,0,3,36,39
323.0,2017-03-20 06:41:00,0,0,0,3,36,39
323.0,2017-03-20 06:44:00,0,1,1,4,35,39
323.0,2017-03-20 06:47:00,0,0,0,4,35,39
323.0,2017-03-20 06:50:00,0,0,0,4,35,39
323.0,2017-03-20 06:53:00,0,0,0,4,35,39
323.0,2017-03-20 06:56:00,0,0,0,4,35,39
323.0,2017-03-20 06:59:00,0,0,0,4,35,39
323.0,2017-03-20 07:02:00,0,0,0,4,35,39
323.0,2017-03-20 07:05:00,0,0,0,4,35,39
323.0,2017-03-20 07:08:00,0,0,0,4,35,39
323.0,2017-03-20 07:11:00,0,0,0,4,35,39
323.0,2017-03-20 07:14:00,0,0,0,4,35,39
323.0,2017-03-20 07:17:00,0,0,0,4,35,39
323.0,2017-03-20 07:20:00,0,0,0,4,35,39
323.0,2017-03-20 07:23:00,0,0,0,4,35,39
323.0,2017-03-20 07:26:00,0,0,0,4,35,39
323.0,2017-03-20 07:29:00,0,0,0,4,35,39
323.0,2017-03-20 07:32:00,0,0,0,4,35,39
323.0,2017-03-20 07:35:00,0,0,0,4,35,39
323.0,2017-03-20 07:38:00,0,0,0,4,35,39
323.0,2017-03-20 07:41:00,0,0,0,4,35,39
323.0,2017-03-20 07:44:00,0,0,0,4,35,39
323.0,2017-03-20 07:47:00,0,0,0,4,35,39
323.0,2017-03-20 07:50:00,0,1,1,5,34,39
323.0,2017-03-20 07:53:00,0,1,1,6,33,39
323.0,2017-03-20 07:56:00,0,0,0,6,33,39
323.0,2017-03-20 07:59:00,0,0,0,6,33,39
323.0,2017-03-20 08:02:00,0,0,0,6,33,39
323.0,2017-03-20 08:05:00,0,0,0,6,33,39
323.0,2017-03-20 08:08:00,0,0,0,6,33,39
323.0,2017-03-20 08:11:00,1,1,0,6,33,39
323.0,2017-03-20 08:14:00,0,0,0,6,33,39
323.0,2017-03-20 08:17:00,0,0,0,6,33,39
323.0,2017-03-20 08:20:00,0,0,0,6,33,39
323.0,2017-03-20 08:23:00,0,0,0,6,33,39
323.0,2017-03-20 08:26:00,1,1,0,6,33,39
323.0,2017-03-20 08:29:00,0,0,0,6,33,39
323.0,2017-03-20 08:32:00,0,0,0,6,33,39
323.0,2017-03-20 08:35:00,0,0,0,6,33,39
323.0,2017-03-20 08:38:00,0,1,1,7,32,39
323.0,2017-03-20 08:41:00,0,0,0,7,32,39
323.0,2017-03-20 08:44:00,0,0,0,7,32,39
323.0,2017-03-20 08:47:00,1,0,-1,6,33,39
323.0,2017-03-20 08:50:00,0,1,1,7,32,39
323.0,2017-03-20 08:53:00,0,0,0,7,32,39
323.0,2017-03-20 08:56:00,0,0,0,7,32,39
323.0,2017-03-20 08:59:00,0,0,0,7,32,39
323.0,2017-03-20 09:02:00,0,0,0,7,32,39
323.0,2017-03-20 09:05:00,0,0,0,7,32,39
323.0,2017-03-20 09:08:00,0,0,0,7,32,39
323.0,2017-03-20 09:11:00,0,0,0,7,32,39
323.0,2017-03-20 09:14:00,0,0,0,7,32,39
323.0,2017-03-20 09:17:00,0,0,0,7,32,39
323.0,2017-03-20 09:20:00,0,0,0,7,32,39
323.0,2017-03-20 09:23:00,0,0,0,7,32,39
323.0,2017-03-20 09:26:00,0,0,0,7,32,39
323.0,2017-03-20 09:29:00,0,0,0,7,32,39
323.0,2017-03-20 09:32:00,0,0,0,7,32,39
323.0,2017-03-20 09:35:00,0,0,0,7,32,39
323.0,2017-03-20 09:38:00,0,0,0,7,32,39
323.0,2017-03-20 09:41:00,0,0,0,7,32,39
323.0,2017-03-20 09:44:00,0,0,0,7,32,39
323.0,2017-03-20 09:47:00,0,0,0,7,32,39
323.0,2017-03-20 09:50:00,0,0,0,7,32,39
323.0,2017-03-20 09:53:00,0,0,0,7,32,39
323.0,2017-03-20 09:56:00,0,0,0,7,32,39
323.0,2017-03-20 09:59:00,0,0,0,7,32,39
323.0,2017-03-20 10:02:00,0,0,0,7,32,39
323.0,2017-03-20 10:05:00,0,0,0,7,32,39
323.0,2017-03-20 10:08:00,0,0,0,7,32,39
323.0,2017-03-20 10:11:00,0,0,0,7,32,39
323.0,2017-03-20 10:14:00,0,0,0,7,32,39
323.0,2017-03-20 10:17:00,0,0,0,7,32,39
323.0,2017-03-20 10:20:00,0,0,0,7,32,39
323.0,2017-03-20 10:23:00,0,0,0,7,32,39
323.0,2017-03-20 10:26:00,0,0,0,7,32,39
323.0,2017-03-20 10:29:00,0,0,0,7,32,39
323.0,2017-03-20 10:32:00,0,0,0,7,32,39
323.0,2017-03-20 10:35:00,0,0,0,7,32,39
323.0,2017-03-20 10:38:00,0,0,0,7,32,39
323.0,2017-03-20 10:41:00,0,0,0,7,32,39
323.0,2017-03-20 10:44:00,0,0,0,7,32,39
323.0,2017-03-20 10:47:00,0,0,0,7,32,39
323.0,2017-03-20 10:50:00,0,0,0,7,32,39
323.0,2017-03-20 10:53:00,0,0,0,7,32,39
323.0,2017-03-20 10:56:00,0,0,0,7,32,39
323.0,2017-03-20 10:59:00,0,0,0,7,32,39
323.0,2017-03-20 11:02:00,0,0,0,7,32,39
323.0,2017-03-20 11:05:00,0,0,0,7,32,39
323.0,2017-03-20 11:08:00,0,0,0,7,32,39
323.0,2017-03-20 11:11:00,0,0,0,7,32,39
323.0,2017-03-20 11:14:00,0,0,0,7,32,39
323.0,2017-03-20 11:17:00,0,0,0,7,32,39
323.0,2017-03-20 11:20:00,0,0,0,7,32,39
323.0,2017-03-20 11:23:00,0,0,0,7,32,39
323.0,2017-03-20 11:26:00,0,0,0,7,32,39
323.0,2017-03-20 11:29:00,0,0,0,7,32,39
323.0,2017-03-20 11:32:00,0,0,0,7,32,39
323.0,2017-03-20 11:35:00,0,0,0,7,32,39
323.0,2017-03-20 11:38:00,0,0,0,7,32,39
323.0,2017-03-20 11:41:00,1,0,-1,6,33,39
323.0,2017-03-20 11:44:00,0,0,0,6,33,39
323.0,2017-03-20 11:47:00,0,0,0,6,33,39
323.0,2017-03-20 11:50:00,1,0,-1,5,34,39
323.0,2017-03-20 11:53:00,0,0,0,5,34,39
323.0,2017-03-20 11:56:00,0,0,0,5,34,39
323.0,2017-03-20 11:59:00,0,0,0,5,34,39
323.0,2017-03-20 12:02:00,0,0,0,5,34,39
323.0,2017-03-20 12:05:00,0,0,0,5,34,39
323.0,2017-03-20 12:08:00,0,0,0,5,34,39
323.0,2017-03-20 12:11:00,0,0,0,5,34,39
323.0,2017-03-20 12:14:00,0,0,0,5,34,39
323.0,2017-03-20 12:17:00,0,0,0,5,34,39
323.0,2017-03-20 12:20:00,0,0,0,5,34,39
323.0,2017-03-20 12:23:00,0,0,0,5,34,39
323.0,2017-03-20 12:26:00,0,0,0,5,34,39
323.0,2017-03-20 12:29:00,0,0,0,5,34,39
323.0,2017-03-20 12:32:00,0,0,0,5,34,39
323.0,2017-03-20 12:35:00,0,0,0,5,34,39
323.0,2017-03-20 12:38:00,0,0,0,5,34,39
323.0,2017-03-20 12:41:00,0,0,0,5,34,39
323.0,2017-03-20 12:44:00,0,0,0,5,34,39
323.0,2017-03-20 12:47:00,0,0,0,5,34,39
323.0,2017-03-20 12:50:00,0,0,0,5,34,39
323.0,2017-03-20 12:53:00,0,0,0,5,34,39
323.0,2017-03-20 12:56:00,0,0,0,5,34,39
323.0,2017-03-20 12:59:00,0,0,0,5,34,39
323.0,2017-03-20 13:02:00,0,1,1,6,33,39
323.0,2017-03-20 13:05:00,0,0,0,6,33,39
323.0,2017-03-20 13:08:00,0,0,0,6,33,39
323.0,2017-03-20 13:11:00,0,0,0,6,33,39
323.0,2017-03-20 13:14:00,0,0,0,6,33,39
323.0,2017-03-20 13:17:00,0,0,0,6,33,39
323.0,2017-03-20 13:20:00,0,0,0,6,33,39
323.0,2017-03-20 13:23:00,0,0,0,6,33,39
323.0,2017-03-20 13:25:00,0,0,0,35,4,39
323.0,2017-03-20 13:28:00,0,0,0,35,4,39
323.0,2017-03-20 13:31:00,0,0,0,35,4,39
323.0,2017-03-20 13:34:00,0,0,0,35,4,39
323.0,2017-03-20 13:37:00,0,0,0,35,4,39
323.0,2017-03-20 13:40:00,1,0,-1,34,5,39
323.0,2017-03-20 13:43:00,0,1,1,35,4,39
323.0,2017-03-20 13:46:00,0,0,0,35,4,39
323.0,2017-03-20 13:49:00,0,0,0,35,4,39
323.0,2017-03-20 13:52:00,0,0,0,35,4,39
323.0,2017-03-20 13:55:00,0,1,1,36,3,39
323.0,2017-03-20 13:58:00,0,0,0,36,3,39
323.0,2017-03-20 14:00:00,0,0,0,36,3,39
323.0,2017-03-20 14:03:00,0,0,0,36,3,39
323.0,2017-03-20 14:06:00,0,0,0,36,3,39
323.0,2017-03-20 14:09:00,0,0,0,36,3,39
323.0,2017-03-20 14:12:00,0,0,0,36,3,39
323.0,2017-03-20 14:15:00,1,0,-1,35,4,39
323.0,2017-03-20 14:18:00,0,0,0,35,4,39
323.0,2017-03-20 14:21:00,1,0,-1,34,5,39
323.0,2017-03-20 14:24:00,0,0,0,34,5,39
323.0,2017-03-20 14:27:00,0,0,0,34,5,39
323.0,2017-03-20 14:30:00,0,0,0,34,5,39
323.0,2017-03-20 14:33:00,0,0,0,34,5,39
323.0,2017-03-20 14:36:00,0,0,0,34,5,39
323.0,2017-03-20 14:39:00,0,0,0,34,5,39
323.0,2017-03-20 14:42:00,0,1,1,35,4,39
323.0,2017-03-20 14:45:00,0,1,1,36,3,39
323.0,2017-03-20 14:48:00,0,0,0,36,3,39
323.0,2017-03-20 14:51:00,0,0,0,36,3,39
323.0,2017-03-20 14:54:00,0,0,0,36,3,39
323.0,2017-03-20 14:57:00,0,0,0,36,3,39
323.0,2017-03-20 15:00:00,0,0,0,36,3,39
323.0,2017-03-20 15:03:00,0,0,0,36,3,39
323.0,2017-03-20 15:06:00,0,0,0,36,3,39
323.0,2017-03-20 15:09:00,0,0,0,36,3,39
323.0,2017-03-20 15:12:00,0,0,0,36,3,39
323.0,2017-03-20 15:15:00,0,0,0,36,3,39
323.0,2017-03-20 15:17:00,0,0,0,37,2,39
323.0,2017-03-20 15:20:00,0,0,0,37,2,39
323.0,2017-03-20 15:23:00,0,0,0,37,2,39
323.0,2017-03-20 15:26:00,1,0,-1,36,3,39
323.0,2017-03-20 15:29:00,0,0,0,36,3,39
323.0,2017-03-20 15:32:00,0,0,0,36,3,39
323.0,2017-03-20 15:35:00,0,0,0,36,3,39
323.0,2017-03-20 15:38:00,1,0,-1,35,4,39
323.0,2017-03-20 15:41:00,0,0,0,35,4,39
323.0,2017-03-20 15:44:00,0,1,1,36,3,39
323.0,2017-03-20 15:47:00,0,0,0,36,3,39
323.0,2017-03-20 15:50:00,0,0,0,36,3,39
323.0,2017-03-20 15:53:00,1,0,-1,35,4,39
323.0,2017-03-20 15:56:00,1,0,-1,34,5,39
323.0,2017-03-20 15:57:00,0,0,0,34,5,39
323.0,2017-03-20 16:00:00,0,0,0,34,5,39
323.0,2017-03-20 16:03:00,0,0,0,34,5,39
323.0,2017-03-20 16:06:00,0,0,0,34,5,39
323.0,2017-03-20 16:09:00,0,0,0,34,5,39
323.0,2017-03-20 16:12:00,0,0,0,34,5,39
323.0,2017-03-20 16:15:00,0,0,0,34,5,39
323.0,2017-03-20 16:18:00,0,0,0,34,5,39
323.0,2017-03-20 16:21:00,0,0,0,34,5,39
323.0,2017-03-20 16:24:00,1,1,0,34,5,39
323.0,2017-03-20 16:27:00,1,0,-1,33,6,39
323.0,2017-03-20 16:30:00,0,1,1,34,5,39
323.0,2017-03-20 16:33:00,0,0,0,34,5,39
323.0,2017-03-20 16:36:00,0,0,0,34,5,39
323.0,2017-03-20 16:39:00,0,0,0,34,5,39
323.0,2017-03-20 16:42:00,0,0,0,34,5,39
323.0,2017-03-20 16:45:00,0,0,0,34,5,39
323.0,2017-03-20 16:48:00,0,0,0,34,5,39
323.0,2017-03-20 16:51:00,0,0,0,34,5,39
323.0,2017-03-20 16:54:00,0,0,0,34,5,39
323.0,2017-03-20 16:57:00,0,0,0,34,5,39
323.0,2017-03-20 17:00:00,0,0,0,34,5,39
323.0,2017-03-20 17:03:00,1,0,-1,33,6,39
323.0,2017-03-20 17:06:00,1,0,-1,32,7,39
323.0,2017-03-20 17:09:00,1,0,-1,31,8,39
323.0,2017-03-20 17:12:00,1,0,-1,30,9,39
323.0,2017-03-20 17:15:00,0,0,0,30,9,39
323.0,2017-03-20 17:16:00,0,1,1,31,8,39
323.0,2017-03-20 17:19:00,0,0,0,31,8,39
323.0,2017-03-20 17:22:00,0,0,0,31,8,39
323.0,2017-03-20 17:25:00,1,0,-1,30,9,39
323.0,2017-03-20 17:28:00,0,0,0,30,9,39
323.0,2017-03-20 17:31:00,0,0,0,30,9,39
323.0,2017-03-20 17:34:00,0,0,0,30,9,39
323.0,2017-03-20 17:37:00,1,0,-1,29,10,39
323.0,2017-03-20 17:40:00,2,0,-2,27,12,39
323.0,2017-03-20 17:43:00,0,0,0,27,12,39
323.0,2017-03-20 17:46:00,2,0,-2,25,14,39
323.0,2017-03-20 17:49:00,0,1,1,26,13,39
323.0,2017-03-20 17:52:00,0,0,0,26,13,39
323.0,2017-03-20 17:55:00,1,1,0,26,13,39
323.0,2017-03-20 17:56:00,1,1,0,26,13,39
323.0,2017-03-20 17:59:00,0,1,1,27,12,39
323.0,2017-03-20 18:02:00,1,0,-1,26,13,39
323.0,2017-03-20 18:05:00,0,0,0,26,13,39
323.0,2017-03-20 18:08:00,0,0,0,26,13,39
323.0,2017-03-20 18:11:00,0,0,0,26,13,39
323.0,2017-03-20 18:14:00,1,0,-1,25,14,39
323.0,2017-03-20 18:17:00,0,1,1,26,13,39
323.0,2017-03-20 18:20:00,1,0,-1,25,14,39
323.0,2017-03-20 18:23:00,0,0,0,25,14,39
323.0,2017-03-20 18:26:00,0,1,1,26,13,39
323.0,2017-03-20 18:29:00,2,1,-1,25,14,39
323.0,2017-03-20 18:32:00,0,2,2,27,12,39
323.0,2017-03-20 18:34:00,0,1,1,27,12,39
323.0,2017-03-20 18:37:00,1,0,-1,26,13,39
323.0,2017-03-20 18:40:00,0,2,2,28,11,39
323.0,2017-03-20 18:43:00,1,0,-1,27,12,39
323.0,2017-03-20 18:46:00,1,0,-1,26,13,39
323.0,2017-03-20 18:49:00,1,0,-1,25,14,39
323.0,2017-03-20 18:52:00,0,1,1,26,13,39
323.0,2017-03-20 18:55:00,0,0,0,26,13,39
323.0,2017-03-20 18:58:00,0,0,0,26,13,39
323.0,2017-03-20 19:01:00,0,0,0,26,13,39
323.0,2017-03-20 19:04:00,1,0,-1,25,14,39
323.0,2017-03-20 19:07:00,0,0,0,25,14,39
323.0,2017-03-20 19:10:00,0,0,0,25,14,39
323.0,2017-03-20 19:12:00,0,0,0,23,16,39
323.0,2017-03-20 19:15:00,0,0,0,23,16,39
323.0,2017-03-20 19:18:00,0,0,0,23,16,39
323.0,2017-03-20 19:21:00,0,0,0,23,16,39
323.0,2017-03-20 19:24:00,0,0,0,23,16,39
323.0,2017-03-20 19:27:00,1,0,-1,22,17,39
323.0,2017-03-20 19:30:00,1,0,-1,21,18,39
323.0,2017-03-20 19:33:00,1,0,-1,20,19,39
323.0,2017-03-20 19:36:00,0,0,0,20,19,39
323.0,2017-03-20 19:39:00,0,0,0,20,19,39
323.0,2017-03-20 19:42:00,0,0,0,20,19,39
323.0,2017-03-20 19:45:00,0,0,0,20,19,39
323.0,2017-03-20 19:48:00,0,0,0,20,19,39
323.0,2017-03-20 19:50:00,0,0,0,20,19,39
323.0,2017-03-20 19:53:00,2,0,-2,18,21,39
323.0,2017-03-20 19:56:00,0,1,1,19,20,39
323.0,2017-03-20 19:59:00,0,0,0,19,20,39
323.0,2017-03-20 20:02:00,0,0,0,19,20,39
323.0,2017-03-20 20:05:00,0,1,1,20,19,39
323.0,2017-03-20 20:08:00,0,0,0,20,19,39
323.0,2017-03-20 20:11:00,0,0,0,20,19,39
323.0,2017-03-20 20:14:00,0,0,0,20,19,39
323.0,2017-03-20 20:17:00,0,0,0,20,19,39
323.0,2017-03-20 20:20:00,0,0,0,20,19,39
323.0,2017-03-20 20:23:00,0,0,0,20,19,39
323.0,2017-03-20 20:25:00,0,0,0,20,19,39
323.0,2017-03-20 20:28:00,0,0,0,20,19,39
323.0,2017-03-20 20:31:00,1,0,-1,19,20,39
323.0,2017-03-20 20:34:00,0,0,0,19,20,39
323.0,2017-03-20 20:37:00,2,0,-2,17,22,39
323.0,2017-03-20 20:40:00,0,0,0,17,22,39
323.0,2017-03-20 20:43:00,0,0,0,17,22,39
323.0,2017-03-20 20:46:00,0,2,2,19,20,39
323.0,2017-03-20 20:49:00,0,0,0,19,20,39
323.0,2017-03-20 20:52:00,2,0,-2,17,22,39
323.0,2017-03-20 20:55:00,0,0,0,17,22,39
323.0,2017-03-20 20:58:00,0,0,0,17,22,39
323.0,2017-03-20 21:01:00,0,0,0,17,22,39
323.0,2017-03-20 21:02:00,0,0,0,17,22,39
323.0,2017-03-20 21:05:00,0,0,0,17,22,39
323.0,2017-03-20 21:08:00,0,0,0,17,22,39
323.0,2017-03-20 21:11:00,0,0,0,17,22,39
323.0,2017-03-20 21:14:00,0,0,0,17,22,39
323.0,2017-03-20 21:17:00,0,0,0,17,22,39
323.0,2017-03-20 21:20:00,0,0,0,17,22,39
323.0,2017-03-20 21:23:00,1,0,-1,16,23,39
323.0,2017-03-20 21:26:00,0,1,1,17,22,39
323.0,2017-03-20 21:29:00,0,0,0,17,22,39
323.0,2017-03-20 21:32:00,0,1,1,18,21,39
323.0,2017-03-20 21:35:00,0,0,0,18,21,39
323.0,2017-03-20 21:38:00,0,0,0,18,21,39
323.0,2017-03-20 21:41:00,0,0,0,18,21,39
323.0,2017-03-20 21:44:00,0,0,0,18,21,39
323.0,2017-03-20 21:47:00,1,0,-1,17,22,39
323.0,2017-03-20 21:50:00,0,0,0,17,22,39
323.0,2017-03-20 21:53:00,0,0,0,17,22,39
323.0,2017-03-20 21:56:00,0,0,0,17,22,39
323.0,2017-03-20 21:59:00,0,0,0,17,22,39
323.0,2017-03-20 22:02:00,0,0,0,17,22,39
323.0,2017-03-20 22:05:00,0,0,0,17,22,39
323.0,2017-03-20 22:08:00,0,1,1,18,21,39
323.0,2017-03-20 22:11:00,0,0,0,18,21,39
323.0,2017-03-20 22:13:00,0,0,0,18,21,39
323.0,2017-03-20 22:16:00,0,0,0,18,21,39
323.0,2017-03-20 22:19:00,0,0,0,18,21,39
323.0,2017-03-20 22:22:00,0,0,0,18,21,39
323.0,2017-03-20 22:25:00,0,0,0,18,21,39
323.0,2017-03-20 22:28:00,0,0,0,18,21,39
323.0,2017-03-20 22:31:00,0,0,0,18,21,39
323.0,2017-03-20 22:34:00,0,0,0,18,21,39
323.0,2017-03-20 22:37:00,0,0,0,18,21,39
323.0,2017-03-20 22:40:00,0,0,0,18,21,39
323.0,2017-03-20 22:43:00,0,0,0,18,21,39
323.0,2017-03-20 22:46:00,0,0,0,18,21,39
323.0,2017-03-20 22:49:00,0,0,0,18,21,39
323.0,2017-03-20 22:52:00,0,1,1,19,20,39
323.0,2017-03-20 22:55:00,0,1,1,20,19,39
323.0,2017-03-20 22:58:00,0,0,0,20,19,39
323.0,2017-03-20 23:01:00,0,0,0,20,19,39
323.0,2017-03-20 23:04:00,0,0,0,20,19,39
323.0,2017-03-20 23:07:00,0,0,0,20,19,39
323.0,2017-03-20 23:10:00,0,0,0,20,19,39
323.0,2017-03-20 23:13:00,0,0,0,20,19,39
323.0,2017-03-20 23:16:00,0,0,0,20,19,39
323.0,2017-03-20 23:19:00,0,1,1,21,18,39
323.0,2017-03-20 23:22:00,0,0,0,21,18,39
323.0,2017-03-20 23:24:00,0,0,0,21,18,39
323.0,2017-03-20 23:27:00,0,0,0,21,18,39
323.0,2017-03-20 23:30:00,0,0,0,21,18,39
323.0,2017-03-20 23:33:00,0,0,0,21,18,39
323.0,2017-03-20 23:36:00,0,0,0,21,18,39
323.0,2017-03-20 23:39:00,0,0,0,21,18,39
323.0,2017-03-20 23:42:00,0,0,0,21,18,39
323.0,2017-03-20 23:45:00,0,0,0,21,18,39
323.0,2017-03-20 23:48:00,0,0,0,21,18,39
323.0,2017-03-20 23:51:00,0,0,0,21,18,39
323.0,2017-03-20 23:54:00,0,0,0,21,18,39
323.0,2017-03-20 23:57:00,0,0,0,21,18,39
323.0,2017-03-21 00:00:00,0,0,0,21,18,39
323.0,2017-03-21 00:03:00,0,0,0,21,18,39
323.0,2017-03-21 00:06:00,0,0,0,21,18,39
323.0,2017-03-21 00:09:00,0,0,0,21,18,39
323.0,2017-03-21 00:12:00,0,0,0,21,18,39
323.0,2017-03-21 00:15:00,0,0,0,21,18,39
323.0,2017-03-21 00:18:00,0,0,0,21,18,39
323.0,2017-03-21 00:21:00,0,0,0,21,18,39
323.0,2017-03-21 00:24:00,0,0,0,21,18,39
323.0,2017-03-21 00:27:00,0,0,0,21,18,39
323.0,2017-03-21 00:30:00,0,0,0,21,18,39
323.0,2017-03-21 00:33:00,0,0,0,21,18,39
323.0,2017-03-21 00:36:00,0,0,0,21,18,39
323.0,2017-03-21 00:39:00,0,0,0,21,18,39
323.0,2017-03-21 00:42:00,0,0,0,21,18,39
323.0,2017-03-21 00:45:00,0,0,0,21,18,39
323.0,2017-03-21 00:48:00,0,0,0,21,18,39
323.0,2017-03-21 00:51:00,0,0,0,21,18,39
323.0,2017-03-21 00:54:00,0,0,0,21,18,39
323.0,2017-03-21 00:57:00,0,0,0,21,18,39
323.0,2017-03-21 01:00:00,0,0,0,21,18,39
323.0,2017-03-21 01:03:00,0,0,0,21,18,39
323.0,2017-03-21 01:06:00,0,0,0,21,18,39
323.0,2017-03-21 01:09:00,0,0,0,21,18,39
323.0,2017-03-21 01:12:00,0,0,0,21,18,39
323.0,2017-03-21 01:15:00,0,0,0,21,18,39
323.0,2017-03-21 01:18:00,0,0,0,21,18,39
323.0,2017-03-21 01:21:00,0,0,0,21,18,39
323.0,2017-03-21 01:24:00,0,0,0,21,18,39
323.0,2017-03-21 01:27:00,0,0,0,21,18,39
323.0,2017-03-21 01:30:00,0,0,0,21,18,39
323.0,2017-03-21 01:33:00,0,0,0,21,18,39
323.0,2017-03-21 01:36:00,0,0,0,21,18,39
323.0,2017-03-21 01:39:00,0,0,0,21,18,39
323.0,2017-03-21 01:42:00,0,0,0,21,18,39
323.0,2017-03-21 01:45:00,0,0,0,21,18,39
323.0,2017-03-21 01:48:00,0,0,0,21,18,39
323.0,2017-03-21 01:51:00,0,0,0,21,18,39
323.0,2017-03-21 01:54:00,0,0,0,21,18,39
323.0,2017-03-21 01:57:00,0,0,0,21,18,39
323.0,2017-03-21 01:59:00,0,0,0,21,18,39
323.0,2017-03-21 02:02:00,0,0,0,21,18,39
323.0,2017-03-21 02:05:00,0,0,0,21,18,39
323.0,2017-03-21 02:08:00,0,0,0,21,18,39
323.0,2017-03-21 02:11:00,0,0,0,21,18,39
323.0,2017-03-21 02:14:00,0,0,0,21,18,39
323.0,2017-03-21 02:17:00,0,0,0,21,18,39
323.0,2017-03-21 02:20:00,0,0,0,21,18,39
323.0,2017-03-21 02:23:00,0,0,0,21,18,39
323.0,2017-03-21 02:26:00,0,0,0,21,18,39
323.0,2017-03-21 02:29:00,0,0,0,21,18,39
323.0,2017-03-21 02:32:00,0,0,0,21,18,39
323.0,2017-03-21 02:35:00,0,0,0,21,18,39
323.0,2017-03-21 02:38:00,0,0,0,21,18,39
323.0,2017-03-21 02:41:00,0,0,0,21,18,39
323.0,2017-03-21 02:44:00,0,0,0,21,18,39
323.0,2017-03-21 02:47:00,0,0,0,21,18,39
323.0,2017-03-21 02:50:00,0,0,0,21,18,39
323.0,2017-03-21 02:53:00,0,0,0,21,18,39
323.0,2017-03-21 02:56:00,0,0,0,21,18,39
323.0,2017-03-21 02:59:00,0,0,0,21,18,39
323.0,2017-03-21 03:02:00,0,0,0,21,18,39
323.0,2017-03-21 03:05:00,0,0,0,21,18,39
323.0,2017-03-21 03:06:00,0,0,0,21,18,39
323.0,2017-03-21 03:09:00,0,0,0,21,18,39
323.0,2017-03-21 03:12:00,0,0,0,21,18,39
323.0,2017-03-21 03:15:00,0,0,0,21,18,39
323.0,2017-03-21 03:18:00,0,0,0,21,18,39
323.0,2017-03-21 03:21:00,0,0,0,21,18,39
323.0,2017-03-21 03:24:00,0,0,0,21,18,39
323.0,2017-03-21 03:27:00,0,0,0,21,18,39
323.0,2017-03-21 03:30:00,0,0,0,21,18,39
323.0,2017-03-21 03:33:00,0,0,0,21,18,39
323.0,2017-03-21 03:36:00,0,0,0,21,18,39
323.0,2017-03-21 03:39:00,0,0,0,21,18,39
323.0,2017-03-21 03:42:00,0,0,0,21,18,39
323.0,2017-03-21 03:45:00,0,0,0,21,18,39
323.0,2017-03-21 03:48:00,0,0,0,21,18,39
323.0,2017-03-21 03:49:00,0,0,0,21,18,39
323.0,2017-03-21 03:52:00,0,0,0,21,18,39
323.0,2017-03-21 03:55:00,0,0,0,21,18,39
323.0,2017-03-21 03:58:00,0,0,0,21,18,39
323.0,2017-03-21 04:01:00,0,0,0,21,18,39
323.0,2017-03-21 04:04:00,0,0,0,21,18,39
323.0,2017-03-21 04:07:00,0,0,0,21,18,39
323.0,2017-03-21 04:10:00,0,0,0,21,18,39
323.0,2017-03-21 04:13:00,0,0,0,21,18,39
323.0,2017-03-21 04:16:00,0,0,0,21,18,39
323.0,2017-03-21 04:19:00,0,0,0,21,18,39
323.0,2017-03-21 04:22:00,0,0,0,21,18,39
323.0,2017-03-21 04:25:00,0,0,0,21,18,39
323.0,2017-03-21 04:28:00,0,0,0,21,18,39
323.0,2017-03-21 04:31:00,0,0,0,21,18,39
323.0,2017-03-21 04:34:00,0,0,0,21,18,39
323.0,2017-03-21 04:37:00,0,0,0,21,18,39
323.0,2017-03-21 04:40:00,0,0,0,21,18,39
323.0,2017-03-21 04:43:00,0,0,0,21,18,39
323.0,2017-03-21 04:46:00,0,0,0,21,18,39
323.0,2017-03-21 04:49:00,0,0,0,21,18,39
323.0,2017-03-21 04:52:00,0,0,0,21,18,39
323.0,2017-03-21 04:55:00,0,0,0,21,18,39
323.0,2017-03-21 04:58:00,0,0,0,21,18,39
323.0,2017-03-21 05:01:00,0,0,0,21,18,39
323.0,2017-03-21 05:04:00,0,0,0,21,18,39
323.0,2017-03-21 05:07:00,0,0,0,21,18,39
323.0,2017-03-21 05:10:00,0,0,0,21,18,39
323.0,2017-03-21 05:13:00,0,0,0,21,18,39
323.0,2017-03-21 05:16:00,0,0,0,21,18,39
323.0,2017-03-21 05:19:00,0,0,0,21,18,39
323.0,2017-03-21 05:22:00,0,0,0,21,18,39
323.0,2017-03-21 05:25:00,0,0,0,21,18,39
323.0,2017-03-21 05:28:00,0,0,0,21,18,39
323.0,2017-03-21 05:31:00,0,0,0,21,18,39
323.0,2017-03-21 05:34:00,0,0,0,21,18,39
323.0,2017-03-21 05:37:00,0,0,0,21,18,39
323.0,2017-03-21 05:40:00,0,0,0,21,18,39
323.0,2017-03-21 05:43:00,0,0,0,21,18,39
323.0,2017-03-21 05:46:00,0,0,0,21,18,39
323.0,2017-03-21 05:49:00,0,0,0,21,18,39
323.0,2017-03-21 05:52:00,0,0,0,21,18,39
323.0,2017-03-21 05:55:00,2,0,-2,19,20,39
323.0,2017-03-21 05:58:00,0,0,0,19,20,39
323.0,2017-03-21 06:01:00,0,0,0,19,20,39
323.0,2017-03-21 06:04:00,0,0,0,19,20,39
323.0,2017-03-21 06:07:00,0,0,0,19,20,39
323.0,2017-03-21 06:10:00,0,0,0,19,20,39
323.0,2017-03-21 06:13:00,0,0,0,19,20,39
323.0,2017-03-21 06:15:00,0,1,1,20,19,39
323.0,2017-03-21 06:18:00,0,0,0,20,19,39
323.0,2017-03-21 06:21:00,0,0,0,20,19,39
323.0,2017-03-21 06:24:00,0,0,0,20,19,39
323.0,2017-03-21 06:27:00,0,1,1,21,18,39
323.0,2017-03-21 06:30:00,0,0,0,21,18,39
323.0,2017-03-21 06:33:00,0,0,0,21,18,39
323.0,2017-03-21 06:36:00,0,0,0,21,18,39
323.0,2017-03-21 06:39:00,0,0,0,21,18,39
323.0,2017-03-21 06:42:00,0,0,0,21,18,39
323.0,2017-03-21 06:45:00,0,0,0,21,18,39
323.0,2017-03-21 06:48:00,0,0,0,21,18,39
323.0,2017-03-21 06:51:00,0,1,1,22,17,39
323.0,2017-03-21 06:53:00,0,0,0,22,17,39
323.0,2017-03-21 06:56:00,0,0,0,22,17,39
323.0,2017-03-21 06:59:00,0,0,0,22,17,39
323.0,2017-03-21 07:02:00,0,0,0,22,17,39
323.0,2017-03-21 07:05:00,0,0,0,22,17,39
323.0,2017-03-21 07:08:00,0,0,0,22,17,39
323.0,2017-03-21 07:11:00,0,0,0,22,17,39
323.0,2017-03-21 07:14:00,0,0,0,22,17,39
323.0,2017-03-21 07:17:00,0,0,0,22,17,39
323.0,2017-03-21 07:20:00,0,0,0,22,17,39
323.0,2017-03-21 07:23:00,0,0,0,22,17,39
323.0,2017-03-21 07:26:00,0,2,2,24,15,39
323.0,2017-03-21 07:29:00,0,0,0,24,15,39
323.0,2017-03-21 07:30:00,0,0,0,24,15,39
323.0,2017-03-21 07:33:00,0,0,0,24,15,39
323.0,2017-03-21 07:36:00,0,1,1,25,14,39
323.0,2017-03-21 07:39:00,0,1,1,26,13,39
323.0,2017-03-21 07:42:00,0,0,0,26,13,39
323.0,2017-03-21 07:45:00,0,0,0,26,13,39
323.0,2017-03-21 07:48:00,0,0,0,26,13,39
323.0,2017-03-21 07:51:00,0,1,1,27,12,39
323.0,2017-03-21 07:54:00,0,0,0,27,12,39
323.0,2017-03-21 07:57:00,0,0,0,27,12,39
323.0,2017-03-21 08:00:00,0,0,0,27,12,39
323.0,2017-03-21 08:03:00,0,0,0,27,12,39
323.0,2017-03-21 08:06:00,1,0,-1,26,13,39
323.0,2017-03-21 08:08:00,0,0,0,26,13,39
323.0,2017-03-21 08:11:00,0,0,0,26,13,39
323.0,2017-03-21 08:14:00,0,0,0,26,13,39
323.0,2017-03-21 08:17:00,0,0,0,26,13,39
323.0,2017-03-21 08:20:00,0,0,0,26,13,39
323.0,2017-03-21 08:23:00,0,0,0,26,13,39
323.0,2017-03-21 08:26:00,0,0,0,26,13,39
323.0,2017-03-21 08:29:00,0,0,0,26,13,39
323.0,2017-03-21 08:32:00,0,1,1,27,12,39
323.0,2017-03-21 08:35:00,0,0,0,27,12,39
323.0,2017-03-21 08:38:00,0,0,0,27,12,39
323.0,2017-03-21 08:41:00,0,1,1,28,11,39
323.0,2017-03-21 08:44:00,0,2,2,30,9,39
323.0,2017-03-21 08:47:00,0,0,0,30,9,39
323.0,2017-03-21 08:50:00,0,0,0,30,9,39
323.0,2017-03-21 08:53:00,1,1,0,30,9,39
323.0,2017-03-21 08:56:00,0,1,1,31,8,39
323.0,2017-03-21 08:59:00,0,0,0,31,8,39
323.0,2017-03-21 09:02:00,2,3,1,32,7,39
323.0,2017-03-21 09:05:00,0,1,1,33,6,39
323.0,2017-03-21 09:08:00,0,0,0,33,6,39
323.0,2017-03-21 09:11:00,0,1,1,34,5,39
323.0,2017-03-21 09:14:00,0,0,0,34,5,39
323.0,2017-03-21 09:17:00,0,0,0,34,5,39
323.0,2017-03-21 09:20:00,0,0,0,34,5,39
323.0,2017-03-21 09:23:00,0,2,2,36,3,39
323.0,2017-03-21 09:25:00,0,1,1,36,3,39
323.0,2017-03-21 09:28:00,0,0,0,36,3,39
323.0,2017-03-21 09:31:00,0,0,0,36,3,39
323.0,2017-03-21 09:34:00,0,0,0,36,3,39
323.0,2017-03-21 09:37:00,0,0,0,36,3,39
323.0,2017-03-21 09:40:00,0,0,0,36,3,39
323.0,2017-03-21 09:43:00,0,0,0,36,3,39
323.0,2017-03-21 09:46:00,0,0,0,36,3,39
323.0,2017-03-21 09:49:00,0,0,0,36,3,39
323.0,2017-03-21 09:52:00,1,0,-1,35,4,39
323.0,2017-03-21 09:55:00,0,0,0,35,4,39
323.0,2017-03-21 09:58:00,0,0,0,35,4,39
323.0,2017-03-21 10:01:00,0,0,0,35,4,39
323.0,2017-03-21 10:04:00,0,0,0,35,4,39
323.0,2017-03-21 10:07:00,0,1,1,36,3,39
323.0,2017-03-21 10:10:00,0,0,0,36,3,39
323.0,2017-03-21 10:13:00,0,0,0,36,3,39
323.0,2017-03-21 10:16:00,0,0,0,36,3,39
323.0,2017-03-21 10:19:00,0,0,0,36,3,39
323.0,2017-03-21 10:22:00,0,0,0,36,3,39
323.0,2017-03-21 10:25:00,0,0,0,36,3,39
323.0,2017-03-21 10:28:00,0,0,0,36,3,39
323.0,2017-03-21 10:31:00,0,0,0,36,3,39
323.0,2017-03-21 10:34:00,0,0,0,36,3,39
323.0,2017-03-21 10:37:00,0,0,0,36,3,39
323.0,2017-03-21 10:40:00,0,0,0,36,3,39
323.0,2017-03-21 10:43:00,0,0,0,36,3,39
323.0,2017-03-21 10:46:00,0,0,0,36,3,39
323.0,2017-03-21 10:49:00,0,0,0,36,3,39
323.0,2017-03-21 10:52:00,0,0,0,36,3,39
323.0,2017-03-21 10:55:00,0,0,0,36,3,39
323.0,2017-03-21 10:58:00,0,0,0,36,3,39
323.0,2017-03-21 11:01:00,0,0,0,36,3,39
323.0,2017-03-21 11:04:00,0,0,0,36,3,39
323.0,2017-03-21 11:07:00,0,0,0,36,3,39
323.0,2017-03-21 11:10:00,0,0,0,36,3,39
323.0,2017-03-21 11:13:00,0,0,0,36,3,39
323.0,2017-03-21 11:16:00,1,0,-1,35,4,39
323.0,2017-03-21 11:19:00,0,0,0,35,4,39
323.0,2017-03-21 11:22:00,0,0,0,35,4,39
323.0,2017-03-21 11:25:00,0,0,0,35,4,39
323.0,2017-03-21 11:28:00,0,0,0,35,4,39
323.0,2017-03-21 11:31:00,0,0,0,35,4,39
323.0,2017-03-21 11:34:00,0,0,0,35,4,39
323.0,2017-03-21 11:37:00,0,0,0,35,4,39
323.0,2017-03-21 11:40:00,0,0,0,35,4,39
323.0,2017-03-21 11:43:00,0,0,0,35,4,39
323.0,2017-03-21 11:46:00,0,0,0,35,4,39
323.0,2017-03-21 11:49:00,0,0,0,35,4,39
323.0,2017-03-21 11:51:00,0,0,0,35,4,39
323.0,2017-03-21 11:54:00,0,0,0,35,4,39
323.0,2017-03-21 11:57:00,0,0,0,35,4,39
323.0,2017-03-21 12:00:00,0,0,0,35,4,39
323.0,2017-03-21 12:02:00,0,1,1,22,17,39
323.0,2017-03-21 12:05:00,0,0,0,22,17,39
323.0,2017-03-21 12:08:00,0,0,0,22,17,39
323.0,2017-03-21 12:11:00,0,0,0,22,17,39
323.0,2017-03-21 12:14:00,0,0,0,22,17,39
323.0,2017-03-21 12:17:00,0,0,0,22,17,39
323.0,2017-03-21 12:20:00,0,0,0,22,17,39
323.0,2017-03-21 12:23:00,0,0,0,22,17,39
323.0,2017-03-21 12:26:00,0,0,0,22,17,39
323.0,2017-03-21 12:29:00,0,0,0,22,17,39
323.0,2017-03-21 12:32:00,0,0,0,22,17,39
323.0,2017-03-21 12:35:00,0,0,0,22,17,39
323.0,2017-03-21 12:38:00,0,0,0,22,17,39
323.0,2017-03-21 12:41:00,0,0,0,22,17,39
323.0,2017-03-21 12:43:00,0,0,0,21,18,39
323.0,2017-03-21 12:46:00,0,0,0,21,18,39
323.0,2017-03-21 12:49:00,1,0,-1,20,19,39
323.0,2017-03-21 12:52:00,0,1,1,21,18,39
323.0,2017-03-21 12:55:00,0,0,0,21,18,39
323.0,2017-03-21 12:58:00,1,0,-1,20,19,39
323.0,2017-03-21 13:01:00,0,1,1,21,18,39
323.0,2017-03-21 13:04:00,0,0,0,36,3,39
323.0,2017-03-21 13:07:00,0,0,0,36,3,39
323.0,2017-03-21 13:10:00,0,0,0,36,3,39
323.0,2017-03-21 13:13:00,0,0,0,36,3,39
323.0,2017-03-21 13:16:00,0,0,0,36,3,39
323.0,2017-03-21 13:19:00,0,0,0,36,3,39
323.0,2017-03-21 13:22:00,0,0,0,36,3,39
323.0,2017-03-21 13:25:00,0,0,0,36,3,39
323.0,2017-03-21 13:28:00,0,0,0,36,3,39
323.0,2017-03-21 13:31:00,0,0,0,36,3,39
323.0,2017-03-21 13:34:00,0,0,0,36,3,39
323.0,2017-03-21 13:37:00,0,0,0,36,3,39
323.0,2017-03-21 13:40:00,0,0,0,36,3,39
323.0,2017-03-21 13:43:00,0,0,0,36,3,39
323.0,2017-03-21 13:46:00,0,0,0,36,3,39
323.0,2017-03-21 13:49:00,0,0,0,36,3,39
323.0,2017-03-21 13:52:00,0,0,0,36,3,39
323.0,2017-03-21 13:55:00,1,0,-1,35,4,39
323.0,2017-03-21 13:58:00,0,1,1,36,3,39
323.0,2017-03-21 14:01:00,0,0,0,36,3,39
323.0,2017-03-21 14:04:00,1,0,-1,35,4,39
323.0,2017-03-21 14:07:00,0,0,0,35,4,39
323.0,2017-03-21 14:10:00,0,0,0,35,4,39
323.0,2017-03-21 14:13:00,1,0,-1,34,5,39
323.0,2017-03-21 14:16:00,0,0,0,34,5,39
323.0,2017-03-21 14:19:00,0,0,0,35,4,39
323.0,2017-03-21 14:22:00,0,0,0,35,4,39
323.0,2017-03-21 14:25:00,0,0,0,35,4,39
323.0,2017-03-21 14:28:00,0,0,0,35,4,39
323.0,2017-03-21 14:31:00,0,0,0,35,4,39
323.0,2017-03-21 14:34:00,0,0,0,35,4,39
323.0,2017-03-21 14:37:00,1,0,-1,34,5,39
323.0,2017-03-21 14:40:00,0,0,0,34,5,39
323.0,2017-03-21 14:43:00,1,1,0,34,5,39
323.0,2017-03-21 14:46:00,0,0,0,34,5,39
323.0,2017-03-21 14:49:00,0,0,0,34,5,39
323.0,2017-03-21 14:52:00,0,1,1,35,4,39
323.0,2017-03-21 14:55:00,0,0,0,35,4,39
323.0,2017-03-21 14:57:00,0,0,0,35,4,39
323.0,2017-03-21 15:00:00,0,0,0,35,4,39
323.0,2017-03-21 15:03:00,0,0,0,35,4,39
323.0,2017-03-21 15:06:00,0,0,0,35,4,39
323.0,2017-03-21 15:09:00,0,0,0,35,4,39
323.0,2017-03-21 15:12:00,0,0,0,35,4,39
323.0,2017-03-21 15:15:00,1,0,-1,34,5,39
323.0,2017-03-21 15:18:00,0,0,0,34,5,39
323.0,2017-03-21 15:21:00,0,0,0,34,5,39
323.0,2017-03-21 15:24:00,0,0,0,34,5,39
323.0,2017-03-21 15:27:00,0,0,0,34,5,39
323.0,2017-03-21 15:30:00,0,0,0,34,5,39
323.0,2017-03-21 15:33:00,0,0,0,34,5,39
323.0,2017-03-21 15:34:00,0,0,0,34,5,39
323.0,2017-03-21 15:37:00,0,0,0,34,5,39
323.0,2017-03-21 15:40:00,0,0,0,34,5,39
323.0,2017-03-21 15:43:00,0,0,0,34,5,39
323.0,2017-03-21 15:46:00,0,0,0,34,5,39
323.0,2017-03-21 15:49:00,0,0,0,34,5,39
323.0,2017-03-21 15:52:00,0,0,0,34,5,39
323.0,2017-03-21 15:55:00,0,0,0,34,5,39
323.0,2017-03-21 15:58:00,1,0,-1,33,6,39
323.0,2017-03-21 16:01:00,0,0,0,33,6,39
323.0,2017-03-21 16:04:00,0,1,1,34,5,39
323.0,2017-03-21 16:07:00,0,0,0,34,5,39
323.0,2017-03-21 16:10:00,0,0,0,34,5,39
323.0,2017-03-21 16:13:00,0,0,0,34,5,39
323.0,2017-03-21 16:15:00,0,0,0,34,5,39
323.0,2017-03-21 16:18:00,0,0,0,34,5,39
323.0,2017-03-21 16:21:00,0,1,1,35,4,39
323.0,2017-03-21 16:24:00,0,0,0,35,4,39
323.0,2017-03-21 16:27:00,1,1,0,35,4,39
323.0,2017-03-21 16:30:00,2,0,-2,33,6,39
323.0,2017-03-21 16:33:00,0,2,2,35,4,39
323.0,2017-03-21 16:36:00,0,0,0,35,4,39
323.0,2017-03-21 16:39:00,2,0,-2,33,6,39
323.0,2017-03-21 16:42:00,0,0,0,33,6,39
323.0,2017-03-21 16:45:00,0,0,0,33,6,39
323.0,2017-03-21 16:48:00,0,0,0,33,6,39
323.0,2017-03-21 16:51:00,1,0,-1,32,7,39
323.0,2017-03-21 16:54:00,0,0,0,32,7,39
323.0,2017-03-21 16:55:00,0,0,0,32,7,39
323.0,2017-03-21 16:58:00,0,0,0,32,7,39
323.0,2017-03-21 17:01:00,0,0,0,32,7,39
323.0,2017-03-21 17:04:00,1,1,0,32,7,39
323.0,2017-03-21 17:07:00,0,0,0,32,7,39
323.0,2017-03-21 17:10:00,0,0,0,32,7,39
323.0,2017-03-21 17:13:00,0,0,0,32,7,39
323.0,2017-03-21 17:16:00,0,1,1,33,6,39
323.0,2017-03-21 17:19:00,1,0,-1,32,7,39
323.0,2017-03-21 17:22:00,0,0,0,32,7,39
323.0,2017-03-21 17:25:00,0,0,0,32,7,39
323.0,2017-03-21 17:28:00,1,1,0,32,7,39
323.0,2017-03-21 17:31:00,1,0,-1,31,8,39
323.0,2017-03-21 17:34:00,1,1,0,31,8,39
323.0,2017-03-21 17:35:00,1,1,0,32,7,39
323.0,2017-03-21 17:38:00,2,0,-2,30,9,39
323.0,2017-03-21 17:41:00,0,0,0,30,9,39
323.0,2017-03-21 17:44:00,0,1,1,31,8,39
323.0,2017-03-21 17:47:00,3,1,-2,29,10,39
323.0,2017-03-21 17:50:00,1,2,1,30,9,39
323.0,2017-03-21 17:53:00,1,0,-1,29,10,39
323.0,2017-03-21 17:56:00,2,0,-2,27,12,39
323.0,2017-03-21 17:59:00,0,1,1,28,11,39
323.0,2017-03-21 18:02:00,0,0,0,28,11,39
323.0,2017-03-21 18:05:00,1,0,-1,27,12,39
323.0,2017-03-21 18:08:00,1,0,-1,26,13,39
323.0,2017-03-21 18:11:00,0,1,1,27,12,39
323.0,2017-03-21 18:13:00,0,2,2,28,11,39
323.0,2017-03-21 18:16:00,2,0,-2,26,13,39
323.0,2017-03-21 18:19:00,0,0,0,26,13,39
323.0,2017-03-21 18:22:00,0,0,0,26,13,39
323.0,2017-03-21 18:25:00,1,0,-1,25,14,39
323.0,2017-03-21 18:28:00,0,0,0,25,14,39
323.0,2017-03-21 18:31:00,1,0,-1,24,15,39
323.0,2017-03-21 18:34:00,1,0,-1,23,16,39
323.0,2017-03-21 18:37:00,0,0,0,23,16,39
323.0,2017-03-21 18:40:00,0,0,0,23,16,39
323.0,2017-03-21 18:43:00,0,0,0,23,16,39
323.0,2017-03-21 18:46:00,0,1,1,24,15,39
323.0,2017-03-21 18:49:00,0,0,0,24,15,39
323.0,2017-03-21 18:52:00,0,0,0,23,16,39
323.0,2017-03-21 18:55:00,0,0,0,23,16,39
323.0,2017-03-21 18:58:00,1,0,-1,22,17,39
323.0,2017-03-21 19:01:00,0,0,0,22,17,39
323.0,2017-03-21 19:04:00,0,0,0,22,17,39
323.0,2017-03-21 19:07:00,0,0,0,22,17,39
323.0,2017-03-21 19:10:00,1,0,-1,21,18,39
323.0,2017-03-21 19:13:00,0,0,0,21,18,39
323.0,2017-03-21 19:16:00,0,0,0,21,18,39
323.0,2017-03-21 19:19:00,0,0,0,21,18,39
323.0,2017-03-21 19:22:00,0,1,1,22,17,39
323.0,2017-03-21 19:25:00,0,0,0,22,17,39
323.0,2017-03-21 19:28:00,0,0,0,22,17,39
323.0,2017-03-21 19:31:00,0,0,0,22,17,39
323.0,2017-03-21 19:34:00,0,0,0,22,17,39
323.0,2017-03-21 19:37:00,0,0,0,22,17,39
323.0,2017-03-21 19:40:00,0,0,0,22,17,39
323.0,2017-03-21 19:43:00,0,1,1,23,16,39
323.0,2017-03-21 19:46:00,0,0,0,23,16,39
323.0,2017-03-21 19:49:00,0,0,0,23,16,39
323.0,2017-03-21 19:52:00,0,1,1,24,15,39
323.0,2017-03-21 19:55:00,0,0,0,24,15,39
323.0,2017-03-21 19:58:00,0,0,0,24,15,39
323.0,2017-03-21 20:01:00,0,0,0,24,15,39
323.0,2017-03-21 20:04:00,0,1,1,25,14,39
323.0,2017-03-21 20:05:00,0,1,1,25,14,39
323.0,2017-03-21 20:08:00,0,0,0,25,14,39
323.0,2017-03-21 20:11:00,0,0,0,25,14,39
323.0,2017-03-21 20:14:00,0,0,0,25,14,39
323.0,2017-03-21 20:17:00,0,0,0,25,14,39
323.0,2017-03-21 20:20:00,0,0,0,25,14,39
323.0,2017-03-21 20:23:00,0,0,0,25,14,39
323.0,2017-03-21 20:26:00,0,0,0,25,14,39
323.0,2017-03-21 20:29:00,0,0,0,25,14,39
323.0,2017-03-21 20:32:00,1,1,0,25,14,39
323.0,2017-03-21 20:35:00,1,1,0,25,14,39
323.0,2017-03-21 20:38:00,1,0,-1,24,15,39
323.0,2017-03-21 20:40:00,1,0,-1,23,16,39
323.0,2017-03-21 20:43:00,1,0,-1,22,17,39
323.0,2017-03-21 20:46:00,0,0,0,22,17,39
323.0,2017-03-21 20:49:00,0,0,0,22,17,39
323.0,2017-03-21 20:52:00,1,0,-1,21,18,39
323.0,2017-03-21 20:55:00,0,0,0,21,18,39
323.0,2017-03-21 20:58:00,0,0,0,21,18,39
323.0,2017-03-21 21:01:00,0,0,0,21,18,39
323.0,2017-03-21 21:04:00,1,0,-1,20,19,39
323.0,2017-03-21 21:07:00,1,0,-1,19,20,39
323.0,2017-03-21 21:10:00,0,0,0,19,20,39
323.0,2017-03-21 21:13:00,0,0,0,19,20,39
323.0,2017-03-21 21:16:00,0,0,0,20,19,39
323.0,2017-03-21 21:19:00,0,0,0,20,19,39
323.0,2017-03-21 21:22:00,0,0,0,20,19,39
323.0,2017-03-21 21:25:00,0,0,0,20,19,39
323.0,2017-03-21 21:28:00,0,0,0,20,19,39
323.0,2017-03-21 21:31:00,1,0,-1,19,20,39
323.0,2017-03-21 21:34:00,1,0,-1,18,21,39
323.0,2017-03-21 21:37:00,0,0,0,18,21,39
323.0,2017-03-21 21:40:00,0,0,0,18,21,39
323.0,2017-03-21 21:43:00,1,0,-1,17,22,39
323.0,2017-03-21 21:46:00,0,1,1,18,21,39
323.0,2017-03-21 21:49:00,0,0,0,18,21,39
323.0,2017-03-21 21:52:00,0,0,0,18,21,39
323.0,2017-03-21 21:53:00,0,0,0,18,21,39
323.0,2017-03-21 21:56:00,0,0,0,18,21,39
323.0,2017-03-21 21:59:00,0,0,0,18,21,39
323.0,2017-03-21 22:02:00,0,0,0,18,21,39
323.0,2017-03-21 22:05:00,0,0,0,18,21,39
323.0,2017-03-21 22:08:00,1,0,-1,17,22,39
323.0,2017-03-21 22:11:00,0,0,0,17,22,39
323.0,2017-03-21 22:14:00,0,0,0,17,22,39
323.0,2017-03-21 22:17:00,0,0,0,17,22,39
323.0,2017-03-21 22:20:00,0,0,0,17,22,39
323.0,2017-03-21 22:23:00,0,0,0,17,22,39
323.0,2017-03-21 22:26:00,0,0,0,17,22,39
323.0,2017-03-21 22:29:00,0,0,0,17,22,39
323.0,2017-03-21 22:32:00,0,0,0,17,22,39
323.0,2017-03-21 22:35:00,0,0,0,17,22,39
323.0,2017-03-21 22:38:00,0,1,1,18,21,39
323.0,2017-03-21 22:41:00,0,0,0,18,21,39
323.0,2017-03-21 22:44:00,0,0,0,18,21,39
323.0,2017-03-21 22:47:00,0,0,0,18,21,39
323.0,2017-03-21 22:50:00,0,0,0,18,21,39
323.0,2017-03-21 22:53:00,0,0,0,18,21,39
323.0,2017-03-21 22:56:00,0,0,0,18,21,39
323.0,2017-03-21 22:59:00,0,0,0,18,21,39
323.0,2017-03-21 23:02:00,0,0,0,18,21,39
323.0,2017-03-21 23:04:00,0,0,0,18,21,39
323.0,2017-03-21 23:07:00,0,0,0,18,21,39
323.0,2017-03-21 23:10:00,0,0,0,18,21,39
323.0,2017-03-21 23:13:00,0,0,0,18,21,39
323.0,2017-03-21 23:16:00,0,0,0,18,21,39
323.0,2017-03-21 23:19:00,0,0,0,18,21,39
323.0,2017-03-21 23:22:00,0,0,0,18,21,39
323.0,2017-03-21 23:25:00,0,0,0,18,21,39
323.0,2017-03-21 23:28:00,0,0,0,18,21,39
323.0,2017-03-21 23:31:00,0,0,0,18,21,39
323.0,2017-03-21 23:34:00,0,1,1,19,20,39
323.0,2017-03-21 23:37:00,0,0,0,19,20,39
323.0,2017-03-21 23:38:00,0,0,0,19,20,39
323.0,2017-03-21 23:41:00,0,0,0,19,20,39
323.0,2017-03-21 23:44:00,1,0,-1,18,21,39
323.0,2017-03-21 23:47:00,0,0,0,18,21,39
323.0,2017-03-21 23:50:00,0,0,0,18,21,39
323.0,2017-03-21 23:53:00,0,0,0,18,21,39
323.0,2017-03-21 23:56:00,0,0,0,18,21,39
323.0,2017-03-21 23:59:00,0,0,0,18,21,39
323.0,2017-03-22 00:02:00,0,0,0,18,21,39
323.0,2017-03-22 00:05:00,0,0,0,18,21,39
323.0,2017-03-22 00:08:00,0,0,0,18,21,39
323.0,2017-03-22 00:11:00,0,0,0,18,21,39
323.0,2017-03-22 00:14:00,0,0,0,18,21,39
323.0,2017-03-22 00:17:00,0,0,0,18,21,39
323.0,2017-03-22 00:20:00,0,0,0,18,21,39
323.0,2017-03-22 00:23:00,0,0,0,18,21,39
323.0,2017-03-22 00:26:00,0,0,0,18,21,39
323.0,2017-03-22 00:29:00,0,0,0,36,3,39
323.0,2017-03-22 00:32:00,0,0,0,36,3,39
323.0,2017-03-22 00:35:00,0,1,1,37,2,39
323.0,2017-03-22 00:38:00,0,0,0,37,2,39
323.0,2017-03-22 00:41:00,0,0,0,37,2,39
323.0,2017-03-22 00:44:00,0,0,0,37,2,39
323.0,2017-03-22 00:47:00,0,0,0,37,2,39
323.0,2017-03-22 00:50:00,0,0,0,37,2,39
323.0,2017-03-22 00:53:00,0,0,0,37,2,39
323.0,2017-03-22 00:56:00,0,0,0,37,2,39
323.0,2017-03-22 00:59:00,0,0,0,37,2,39
323.0,2017-03-22 01:02:00,0,0,0,37,2,39
323.0,2017-03-22 01:05:00,0,0,0,37,2,39
323.0,2017-03-22 01:08:00,0,0,0,37,2,39
323.0,2017-03-22 01:11:00,0,0,0,37,2,39
323.0,2017-03-22 01:14:00,0,0,0,37,2,39
323.0,2017-03-22 01:17:00,0,0,0,37,2,39
323.0,2017-03-22 01:20:00,0,0,0,37,2,39
323.0,2017-03-22 01:23:00,0,0,0,37,2,39
323.0,2017-03-22 01:26:00,0,0,0,19,20,39
323.0,2017-03-22 01:29:00,0,0,0,19,20,39
323.0,2017-03-22 01:32:00,0,0,0,19,20,39
323.0,2017-03-22 01:35:00,0,0,0,19,20,39
323.0,2017-03-22 01:38:00,0,0,0,19,20,39
323.0,2017-03-22 01:41:00,0,0,0,19,20,39
323.0,2017-03-22 01:44:00,0,0,0,19,20,39
323.0,2017-03-22 01:47:00,0,0,0,19,20,39
323.0,2017-03-22 01:50:00,0,0,0,19,20,39
323.0,2017-03-22 01:53:00,0,0,0,19,20,39
323.0,2017-03-22 01:56:00,0,0,0,19,20,39
323.0,2017-03-22 01:59:00,0,0,0,19,20,39
323.0,2017-03-22 02:00:00,0,0,0,19,20,39
323.0,2017-03-22 02:03:00,0,0,0,19,20,39
323.0,2017-03-22 02:06:00,0,0,0,19,20,39
323.0,2017-03-22 02:09:00,0,0,0,19,20,39
323.0,2017-03-22 02:12:00,0,0,0,19,20,39
323.0,2017-03-22 02:15:00,0,0,0,19,20,39
323.0,2017-03-22 02:18:00,0,0,0,19,20,39
323.0,2017-03-22 02:21:00,0,0,0,19,20,39
323.0,2017-03-22 02:24:00,0,0,0,19,20,39
323.0,2017-03-22 02:27:00,0,0,0,19,20,39
323.0,2017-03-22 02:30:00,0,0,0,19,20,39
323.0,2017-03-22 02:33:00,0,0,0,19,20,39
323.0,2017-03-22 02:36:00,0,0,0,19,20,39
323.0,2017-03-22 02:39:00,0,0,0,19,20,39
323.0,2017-03-22 02:42:00,0,0,0,19,20,39
323.0,2017-03-22 02:45:00,0,0,0,19,20,39
323.0,2017-03-22 02:48:00,0,0,0,19,20,39
323.0,2017-03-22 02:51:00,0,0,0,19,20,39
323.0,2017-03-22 02:54:00,0,0,0,19,20,39
323.0,2017-03-22 02:57:00,0,0,0,19,20,39
323.0,2017-03-22 03:00:00,0,0,0,19,20,39
323.0,2017-03-22 03:03:00,0,0,0,19,20,39
323.0,2017-03-22 03:06:00,0,0,0,19,20,39
323.0,2017-03-22 03:07:00,0,0,0,19,20,39
323.0,2017-03-22 03:10:00,0,0,0,19,20,39
323.0,2017-03-22 03:13:00,0,0,0,19,20,39
323.0,2017-03-22 03:16:00,0,0,0,19,20,39
323.0,2017-03-22 03:19:00,0,0,0,19,20,39
323.0,2017-03-22 03:22:00,0,0,0,19,20,39
323.0,2017-03-22 03:25:00,0,0,0,19,20,39
323.0,2017-03-22 03:28:00,0,0,0,19,20,39
323.0,2017-03-22 03:31:00,0,0,0,19,20,39
323.0,2017-03-22 03:34:00,0,0,0,19,20,39
323.0,2017-03-22 03:37:00,0,0,0,19,20,39
323.0,2017-03-22 03:40:00,0,0,0,19,20,39
323.0,2017-03-22 03:43:00,0,0,0,19,20,39
323.0,2017-03-22 03:46:00,0,0,0,19,20,39
323.0,2017-03-22 03:49:00,0,0,0,19,20,39
323.0,2017-03-22 03:50:00,0,0,0,19,20,39
323.0,2017-03-22 03:53:00,0,0,0,19,20,39
323.0,2017-03-22 03:56:00,0,0,0,19,20,39
323.0,2017-03-22 03:59:00,0,0,0,19,20,39
323.0,2017-03-22 04:02:00,0,0,0,19,20,39
323.0,2017-03-22 04:05:00,0,0,0,19,20,39
323.0,2017-03-22 04:08:00,0,0,0,19,20,39
323.0,2017-03-22 04:11:00,0,0,0,19,20,39
323.0,2017-03-22 04:14:00,0,0,0,19,20,39
323.0,2017-03-22 04:17:00,0,0,0,19,20,39
323.0,2017-03-22 04:20:00,0,0,0,19,20,39
323.0,2017-03-22 04:22:00,0,0,0,19,20,39
323.0,2017-03-22 04:25:00,0,0,0,19,20,39
323.0,2017-03-22 04:28:00,0,0,0,19,20,39
323.0,2017-03-22 04:31:00,0,0,0,19,20,39
323.0,2017-03-22 04:34:00,0,0,0,19,20,39
323.0,2017-03-22 04:37:00,0,0,0,19,20,39
323.0,2017-03-22 04:40:00,0,0,0,19,20,39
323.0,2017-03-22 04:43:00,0,0,0,19,20,39
323.0,2017-03-22 04:46:00,0,0,0,19,20,39
323.0,2017-03-22 04:49:00,0,0,0,19,20,39
323.0,2017-03-22 04:52:00,0,0,0,19,20,39
323.0,2017-03-22 04:55:00,0,0,0,19,20,39
323.0,2017-03-22 04:57:00,0,0,0,19,20,39
323.0,2017-03-22 05:00:00,0,0,0,19,20,39
323.0,2017-03-22 05:03:00,0,0,0,19,20,39
323.0,2017-03-22 05:06:00,0,0,0,19,20,39
323.0,2017-03-22 05:09:00,0,0,0,19,20,39
323.0,2017-03-22 05:12:00,0,0,0,19,20,39
323.0,2017-03-22 05:15:00,0,0,0,19,20,39
323.0,2017-03-22 05:18:00,0,0,0,19,20,39
323.0,2017-03-22 05:21:00,0,0,0,19,20,39
323.0,2017-03-22 05:24:00,0,0,0,19,20,39
323.0,2017-03-22 05:27:00,0,0,0,19,20,39
323.0,2017-03-22 05:30:00,0,0,0,19,20,39
323.0,2017-03-22 05:33:00,0,0,0,19,20,39
323.0,2017-03-22 05:35:00,0,0,0,19,20,39
323.0,2017-03-22 05:38:00,0,0,0,19,20,39
323.0,2017-03-22 05:41:00,0,0,0,19,20,39
323.0,2017-03-22 05:44:00,0,0,0,19,20,39
323.0,2017-03-22 05:47:00,0,0,0,19,20,39
323.0,2017-03-22 05:50:00,0,0,0,19,20,39
323.0,2017-03-22 05:53:00,0,0,0,19,20,39
323.0,2017-03-22 05:56:00,0,0,0,19,20,39
323.0,2017-03-22 05:59:00,0,0,0,19,20,39
323.0,2017-03-22 06:02:00,0,0,0,19,20,39
323.0,2017-03-22 06:05:00,0,0,0,19,20,39
323.0,2017-03-22 06:08:00,0,0,0,19,20,39
323.0,2017-03-22 06:10:00,0,0,0,19,20,39
323.0,2017-03-22 06:13:00,0,0,0,19,20,39
323.0,2017-03-22 06:16:00,0,0,0,19,20,39
323.0,2017-03-22 06:19:00,0,1,1,20,19,39
323.0,2017-03-22 06:22:00,0,0,0,20,19,39
323.0,2017-03-22 06:25:00,0,1,1,21,18,39
323.0,2017-03-22 06:28:00,0,0,0,21,18,39
323.0,2017-03-22 06:31:00,0,0,0,21,18,39
323.0,2017-03-22 06:34:00,0,0,0,21,18,39
323.0,2017-03-22 06:37:00,0,0,0,21,18,39
323.0,2017-03-22 06:40:00,0,0,0,21,18,39
323.0,2017-03-22 06:43:00,0,1,1,22,17,39
323.0,2017-03-22 06:46:00,0,0,0,22,17,39
323.0,2017-03-22 06:49:00,0,1,1,23,16,39
323.0,2017-03-22 06:52:00,0,0,0,23,16,39
323.0,2017-03-22 06:55:00,0,0,0,23,16,39
323.0,2017-03-22 06:58:00,0,0,0,23,16,39
323.0,2017-03-22 07:01:00,0,0,0,23,16,39
323.0,2017-03-22 07:04:00,0,0,0,23,16,39
323.0,2017-03-22 07:07:00,0,0,0,23,16,39
323.0,2017-03-22 07:10:00,0,0,0,23,16,39
323.0,2017-03-22 07:13:00,0,0,0,23,16,39
323.0,2017-03-22 07:16:00,0,0,0,23,16,39
323.0,2017-03-22 07:19:00,0,1,1,24,15,39
323.0,2017-03-22 07:22:00,0,0,0,24,15,39
323.0,2017-03-22 07:25:00,0,0,0,24,15,39
323.0,2017-03-22 07:28:00,0,1,1,25,14,39
323.0,2017-03-22 07:31:00,0,0,0,25,14,39
323.0,2017-03-22 07:34:00,0,0,0,25,14,39
323.0,2017-03-22 07:37:00,1,0,-1,24,15,39
323.0,2017-03-22 07:40:00,0,1,1,25,14,39
323.0,2017-03-22 07:43:00,0,0,0,25,14,39
323.0,2017-03-22 07:46:00,0,0,0,25,14,39
323.0,2017-03-22 07:49:00,0,2,2,27,12,39
323.0,2017-03-22 07:52:00,0,1,1,28,11,39
323.0,2017-03-22 07:55:00,0,0,0,28,11,39
323.0,2017-03-22 07:58:00,0,1,1,29,10,39
323.0,2017-03-22 08:01:00,0,0,0,29,10,39
323.0,2017-03-22 08:04:00,1,0,-1,28,11,39
323.0,2017-03-22 08:07:00,0,0,0,28,11,39
323.0,2017-03-22 08:10:00,0,1,1,29,10,39
323.0,2017-03-22 08:13:00,0,0,0,29,10,39
323.0,2017-03-22 08:16:00,0,1,1,30,9,39
323.0,2017-03-22 08:19:00,0,0,0,30,9,39
323.0,2017-03-22 08:22:00,0,1,1,31,8,39
323.0,2017-03-22 08:25:00,0,0,0,31,8,39
323.0,2017-03-22 08:28:00,0,0,0,31,8,39
323.0,2017-03-22 08:31:00,0,2,2,33,6,39
323.0,2017-03-22 08:34:00,0,0,0,33,6,39
323.0,2017-03-22 08:37:00,0,1,1,34,5,39
323.0,2017-03-22 08:40:00,0,1,1,35,4,39
323.0,2017-03-22 08:43:00,0,0,0,35,4,39
323.0,2017-03-22 08:45:00,0,0,0,35,4,39
323.0,2017-03-22 08:48:00,0,1,1,36,3,39
323.0,2017-03-22 08:51:00,0,0,0,36,3,39
323.0,2017-03-22 08:54:00,0,0,0,36,3,39
323.0,2017-03-22 08:57:00,1,1,0,36,3,39
323.0,2017-03-22 09:00:00,0,0,0,36,3,39
323.0,2017-03-22 09:03:00,0,0,0,36,3,39
323.0,2017-03-22 09:06:00,0,0,0,36,3,39
323.0,2017-03-22 09:09:00,0,0,0,36,3,39
323.0,2017-03-22 09:12:00,0,0,0,36,3,39
323.0,2017-03-22 09:15:00,0,0,0,36,3,39
323.0,2017-03-22 09:18:00,1,1,0,36,3,39
323.0,2017-03-22 09:21:00,0,0,0,36,3,39
323.0,2017-03-22 09:24:00,0,0,0,36,3,39
323.0,2017-03-22 09:27:00,0,0,0,36,3,39
323.0,2017-03-22 09:30:00,0,0,0,36,3,39
323.0,2017-03-22 09:33:00,0,0,0,36,3,39
323.0,2017-03-22 09:36:00,0,0,0,36,3,39
323.0,2017-03-22 09:39:00,0,0,0,36,3,39
323.0,2017-03-22 09:42:00,0,0,0,36,3,39
323.0,2017-03-22 09:45:00,1,0,-1,35,4,39
323.0,2017-03-22 09:48:00,0,0,0,35,4,39
323.0,2017-03-22 09:51:00,0,0,0,35,4,39
323.0,2017-03-22 09:54:00,0,1,1,36,3,39
323.0,2017-03-22 09:57:00,0,0,0,36,3,39
323.0,2017-03-22 10:00:00,0,0,0,36,3,39
323.0,2017-03-22 10:03:00,0,0,0,36,3,39
323.0,2017-03-22 10:05:00,0,0,0,36,3,39
323.0,2017-03-22 10:08:00,0,0,0,36,3,39
323.0,2017-03-22 10:11:00,0,0,0,36,3,39
323.0,2017-03-22 10:14:00,0,0,0,36,3,39
323.0,2017-03-22 10:17:00,0,0,0,36,3,39
323.0,2017-03-22 10:20:00,0,0,0,36,3,39
323.0,2017-03-22 10:23:00,0,0,0,36,3,39
323.0,2017-03-22 10:26:00,0,0,0,36,3,39
323.0,2017-03-22 10:29:00,0,0,0,36,3,39
323.0,2017-03-22 10:32:00,0,0,0,36,3,39
323.0,2017-03-22 10:35:00,0,0,0,36,3,39
323.0,2017-03-22 10:38:00,0,0,0,36,3,39
323.0,2017-03-22 10:41:00,0,0,0,36,3,39
323.0,2017-03-22 10:44:00,0,0,0,36,3,39
323.0,2017-03-22 10:47:00,0,0,0,36,3,39
323.0,2017-03-22 10:50:00,0,0,0,36,3,39
323.0,2017-03-22 10:53:00,0,0,0,36,3,39
323.0,2017-03-22 10:56:00,0,0,0,36,3,39
323.0,2017-03-22 10:59:00,0,0,0,36,3,39
323.0,2017-03-22 11:02:00,0,0,0,36,3,39
323.0,2017-03-22 11:05:00,0,0,0,36,3,39
323.0,2017-03-22 11:08:00,0,0,0,36,3,39
323.0,2017-03-22 11:11:00,0,0,0,36,3,39
323.0,2017-03-22 11:14:00,0,0,0,36,3,39
323.0,2017-03-22 11:17:00,0,0,0,36,3,39
323.0,2017-03-22 11:19:00,0,0,0,36,3,39
323.0,2017-03-22 11:22:00,0,0,0,36,3,39
323.0,2017-03-22 11:25:00,0,0,0,36,3,39
323.0,2017-03-22 11:28:00,0,0,0,36,3,39
323.0,2017-03-22 11:31:00,0,0,0,36,3,39
323.0,2017-03-22 11:34:00,0,0,0,36,3,39
323.0,2017-03-22 11:37:00,0,0,0,36,3,39
323.0,2017-03-22 11:40:00,0,0,0,36,3,39
323.0,2017-03-22 11:43:00,0,0,0,36,3,39
323.0,2017-03-22 11:46:00,0,0,0,36,3,39
323.0,2017-03-22 11:49:00,0,0,0,36,3,39
323.0,2017-03-22 11:52:00,0,0,0,36,3,39
323.0,2017-03-22 11:55:00,0,0,0,36,3,39
323.0,2017-03-22 11:56:00,0,0,0,36,3,39
323.0,2017-03-22 11:59:00,0,0,0,36,3,39
323.0,2017-03-22 12:02:00,0,0,0,36,3,39
323.0,2017-03-22 12:05:00,0,0,0,36,3,39
323.0,2017-03-22 12:08:00,0,0,0,36,3,39
323.0,2017-03-22 12:11:00,0,0,0,36,3,39
323.0,2017-03-22 12:14:00,0,0,0,36,3,39
323.0,2017-03-22 12:17:00,0,0,0,18,21,39
323.0,2017-03-22 12:20:00,0,0,0,18,21,39
323.0,2017-03-22 12:23:00,1,0,-1,17,22,39
323.0,2017-03-22 12:26:00,0,0,0,17,22,39
323.0,2017-03-22 12:29:00,1,0,-1,16,23,39
323.0,2017-03-22 12:32:00,0,1,1,17,22,39
323.0,2017-03-22 12:35:00,0,0,0,17,22,39
323.0,2017-03-22 12:38:00,0,0,0,17,22,39
323.0,2017-03-22 12:41:00,0,0,0,17,22,39
323.0,2017-03-22 12:44:00,0,0,0,17,22,39
323.0,2017-03-22 12:47:00,0,0,0,17,22,39
323.0,2017-03-22 12:50:00,1,0,-1,18,21,39
323.0,2017-03-22 12:53:00,0,0,0,18,21,39
323.0,2017-03-22 12:56:00,0,0,0,18,21,39
323.0,2017-03-22 12:59:00,1,0,-1,17,22,39
323.0,2017-03-22 13:02:00,0,0,0,17,22,39
323.0,2017-03-22 13:05:00,0,0,0,17,22,39
323.0,2017-03-22 13:08:00,0,0,0,17,22,39
323.0,2017-03-22 13:11:00,0,0,0,28,11,39
323.0,2017-03-22 13:14:00,0,0,0,28,11,39
323.0,2017-03-22 13:17:00,0,1,1,29,10,39
323.0,2017-03-22 13:20:00,0,0,0,29,10,39
323.0,2017-03-22 13:23:00,0,0,0,29,10,39
323.0,2017-03-22 13:26:00,0,0,0,29,10,39
323.0,2017-03-22 13:29:00,0,1,1,30,9,39
323.0,2017-03-22 13:32:00,0,0,0,30,9,39
323.0,2017-03-22 13:35:00,0,0,0,30,9,39
323.0,2017-03-22 13:38:00,0,0,0,30,9,39
323.0,2017-03-22 13:41:00,0,0,0,30,9,39
323.0,2017-03-22 13:44:00,0,0,0,30,9,39
323.0,2017-03-22 13:47:00,0,0,0,30,9,39
323.0,2017-03-22 13:50:00,0,0,0,30,9,39
323.0,2017-03-22 13:53:00,0,0,0,30,9,39
323.0,2017-03-22 13:56:00,0,0,0,30,9,39
323.0,2017-03-22 13:59:00,0,0,0,30,9,39
323.0,2017-03-22 14:02:00,0,0,0,30,9,39
323.0,2017-03-22 14:05:00,0,0,0,30,9,39
323.0,2017-03-22 14:08:00,0,0,0,30,9,39
323.0,2017-03-22 14:11:00,1,0,-1,29,10,39
323.0,2017-03-22 14:14:00,0,0,0,29,10,39
323.0,2017-03-22 14:17:00,0,0,0,29,10,39
323.0,2017-03-22 14:20:00,1,0,-1,28,11,39
323.0,2017-03-22 14:23:00,0,0,0,28,11,39
323.0,2017-03-22 14:24:00,0,0,0,28,11,39
323.0,2017-03-22 14:27:00,1,1,0,28,11,39
323.0,2017-03-22 14:30:00,0,0,0,28,11,39
323.0,2017-03-22 14:33:00,0,0,0,28,11,39
323.0,2017-03-22 14:36:00,0,0,0,28,11,39
323.0,2017-03-22 14:39:00,0,0,0,28,11,39
323.0,2017-03-22 14:42:00,0,0,0,28,11,39
323.0,2017-03-22 14:45:00,1,0,-1,27,12,39
323.0,2017-03-22 14:48:00,0,0,0,27,12,39
323.0,2017-03-22 14:51:00,0,0,0,27,12,39
323.0,2017-03-22 14:54:00,1,0,-1,26,13,39
323.0,2017-03-22 14:57:00,0,0,0,26,13,39
323.0,2017-03-22 15:00:00,0,0,0,26,13,39
323.0,2017-03-22 15:02:00,0,0,0,26,13,39
323.0,2017-03-22 15:05:00,0,0,0,26,13,39
323.0,2017-03-22 15:08:00,0,0,0,26,13,39
323.0,2017-03-22 15:11:00,0,1,1,27,12,39
323.0,2017-03-22 15:14:00,0,1,1,28,11,39
323.0,2017-03-22 15:17:00,0,0,0,28,11,39
323.0,2017-03-22 15:20:00,0,0,0,28,11,39
323.0,2017-03-22 15:23:00,0,0,0,28,11,39
323.0,2017-03-22 15:26:00,0,0,0,28,11,39
323.0,2017-03-22 15:29:00,0,0,0,28,11,39
323.0,2017-03-22 15:32:00,1,0,-1,27,12,39
323.0,2017-03-22 15:35:00,0,0,0,27,12,39
323.0,2017-03-22 15:38:00,0,1,1,28,11,39
323.0,2017-03-22 15:40:00,0,0,0,28,11,39
323.0,2017-03-22 15:43:00,0,0,0,28,11,39
323.0,2017-03-22 15:46:00,0,0,0,28,11,39
323.0,2017-03-22 15:49:00,0,0,0,28,11,39
323.0,2017-03-22 15:52:00,0,0,0,28,11,39
323.0,2017-03-22 15:55:00,0,0,0,28,11,39
323.0,2017-03-22 15:58:00,1,0,-1,27,12,39
323.0,2017-03-22 16:01:00,1,0,-1,26,13,39
323.0,2017-03-22 16:04:00,0,0,0,26,13,39
323.0,2017-03-22 16:07:00,0,0,0,26,13,39
323.0,2017-03-22 16:10:00,0,0,0,26,13,39
323.0,2017-03-22 16:13:00,0,0,0,26,13,39
323.0,2017-03-22 16:16:00,0,0,0,26,13,39
323.0,2017-03-22 16:18:00,0,0,0,26,13,39
323.0,2017-03-22 16:21:00,1,0,-1,25,14,39
323.0,2017-03-22 16:24:00,0,0,0,25,14,39
323.0,2017-03-22 16:27:00,0,0,0,25,14,39
323.0,2017-03-22 16:30:00,1,0,-1,24,15,39
323.0,2017-03-22 16:33:00,0,0,0,24,15,39
323.0,2017-03-22 16:36:00,0,1,1,25,14,39
323.0,2017-03-22 16:39:00,0,0,0,25,14,39
323.0,2017-03-22 16:42:00,0,0,0,25,14,39
323.0,2017-03-22 16:45:00,1,0,-1,24,15,39
323.0,2017-03-22 16:48:00,1,0,-1,23,16,39
323.0,2017-03-22 16:51:00,1,0,-1,22,17,39
323.0,2017-03-22 16:54:00,2,0,-2,20,19,39
323.0,2017-03-22 16:57:00,0,0,0,20,19,39
323.0,2017-03-22 17:00:00,1,0,-1,19,20,39
323.0,2017-03-22 17:03:00,2,0,-2,17,22,39
323.0,2017-03-22 17:06:00,1,0,-1,16,23,39
323.0,2017-03-22 17:09:00,2,0,-2,14,25,39
323.0,2017-03-22 17:12:00,0,0,0,14,25,39
323.0,2017-03-22 17:15:00,0,0,0,14,25,39
323.0,2017-03-22 17:18:00,0,1,1,15,24,39
323.0,2017-03-22 17:21:00,1,0,-1,14,25,39
323.0,2017-03-22 17:24:00,0,0,0,14,25,39
323.0,2017-03-22 17:27:00,0,0,0,14,25,39
323.0,2017-03-22 17:30:00,0,0,0,14,25,39
323.0,2017-03-22 17:33:00,0,0,0,14,25,39
323.0,2017-03-22 17:36:00,0,0,0,14,25,39
323.0,2017-03-22 17:38:00,1,0,-1,13,26,39
323.0,2017-03-22 17:41:00,0,0,0,13,26,39
323.0,2017-03-22 17:44:00,1,0,-1,12,27,39
323.0,2017-03-22 17:47:00,0,0,0,12,27,39
323.0,2017-03-22 17:50:00,1,0,-1,11,28,39
323.0,2017-03-22 17:53:00,2,0,-2,9,30,39
323.0,2017-03-22 17:56:00,0,0,0,9,30,39
323.0,2017-03-22 17:59:00,1,1,0,9,30,39
323.0,2017-03-22 18:02:00,0,0,0,9,30,39
323.0,2017-03-22 18:05:00,0,0,0,9,30,39
323.0,2017-03-22 18:08:00,2,1,-1,8,31,39
323.0,2017-03-22 18:11:00,0,0,0,8,31,39
323.0,2017-03-22 18:14:00,0,1,1,9,30,39
323.0,2017-03-22 18:15:00,0,1,1,9,30,39
323.0,2017-03-22 18:18:00,0,0,0,9,30,39
323.0,2017-03-22 18:21:00,1,0,-1,8,31,39
323.0,2017-03-22 18:24:00,0,0,0,8,31,39
323.0,2017-03-22 18:27:00,0,0,0,8,31,39
323.0,2017-03-22 18:30:00,0,0,0,8,31,39
323.0,2017-03-22 18:33:00,1,0,-1,7,32,39
323.0,2017-03-22 18:36:00,0,0,0,7,32,39
323.0,2017-03-22 18:39:00,0,0,0,7,32,39
323.0,2017-03-22 18:42:00,0,0,0,7,32,39
323.0,2017-03-22 18:45:00,0,0,0,7,32,39
323.0,2017-03-22 18:48:00,0,0,0,7,32,39
323.0,2017-03-22 18:51:00,0,0,0,7,32,39
323.0,2017-03-22 18:52:00,0,0,0,7,32,39
323.0,2017-03-22 18:55:00,0,0,0,7,32,39
323.0,2017-03-22 18:58:00,0,0,0,7,32,39
323.0,2017-03-22 19:01:00,0,0,0,7,32,39
323.0,2017-03-22 19:04:00,0,0,0,7,32,39
323.0,2017-03-22 19:07:00,1,0,-1,6,33,39
323.0,2017-03-22 19:10:00,0,0,0,6,33,39
323.0,2017-03-22 19:13:00,0,0,0,6,33,39
323.0,2017-03-22 19:16:00,0,0,0,6,33,39
323.0,2017-03-22 19:19:00,0,0,0,6,33,39
323.0,2017-03-22 19:22:00,1,0,-1,5,34,39
323.0,2017-03-22 19:25:00,1,0,-1,4,35,39
323.0,2017-03-22 19:28:00,0,0,0,4,35,39
323.0,2017-03-22 19:30:00,0,0,0,4,35,39
323.0,2017-03-22 19:33:00,0,0,0,4,35,39
323.0,2017-03-22 19:36:00,0,0,0,4,35,39
323.0,2017-03-22 19:39:00,0,1,1,5,34,39
323.0,2017-03-22 19:42:00,0,1,1,6,33,39
323.0,2017-03-22 19:45:00,1,0,-1,5,34,39
323.0,2017-03-22 19:48:00,0,0,0,5,34,39
323.0,2017-03-22 19:51:00,0,0,0,5,34,39
323.0,2017-03-22 19:54:00,0,1,1,6,33,39
323.0,2017-03-22 19:57:00,0,0,0,6,33,39
323.0,2017-03-22 20:00:00,0,0,0,6,33,39
323.0,2017-03-22 20:03:00,1,0,-1,5,34,39
323.0,2017-03-22 20:06:00,0,0,0,5,34,39
323.0,2017-03-22 20:09:00,0,0,0,5,34,39
323.0,2017-03-22 20:12:00,0,0,0,5,34,39
323.0,2017-03-22 20:15:00,0,0,0,5,34,39
323.0,2017-03-22 20:18:00,2,0,-2,3,36,39
323.0,2017-03-22 20:21:00,0,0,0,3,36,39
323.0,2017-03-22 20:24:00,0,0,0,3,36,39
323.0,2017-03-22 20:27:00,0,0,0,3,36,39
323.0,2017-03-22 20:30:00,0,0,0,3,36,39
323.0,2017-03-22 20:33:00,0,0,0,3,36,39
323.0,2017-03-22 20:36:00,0,0,0,3,36,39
323.0,2017-03-22 20:39:00,0,0,0,3,36,39
323.0,2017-03-22 20:42:00,0,0,0,3,36,39
323.0,2017-03-22 20:45:00,0,0,0,3,36,39
323.0,2017-03-22 20:48:00,1,0,-1,2,37,39
323.0,2017-03-22 20:51:00,0,0,0,2,37,39
323.0,2017-03-22 20:54:00,0,0,0,2,37,39
323.0,2017-03-22 20:57:00,0,0,0,2,37,39
323.0,2017-03-22 21:00:00,0,0,0,2,37,39
323.0,2017-03-22 21:03:00,0,0,0,2,37,39
323.0,2017-03-22 21:06:00,0,1,1,3,36,39
323.0,2017-03-22 21:09:00,0,0,0,3,36,39
323.0,2017-03-22 21:12:00,0,0,0,3,36,39
323.0,2017-03-22 21:15:00,0,0,0,3,36,39
323.0,2017-03-22 21:18:00,0,0,0,3,36,39
323.0,2017-03-22 21:21:00,0,0,0,3,36,39
323.0,2017-03-22 21:24:00,0,0,0,3,36,39
323.0,2017-03-22 21:27:00,0,0,0,3,36,39
323.0,2017-03-22 21:30:00,0,0,0,3,36,39
323.0,2017-03-22 21:33:00,0,0,0,3,36,39
323.0,2017-03-22 21:36:00,0,0,0,3,36,39
323.0,2017-03-22 21:39:00,0,0,0,3,36,39
323.0,2017-03-22 21:42:00,0,0,0,3,36,39
323.0,2017-03-22 21:45:00,0,0,0,3,36,39
323.0,2017-03-22 21:48:00,0,0,0,3,36,39
323.0,2017-03-22 21:51:00,0,0,0,3,36,39
323.0,2017-03-22 21:53:00,0,0,0,3,36,39
323.0,2017-03-22 21:56:00,0,0,0,3,36,39
323.0,2017-03-22 21:59:00,0,0,0,3,36,39
323.0,2017-03-22 22:02:00,0,0,0,3,36,39
323.0,2017-03-22 22:05:00,0,0,0,3,36,39
323.0,2017-03-22 22:08:00,0,0,0,3,36,39
323.0,2017-03-22 22:11:00,0,0,0,3,36,39
323.0,2017-03-22 22:14:00,0,0,0,3,36,39
323.0,2017-03-22 22:17:00,0,0,0,3,36,39
323.0,2017-03-22 22:20:00,0,0,0,3,36,39
323.0,2017-03-22 22:23:00,0,0,0,3,36,39
323.0,2017-03-22 22:26:00,0,0,0,3,36,39
323.0,2017-03-22 22:29:00,0,0,0,3,36,39
323.0,2017-03-22 22:32:00,0,0,0,3,36,39
323.0,2017-03-22 22:35:00,0,0,0,3,36,39
323.0,2017-03-22 22:38:00,0,0,0,3,36,39
323.0,2017-03-22 22:41:00,0,0,0,3,36,39
323.0,2017-03-22 22:44:00,0,0,0,3,36,39
323.0,2017-03-22 22:47:00,0,0,0,3,36,39
323.0,2017-03-22 22:50:00,0,0,0,3,36,39
323.0,2017-03-22 22:53:00,0,0,0,3,36,39
323.0,2017-03-22 22:56:00,0,0,0,3,36,39
323.0,2017-03-22 22:59:00,0,0,0,3,36,39
323.0,2017-03-22 23:02:00,0,0,0,3,36,39
323.0,2017-03-22 23:04:00,0,0,0,3,36,39
323.0,2017-03-22 23:07:00,0,0,0,3,36,39
323.0,2017-03-22 23:10:00,0,0,0,3,36,39
323.0,2017-03-22 23:13:00,0,0,0,3,36,39
323.0,2017-03-22 23:16:00,0,0,0,3,36,39
323.0,2017-03-22 23:19:00,0,0,0,3,36,39
323.0,2017-03-22 23:22:00,0,0,0,3,36,39
323.0,2017-03-22 23:25:00,0,0,0,3,36,39
323.0,2017-03-22 23:28:00,0,0,0,3,36,39
323.0,2017-03-22 23:31:00,0,0,0,3,36,39
323.0,2017-03-22 23:34:00,0,0,0,3,36,39
323.0,2017-03-22 23:37:00,0,0,0,3,36,39
323.0,2017-03-22 23:39:00,0,0,0,3,36,39
323.0,2017-03-22 23:42:00,0,0,0,3,36,39
323.0,2017-03-22 23:45:00,0,0,0,3,36,39
323.0,2017-03-22 23:48:00,0,0,0,3,36,39
323.0,2017-03-22 23:51:00,0,0,0,3,36,39
323.0,2017-03-22 23:54:00,0,0,0,3,36,39
323.0,2017-03-22 23:57:00,0,0,0,3,36,39
323.0,2017-03-23 00:00:00,0,0,0,3,36,39
323.0,2017-03-23 00:03:00,0,0,0,3,36,39
323.0,2017-03-23 00:06:00,0,0,0,3,36,39
323.0,2017-03-23 00:09:00,0,0,0,3,36,39
323.0,2017-03-23 00:12:00,0,0,0,3,36,39
323.0,2017-03-23 00:15:00,0,0,0,3,36,39
323.0,2017-03-23 00:18:00,0,0,0,3,36,39
323.0,2017-03-23 00:21:00,0,0,0,3,36,39
323.0,2017-03-23 00:24:00,0,0,0,3,36,39
323.0,2017-03-23 00:27:00,0,0,0,3,36,39
323.0,2017-03-23 00:30:00,0,0,0,3,36,39
323.0,2017-03-23 00:31:00,0,0,0,34,5,39
323.0,2017-03-23 00:34:00,0,0,0,34,5,39
323.0,2017-03-23 00:37:00,0,0,0,34,5,39
323.0,2017-03-23 00:40:00,0,0,0,34,5,39
323.0,2017-03-23 00:43:00,0,0,0,34,5,39
323.0,2017-03-23 00:46:00,0,0,0,34,5,39
323.0,2017-03-23 00:49:00,0,0,0,34,5,39
323.0,2017-03-23 00:52:00,0,0,0,34,5,39
323.0,2017-03-23 00:55:00,0,0,0,34,5,39
323.0,2017-03-23 00:58:00,0,0,0,34,5,39
323.0,2017-03-23 01:01:00,0,0,0,34,5,39
323.0,2017-03-23 01:04:00,0,0,0,34,5,39
323.0,2017-03-23 01:07:00,0,0,0,34,5,39
323.0,2017-03-23 01:10:00,0,0,0,34,5,39
323.0,2017-03-23 01:13:00,0,0,0,34,5,39
323.0,2017-03-23 01:16:00,0,0,0,34,5,39
323.0,2017-03-23 01:19:00,0,0,0,34,5,39
323.0,2017-03-23 01:22:00,0,0,0,34,5,39
323.0,2017-03-23 01:25:00,0,0,0,3,36,39
323.0,2017-03-23 01:28:00,0,0,0,3,36,39
323.0,2017-03-23 01:31:00,0,0,0,3,36,39
323.0,2017-03-23 01:34:00,0,0,0,3,36,39
323.0,2017-03-23 01:37:00,0,0,0,3,36,39
323.0,2017-03-23 01:40:00,0,0,0,3,36,39
323.0,2017-03-23 01:43:00,0,0,0,3,36,39
323.0,2017-03-23 01:46:00,0,0,0,3,36,39
323.0,2017-03-23 01:49:00,0,0,0,3,36,39
323.0,2017-03-23 01:52:00,0,0,0,3,36,39
323.0,2017-03-23 01:55:00,0,0,0,3,36,39
323.0,2017-03-23 01:58:00,0,0,0,3,36,39
323.0,2017-03-23 01:59:00,0,0,0,4,35,39
323.0,2017-03-23 02:02:00,0,0,0,4,35,39
323.0,2017-03-23 02:05:00,0,0,0,4,35,39
323.0,2017-03-23 02:08:00,0,0,0,4,35,39
323.0,2017-03-23 02:11:00,0,0,0,4,35,39
323.0,2017-03-23 02:14:00,0,0,0,4,35,39
323.0,2017-03-23 02:17:00,0,0,0,4,35,39
323.0,2017-03-23 02:20:00,0,0,0,4,35,39
323.0,2017-03-23 02:23:00,0,0,0,4,35,39
323.0,2017-03-23 02:26:00,0,0,0,4,35,39
323.0,2017-03-23 02:29:00,0,0,0,4,35,39
323.0,2017-03-23 02:31:00,0,0,0,4,35,39
323.0,2017-03-23 02:34:00,0,0,0,4,35,39
323.0,2017-03-23 02:37:00,0,0,0,4,35,39
323.0,2017-03-23 02:40:00,0,0,0,4,35,39
323.0,2017-03-23 02:43:00,0,0,0,4,35,39
323.0,2017-03-23 02:46:00,0,0,0,4,35,39
323.0,2017-03-23 02:49:00,0,0,0,4,35,39
323.0,2017-03-23 02:52:00,0,0,0,4,35,39
323.0,2017-03-23 02:55:00,0,0,0,4,35,39
323.0,2017-03-23 02:58:00,0,0,0,4,35,39
323.0,2017-03-23 03:01:00,0,0,0,4,35,39
323.0,2017-03-23 03:04:00,0,0,0,4,35,39
323.0,2017-03-23 03:05:00,0,0,0,4,35,39
323.0,2017-03-23 03:08:00,0,0,0,4,35,39
323.0,2017-03-23 03:11:00,0,0,0,4,35,39
323.0,2017-03-23 03:14:00,0,0,0,4,35,39
323.0,2017-03-23 03:17:00,0,0,0,4,35,39
323.0,2017-03-23 03:20:00,0,0,0,4,35,39
323.0,2017-03-23 03:23:00,0,0,0,4,35,39
323.0,2017-03-23 03:26:00,0,0,0,4,35,39
323.0,2017-03-23 03:29:00,0,0,0,4,35,39
323.0,2017-03-23 03:32:00,0,0,0,4,35,39
323.0,2017-03-23 03:35:00,0,0,0,4,35,39
323.0,2017-03-23 03:38:00,0,0,0,4,35,39
323.0,2017-03-23 03:41:00,0,0,0,4,35,39
323.0,2017-03-23 03:42:00,0,0,0,4,35,39
323.0,2017-03-23 03:45:00,0,0,0,4,35,39
323.0,2017-03-23 03:48:00,0,0,0,4,35,39
323.0,2017-03-23 03:51:00,0,0,0,4,35,39
323.0,2017-03-23 03:54:00,0,0,0,4,35,39
323.0,2017-03-23 03:57:00,0,0,0,4,35,39
323.0,2017-03-23 04:00:00,0,0,0,4,35,39
323.0,2017-03-23 04:03:00,0,0,0,4,35,39
323.0,2017-03-23 04:06:00,0,0,0,4,35,39
323.0,2017-03-23 04:09:00,0,0,0,4,35,39
323.0,2017-03-23 04:12:00,0,0,0,4,35,39
323.0,2017-03-23 04:15:00,0,0,0,4,35,39
323.0,2017-03-23 04:18:00,0,0,0,4,35,39
323.0,2017-03-23 04:21:00,0,0,0,4,35,39
323.0,2017-03-23 04:23:00,0,0,0,4,35,39
323.0,2017-03-23 04:26:00,0,0,0,4,35,39
323.0,2017-03-23 04:29:00,0,0,0,4,35,39
323.0,2017-03-23 04:32:00,0,0,0,4,35,39
323.0,2017-03-23 04:35:00,0,0,0,4,35,39
323.0,2017-03-23 04:38:00,0,0,0,4,35,39
323.0,2017-03-23 04:41:00,0,0,0,4,35,39
323.0,2017-03-23 04:44:00,0,0,0,4,35,39
323.0,2017-03-23 04:47:00,0,0,0,4,35,39
323.0,2017-03-23 04:50:00,0,0,0,4,35,39
323.0,2017-03-23 04:53:00,0,0,0,4,35,39
323.0,2017-03-23 04:56:00,0,0,0,4,35,39
323.0,2017-03-23 04:59:00,0,0,0,4,35,39
323.0,2017-03-23 05:02:00,0,0,0,4,35,39
323.0,2017-03-23 05:05:00,0,0,0,4,35,39
323.0,2017-03-23 05:08:00,0,0,0,4,35,39
323.0,2017-03-23 05:11:00,0,0,0,4,35,39
323.0,2017-03-23 05:14:00,0,0,0,4,35,39
323.0,2017-03-23 05:17:00,0,0,0,4,35,39
323.0,2017-03-23 05:20:00,0,0,0,4,35,39
323.0,2017-03-23 05:23:00,0,0,0,4,35,39
323.0,2017-03-23 05:26:00,0,0,0,4,35,39
323.0,2017-03-23 05:29:00,0,0,0,4,35,39
323.0,2017-03-23 05:31:00,0,0,0,4,35,39
323.0,2017-03-23 05:34:00,0,0,0,4,35,39
323.0,2017-03-23 05:37:00,0,0,0,4,35,39
323.0,2017-03-23 05:40:00,0,0,0,4,35,39
323.0,2017-03-23 05:43:00,0,0,0,4,35,39
323.0,2017-03-23 05:46:00,0,0,0,4,35,39
323.0,2017-03-23 05:49:00,0,0,0,4,35,39
323.0,2017-03-23 05:52:00,0,0,0,4,35,39
323.0,2017-03-23 05:55:00,0,0,0,4,35,39
323.0,2017-03-23 05:58:00,0,0,0,4,35,39
323.0,2017-03-23 06:01:00,0,0,0,4,35,39
323.0,2017-03-23 06:04:00,0,0,0,4,35,39
323.0,2017-03-23 06:05:00,0,0,0,4,35,39
323.0,2017-03-23 06:08:00,0,0,0,4,35,39
323.0,2017-03-23 06:11:00,0,0,0,4,35,39
323.0,2017-03-23 06:14:00,0,0,0,4,35,39
323.0,2017-03-23 06:17:00,0,0,0,4,35,39
323.0,2017-03-23 06:20:00,0,0,0,4,35,39
323.0,2017-03-23 06:23:00,0,1,1,5,34,39
323.0,2017-03-23 06:26:00,0,1,1,6,33,39
323.0,2017-03-23 06:29:00,0,0,0,6,33,39
323.0,2017-03-23 06:32:00,0,0,0,6,33,39
323.0,2017-03-23 06:35:00,0,0,0,6,33,39
323.0,2017-03-23 06:38:00,0,0,0,6,33,39
323.0,2017-03-23 06:40:00,0,0,0,6,33,39
323.0,2017-03-23 06:43:00,0,1,1,7,32,39
323.0,2017-03-23 06:46:00,0,0,0,7,32,39
323.0,2017-03-23 06:49:00,0,0,0,7,32,39
323.0,2017-03-23 06:52:00,0,0,0,7,32,39
323.0,2017-03-23 06:55:00,0,0,0,7,32,39
323.0,2017-03-23 06:58:00,0,0,0,7,32,39
323.0,2017-03-23 07:01:00,0,0,0,7,32,39
323.0,2017-03-23 07:04:00,0,0,0,7,32,39
323.0,2017-03-23 07:07:00,0,0,0,7,32,39
323.0,2017-03-23 07:10:00,0,0,0,7,32,39
323.0,2017-03-23 07:13:00,0,0,0,7,32,39
323.0,2017-03-23 07:16:00,0,0,0,7,32,39
323.0,2017-03-23 07:17:00,0,0,0,7,32,39
323.0,2017-03-23 07:20:00,0,0,0,7,32,39
323.0,2017-03-23 07:23:00,0,0,0,7,32,39
323.0,2017-03-23 07:26:00,0,0,0,7,32,39
323.0,2017-03-23 07:29:00,0,1,1,8,31,39
323.0,2017-03-23 07:32:00,0,0,0,8,31,39
323.0,2017-03-23 07:35:00,0,1,1,9,30,39
323.0,2017-03-23 07:38:00,0,0,0,9,30,39
323.0,2017-03-23 07:41:00,0,0,0,9,30,39
323.0,2017-03-23 07:44:00,0,0,0,9,30,39
323.0,2017-03-23 07:47:00,0,0,0,9,30,39
323.0,2017-03-23 07:50:00,0,1,1,10,29,39
323.0,2017-03-23 07:53:00,0,0,0,10,29,39
323.0,2017-03-23 07:55:00,0,0,0,10,29,39
323.0,2017-03-23 07:58:00,0,0,0,10,29,39
323.0,2017-03-23 08:01:00,0,1,1,11,28,39
323.0,2017-03-23 08:04:00,0,0,0,11,28,39
323.0,2017-03-23 08:07:00,1,1,0,11,28,39
323.0,2017-03-23 08:10:00,0,0,0,11,28,39
323.0,2017-03-23 08:13:00,0,0,0,11,28,39
323.0,2017-03-23 08:16:00,0,0,0,11,28,39
323.0,2017-03-23 08:19:00,0,0,0,11,28,39
323.0,2017-03-23 08:22:00,0,0,0,11,28,39
323.0,2017-03-23 08:25:00,0,3,3,14,25,39
323.0,2017-03-23 08:28:00,0,3,3,17,22,39
323.0,2017-03-23 08:31:00,0,1,1,18,21,39
323.0,2017-03-23 08:32:00,0,1,1,18,21,39
323.0,2017-03-23 08:35:00,0,1,1,19,20,39
323.0,2017-03-23 08:38:00,0,0,0,19,20,39
323.0,2017-03-23 08:41:00,0,0,0,19,20,39
323.0,2017-03-23 08:44:00,0,0,0,19,20,39
323.0,2017-03-23 08:47:00,0,0,0,19,20,39
323.0,2017-03-23 08:50:00,1,0,-1,18,21,39
323.0,2017-03-23 08:53:00,1,0,-1,17,22,39
323.0,2017-03-23 08:56:00,0,1,1,18,21,39
323.0,2017-03-23 08:59:00,0,0,0,18,21,39
323.0,2017-03-23 09:02:00,0,1,1,19,20,39
323.0,2017-03-23 09:05:00,0,0,0,19,20,39
323.0,2017-03-23 09:08:00,0,2,2,21,18,39
323.0,2017-03-23 09:10:00,0,1,1,22,17,39
323.0,2017-03-23 09:13:00,0,0,0,22,17,39
323.0,2017-03-23 09:16:00,0,1,1,23,16,39
323.0,2017-03-23 09:19:00,0,0,0,23,16,39
323.0,2017-03-23 09:22:00,0,1,1,24,15,39
323.0,2017-03-23 09:25:00,0,0,0,24,15,39
323.0,2017-03-23 09:28:00,0,2,2,26,13,39
323.0,2017-03-23 09:31:00,0,0,0,26,13,39
323.0,2017-03-23 09:34:00,0,0,0,26,13,39
323.0,2017-03-23 09:37:00,0,0,0,26,13,39
323.0,2017-03-23 09:40:00,0,0,0,26,13,39
323.0,2017-03-23 09:43:00,0,1,1,27,12,39
323.0,2017-03-23 09:46:00,0,0,0,27,12,39
323.0,2017-03-23 09:49:00,0,0,0,27,12,39
323.0,2017-03-23 09:52:00,0,1,1,28,11,39
323.0,2017-03-23 09:55:00,0,0,0,28,11,39
323.0,2017-03-23 09:58:00,0,0,0,28,11,39
323.0,2017-03-23 10:01:00,0,2,2,30,9,39
323.0,2017-03-23 10:04:00,0,0,0,30,9,39
323.0,2017-03-23 10:07:00,0,1,1,31,8,39
323.0,2017-03-23 10:10:00,0,0,0,31,8,39
323.0,2017-03-23 10:13:00,0,0,0,31,8,39
323.0,2017-03-23 10:16:00,0,0,0,31,8,39
323.0,2017-03-23 10:19:00,0,1,1,32,7,39
323.0,2017-03-23 10:21:00,0,0,0,32,7,39
323.0,2017-03-23 10:24:00,0,0,0,32,7,39
323.0,2017-03-23 10:27:00,0,0,0,32,7,39
323.0,2017-03-23 10:30:00,0,0,0,32,7,39
323.0,2017-03-23 10:33:00,0,1,1,33,6,39
323.0,2017-03-23 10:36:00,0,0,0,33,6,39
323.0,2017-03-23 10:39:00,0,0,0,33,6,39
323.0,2017-03-23 10:42:00,0,0,0,33,6,39
323.0,2017-03-23 10:45:00,0,1,1,34,5,39
323.0,2017-03-23 10:48:00,0,0,0,34,5,39
323.0,2017-03-23 10:51:00,0,0,0,34,5,39
323.0,2017-03-23 10:54:00,0,0,0,34,5,39
323.0,2017-03-23 10:57:00,0,0,0,34,5,39
323.0,2017-03-23 10:58:00,0,0,0,34,5,39
323.0,2017-03-23 11:01:00,0,0,0,34,5,39
323.0,2017-03-23 11:04:00,0,0,0,34,5,39
323.0,2017-03-23 11:07:00,0,0,0,34,5,39
323.0,2017-03-23 11:10:00,0,0,0,34,5,39
323.0,2017-03-23 11:13:00,0,0,0,34,5,39
323.0,2017-03-23 11:16:00,0,1,1,35,4,39
323.0,2017-03-23 11:19:00,0,0,0,35,4,39
323.0,2017-03-23 11:22:00,0,0,0,35,4,39
323.0,2017-03-23 11:25:00,0,0,0,35,4,39
323.0,2017-03-23 11:28:00,0,0,0,35,4,39
323.0,2017-03-23 11:31:00,0,0,0,35,4,39
323.0,2017-03-23 11:34:00,0,0,0,35,4,39
323.0,2017-03-23 11:37:00,0,0,0,35,4,39
323.0,2017-03-23 11:40:00,0,0,0,35,4,39
323.0,2017-03-23 11:43:00,0,0,0,35,4,39
323.0,2017-03-23 11:46:00,0,0,0,35,4,39
323.0,2017-03-23 11:49:00,0,0,0,35,4,39
323.0,2017-03-23 11:52:00,0,0,0,35,4,39
323.0,2017-03-23 11:55:00,0,0,0,35,4,39
323.0,2017-03-23 11:58:00,0,0,0,35,4,39
323.0,2017-03-23 12:01:00,0,0,0,35,4,39
323.0,2017-03-23 12:04:00,0,0,0,35,4,39
323.0,2017-03-23 12:07:00,0,0,0,35,4,39
323.0,2017-03-23 12:10:00,0,0,0,35,4,39
323.0,2017-03-23 12:13:00,0,0,0,35,4,39
323.0,2017-03-23 12:16:00,0,0,0,3,36,39
323.0,2017-03-23 12:19:00,0,0,0,3,36,39
323.0,2017-03-23 12:22:00,0,0,0,3,36,39
323.0,2017-03-23 12:25:00,0,0,0,3,36,39
323.0,2017-03-23 12:28:00,1,0,-1,2,37,39
323.0,2017-03-23 12:31:00,0,0,0,2,37,39
323.0,2017-03-23 12:34:00,0,0,0,2,37,39
323.0,2017-03-23 12:37:00,0,0,0,2,37,39
323.0,2017-03-23 12:40:00,0,0,0,2,37,39
323.0,2017-03-23 12:43:00,0,0,0,2,37,39
323.0,2017-03-23 12:46:00,0,1,1,3,36,39
323.0,2017-03-23 12:49:00,0,0,0,3,36,39
323.0,2017-03-23 12:51:00,0,0,0,3,36,39
323.0,2017-03-23 12:54:00,0,0,0,3,36,39
323.0,2017-03-23 12:57:00,0,1,1,4,35,39
323.0,2017-03-23 13:00:00,0,0,0,4,35,39
323.0,2017-03-23 13:03:00,0,0,0,4,35,39
323.0,2017-03-23 13:06:00,0,0,0,4,35,39
323.0,2017-03-23 13:09:00,0,0,0,4,35,39
323.0,2017-03-23 13:12:00,0,0,0,4,35,39
323.0,2017-03-23 13:15:00,0,1,1,5,34,39
323.0,2017-03-23 13:18:00,0,0,0,5,34,39
323.0,2017-03-23 13:21:00,1,0,-1,4,35,39
323.0,2017-03-23 13:22:00,1,0,-1,36,3,39
323.0,2017-03-23 13:25:00,0,0,0,36,3,39
323.0,2017-03-23 13:28:00,0,2,2,38,1,39
323.0,2017-03-23 13:31:00,0,0,0,38,1,39
323.0,2017-03-23 13:34:00,0,0,0,38,1,39
323.0,2017-03-23 13:37:00,1,0,-1,37,2,39
323.0,2017-03-23 13:40:00,0,0,0,37,2,39
323.0,2017-03-23 13:43:00,0,0,0,37,2,39
323.0,2017-03-23 13:46:00,0,0,0,37,2,39
323.0,2017-03-23 13:49:00,0,0,0,37,2,39
323.0,2017-03-23 13:52:00,0,0,0,37,2,39
323.0,2017-03-23 13:55:00,0,0,0,37,2,39
323.0,2017-03-23 13:58:00,0,0,0,37,2,39
323.0,2017-03-23 14:00:00,0,1,1,38,1,39
323.0,2017-03-23 14:03:00,0,0,0,38,1,39
323.0,2017-03-23 14:06:00,0,0,0,38,1,39
323.0,2017-03-23 14:09:00,0,0,0,38,1,39
323.0,2017-03-23 14:12:00,1,1,0,38,1,39
323.0,2017-03-23 14:15:00,0,0,0,38,1,39
323.0,2017-03-23 14:18:00,1,0,-1,37,2,39
323.0,2017-03-23 14:21:00,0,0,0,37,2,39
323.0,2017-03-23 14:24:00,0,0,0,37,2,39
323.0,2017-03-23 14:27:00,1,0,-1,36,3,39
323.0,2017-03-23 14:30:00,0,0,0,36,3,39
323.0,2017-03-23 14:33:00,0,0,0,36,3,39
323.0,2017-03-23 14:36:00,0,0,0,36,3,39
323.0,2017-03-23 14:38:00,0,0,0,36,3,39
323.0,2017-03-23 14:41:00,0,0,0,36,3,39
323.0,2017-03-23 14:44:00,0,0,0,36,3,39
323.0,2017-03-23 14:47:00,0,0,0,36,3,39
323.0,2017-03-23 14:50:00,0,0,0,36,3,39
323.0,2017-03-23 14:53:00,1,0,-1,35,4,39
323.0,2017-03-23 14:56:00,1,0,-1,34,5,39
323.0,2017-03-23 14:59:00,0,0,0,34,5,39
323.0,2017-03-23 15:02:00,1,0,-1,33,6,39
323.0,2017-03-23 15:05:00,0,0,0,33,6,39
323.0,2017-03-23 15:08:00,0,0,0,33,6,39
323.0,2017-03-23 15:11:00,0,0,0,33,6,39
323.0,2017-03-23 15:14:00,0,0,0,33,6,39
323.0,2017-03-23 15:15:00,0,0,0,33,6,39
323.0,2017-03-23 15:18:00,0,0,0,33,6,39
323.0,2017-03-23 15:21:00,0,0,0,33,6,39
323.0,2017-03-23 15:24:00,0,1,1,34,5,39
323.0,2017-03-23 15:27:00,0,0,0,34,5,39
323.0,2017-03-23 15:30:00,0,0,0,34,5,39
323.0,2017-03-23 15:33:00,0,0,0,34,5,39
323.0,2017-03-23 15:36:00,0,0,0,34,5,39
323.0,2017-03-23 15:39:00,1,0,-1,33,6,39
323.0,2017-03-23 15:42:00,0,0,0,33,6,39
323.0,2017-03-23 15:45:00,0,0,0,33,6,39
323.0,2017-03-23 15:48:00,1,0,-1,32,7,39
323.0,2017-03-23 15:51:00,0,0,0,32,7,39
323.0,2017-03-23 15:52:00,0,0,0,32,7,39
323.0,2017-03-23 15:55:00,0,0,0,32,7,39
323.0,2017-03-23 15:58:00,0,0,0,32,7,39
323.0,2017-03-23 16:01:00,1,0,-1,31,8,39
323.0,2017-03-23 16:04:00,0,0,0,31,8,39
323.0,2017-03-23 16:07:00,0,0,0,31,8,39
323.0,2017-03-23 16:10:00,0,0,0,31,8,39
323.0,2017-03-23 16:13:00,0,0,0,31,8,39
323.0,2017-03-23 16:16:00,0,1,1,32,7,39
323.0,2017-03-23 16:19:00,0,0,0,32,7,39
323.0,2017-03-23 16:22:00,1,0,-1,31,8,39
323.0,2017-03-23 16:25:00,0,0,0,31,8,39
323.0,2017-03-23 16:28:00,1,0,-1,30,9,39
323.0,2017-03-23 16:31:00,0,0,0,30,9,39
323.0,2017-03-23 16:33:00,0,0,0,30,9,39
323.0,2017-03-23 16:36:00,0,0,0,30,9,39
323.0,2017-03-23 16:39:00,0,0,0,30,9,39
323.0,2017-03-23 16:42:00,0,1,1,31,8,39
323.0,2017-03-23 16:45:00,1,0,-1,30,9,39
323.0,2017-03-23 16:48:00,1,0,-1,29,10,39
323.0,2017-03-23 16:51:00,1,0,-1,28,11,39
323.0,2017-03-23 16:54:00,0,1,1,29,10,39
323.0,2017-03-23 16:57:00,0,0,0,29,10,39
323.0,2017-03-23 17:00:00,0,0,0,29,10,39
323.0,2017-03-23 17:03:00,0,0,0,29,10,39
323.0,2017-03-23 17:06:00,0,0,0,29,10,39
323.0,2017-03-23 17:09:00,2,0,-2,27,12,39
323.0,2017-03-23 17:10:00,2,0,-2,25,14,39
323.0,2017-03-23 17:13:00,1,0,-1,24,15,39
323.0,2017-03-23 17:16:00,0,0,0,24,15,39
323.0,2017-03-23 17:19:00,0,0,0,24,15,39
323.0,2017-03-23 17:22:00,0,0,0,24,15,39
323.0,2017-03-23 17:25:00,1,0,-1,23,16,39
323.0,2017-03-23 17:28:00,0,0,0,23,16,39
323.0,2017-03-23 17:31:00,0,2,2,25,14,39
323.0,2017-03-23 17:34:00,0,0,0,25,14,39
323.0,2017-03-23 17:37:00,0,0,0,25,14,39
323.0,2017-03-23 17:40:00,0,0,0,25,14,39
323.0,2017-03-23 17:43:00,0,0,0,25,14,39
323.0,2017-03-23 17:46:00,0,0,0,25,14,39
323.0,2017-03-23 17:49:00,1,0,-1,24,15,39
323.0,2017-03-23 17:50:00,2,0,-2,24,15,39
323.0,2017-03-23 17:53:00,0,1,1,25,14,39
323.0,2017-03-23 17:56:00,2,1,-1,24,15,39
323.0,2017-03-23 17:59:00,0,0,0,24,15,39
323.0,2017-03-23 18:02:00,1,0,-1,23,16,39
323.0,2017-03-23 18:05:00,2,1,-1,22,17,39
323.0,2017-03-23 18:08:00,1,1,0,22,17,39
323.0,2017-03-23 18:11:00,1,0,-1,21,18,39
323.0,2017-03-23 18:14:00,0,0,0,21,18,39
323.0,2017-03-23 18:17:00,1,0,-1,20,19,39
323.0,2017-03-23 18:20:00,0,0,0,20,19,39
323.0,2017-03-23 18:23:00,0,0,0,20,19,39
323.0,2017-03-23 18:26:00,0,0,0,20,19,39
323.0,2017-03-23 18:28:00,3,0,-3,16,23,39
323.0,2017-03-23 18:31:00,1,0,-1,15,24,39
323.0,2017-03-23 18:34:00,0,0,0,15,24,39
323.0,2017-03-23 18:37:00,0,0,0,15,24,39
323.0,2017-03-23 18:40:00,0,1,1,16,23,39
323.0,2017-03-23 18:43:00,0,0,0,16,23,39
323.0,2017-03-23 18:46:00,2,1,-1,15,24,39
323.0,2017-03-23 18:49:00,0,0,0,15,24,39
323.0,2017-03-23 18:52:00,0,0,0,15,24,39
323.0,2017-03-23 18:55:00,1,0,-1,14,25,39
323.0,2017-03-23 18:58:00,0,0,0,14,25,39
323.0,2017-03-23 19:01:00,0,0,0,14,25,39
323.0,2017-03-23 19:04:00,0,0,0,14,25,39
323.0,2017-03-23 19:05:00,0,0,0,14,25,39
323.0,2017-03-23 19:08:00,1,0,-1,13,26,39
323.0,2017-03-23 19:11:00,2,0,-2,11,28,39
323.0,2017-03-23 19:14:00,0,0,0,11,28,39
323.0,2017-03-23 19:17:00,0,0,0,11,28,39
323.0,2017-03-23 19:20:00,1,0,-1,10,29,39
323.0,2017-03-23 19:23:00,0,0,0,10,29,39
323.0,2017-03-23 19:26:00,0,0,0,10,29,39
323.0,2017-03-23 19:29:00,0,0,0,10,29,39
323.0,2017-03-23 19:32:00,0,0,0,10,29,39
323.0,2017-03-23 19:35:00,0,0,0,10,29,39
323.0,2017-03-23 19:38:00,0,0,0,10,29,39
323.0,2017-03-23 19:41:00,0,0,0,10,29,39
323.0,2017-03-23 19:42:00,0,0,0,10,29,39
323.0,2017-03-23 19:45:00,0,0,0,10,29,39
323.0,2017-03-23 19:48:00,0,0,0,10,29,39
323.0,2017-03-23 19:51:00,0,0,0,10,29,39
323.0,2017-03-23 19:54:00,0,0,0,10,29,39
323.0,2017-03-23 19:57:00,0,0,0,10,29,39
323.0,2017-03-23 20:00:00,0,0,0,10,29,39
323.0,2017-03-23 20:03:00,1,0,-1,9,30,39
323.0,2017-03-23 20:06:00,0,0,0,9,30,39
323.0,2017-03-23 20:09:00,0,0,0,9,30,39
323.0,2017-03-23 20:12:00,0,0,0,9,30,39
323.0,2017-03-23 20:15:00,0,0,0,9,30,39
323.0,2017-03-23 20:18:00,0,0,0,9,30,39
323.0,2017-03-23 20:19:00,0,0,0,9,30,39
323.0,2017-03-23 20:22:00,0,0,0,9,30,39
323.0,2017-03-23 20:25:00,0,0,0,9,30,39
323.0,2017-03-23 20:28:00,0,0,0,9,30,39
323.0,2017-03-23 20:31:00,1,0,-1,8,31,39
323.0,2017-03-23 20:34:00,0,0,0,8,31,39
323.0,2017-03-23 20:37:00,0,0,0,8,31,39
323.0,2017-03-23 20:40:00,0,0,0,8,31,39
323.0,2017-03-23 20:43:00,0,0,0,8,31,39
323.0,2017-03-23 20:46:00,0,0,0,8,31,39
323.0,2017-03-23 20:49:00,0,0,0,8,31,39
323.0,2017-03-23 20:52:00,0,0,0,8,31,39
323.0,2017-03-23 20:55:00,0,0,0,8,31,39
323.0,2017-03-23 20:56:00,0,0,0,8,31,39
323.0,2017-03-23 20:59:00,0,0,0,8,31,39
323.0,2017-03-23 21:02:00,0,0,0,8,31,39
323.0,2017-03-23 21:05:00,0,0,0,8,31,39
323.0,2017-03-23 21:08:00,0,0,0,8,31,39
323.0,2017-03-23 21:11:00,0,0,0,8,31,39
323.0,2017-03-23 21:14:00,0,0,0,8,31,39
323.0,2017-03-23 21:17:00,0,0,0,8,31,39
323.0,2017-03-23 21:20:00,0,0,0,8,31,39
323.0,2017-03-23 21:22:00,0,0,0,8,31,39
323.0,2017-03-23 21:25:00,0,0,0,8,31,39
323.0,2017-03-23 21:28:00,1,0,-1,7,32,39
323.0,2017-03-23 21:31:00,1,0,-1,6,33,39
323.0,2017-03-23 21:34:00,0,0,0,6,33,39
323.0,2017-03-23 21:37:00,0,0,0,6,33,39
323.0,2017-03-23 21:40:00,1,0,-1,5,34,39
323.0,2017-03-23 21:43:00,0,0,0,5,34,39
323.0,2017-03-23 21:46:00,0,0,0,5,34,39
323.0,2017-03-23 21:49:00,0,0,0,5,34,39
323.0,2017-03-23 21:52:00,0,0,0,5,34,39
323.0,2017-03-23 21:55:00,0,0,0,5,34,39
323.0,2017-03-23 21:58:00,0,1,1,6,33,39
323.0,2017-03-23 22:01:00,0,0,0,6,33,39
323.0,2017-03-23 22:04:00,0,0,0,6,33,39
323.0,2017-03-23 22:07:00,0,0,0,6,33,39
323.0,2017-03-23 22:10:00,0,0,0,6,33,39
323.0,2017-03-23 22:13:00,0,0,0,6,33,39
323.0,2017-03-23 22:16:00,0,0,0,6,33,39
323.0,2017-03-23 22:19:00,0,0,0,6,33,39
323.0,2017-03-23 22:22:00,0,0,0,6,33,39
323.0,2017-03-23 22:25:00,0,0,0,6,33,39
323.0,2017-03-23 22:28:00,0,0,0,6,33,39
323.0,2017-03-23 22:31:00,0,0,0,6,33,39
323.0,2017-03-23 22:34:00,0,1,1,7,32,39
323.0,2017-03-23 22:37:00,0,0,0,7,32,39
323.0,2017-03-23 22:40:00,0,0,0,7,32,39
323.0,2017-03-23 22:41:00,0,0,0,7,32,39
323.0,2017-03-23 22:44:00,0,0,0,7,32,39
323.0,2017-03-23 22:47:00,0,0,0,7,32,39
323.0,2017-03-23 22:50:00,0,1,1,8,31,39
323.0,2017-03-23 22:53:00,0,0,0,8,31,39
323.0,2017-03-23 22:56:00,1,0,-1,7,32,39
323.0,2017-03-23 22:59:00,0,0,0,7,32,39
323.0,2017-03-23 23:02:00,0,0,0,7,32,39
323.0,2017-03-23 23:05:00,0,0,0,7,32,39
323.0,2017-03-23 23:08:00,0,0,0,7,32,39
323.0,2017-03-23 23:11:00,0,0,0,7,32,39
323.0,2017-03-23 23:14:00,0,1,1,8,31,39
323.0,2017-03-23 23:17:00,0,0,0,8,31,39
323.0,2017-03-23 23:20:00,0,0,0,8,31,39
323.0,2017-03-23 23:23:00,0,0,0,8,31,39
323.0,2017-03-23 23:26:00,0,0,0,8,31,39
323.0,2017-03-23 23:29:00,1,0,-1,7,32,39
323.0,2017-03-23 23:32:00,0,0,0,7,32,39
323.0,2017-03-23 23:35:00,0,0,0,7,32,39
323.0,2017-03-23 23:38:00,0,0,0,7,32,39
323.0,2017-03-23 23:41:00,0,0,0,7,32,39
323.0,2017-03-23 23:44:00,0,0,0,7,32,39
323.0,2017-03-23 23:47:00,0,0,0,7,32,39
323.0,2017-03-23 23:50:00,0,0,0,7,32,39
323.0,2017-03-23 23:53:00,0,0,0,7,32,39
323.0,2017-03-23 23:56:00,0,0,0,7,32,39
323.0,2017-03-23 23:58:00,0,0,0,7,32,39
323.0,2017-03-24 00:01:00,0,0,0,7,32,39
323.0,2017-03-24 00:04:00,0,0,0,7,32,39
323.0,2017-03-24 00:07:00,0,0,0,7,32,39
323.0,2017-03-24 00:10:00,1,0,-1,6,33,39
323.0,2017-03-24 00:11:00,1,0,-1,34,5,39
323.0,2017-03-24 00:14:00,0,0,0,34,5,39
323.0,2017-03-24 00:17:00,0,0,0,34,5,39
323.0,2017-03-24 00:20:00,0,0,0,34,5,39
323.0,2017-03-24 00:23:00,0,0,0,34,5,39
323.0,2017-03-24 00:26:00,0,0,0,34,5,39
323.0,2017-03-24 00:29:00,0,0,0,34,5,39
323.0,2017-03-24 00:32:00,0,0,0,34,5,39
323.0,2017-03-24 00:35:00,0,0,0,34,5,39
323.0,2017-03-24 00:38:00,0,0,0,34,5,39
323.0,2017-03-24 00:41:00,0,0,0,34,5,39
323.0,2017-03-24 00:44:00,0,0,0,34,5,39
323.0,2017-03-24 00:46:00,0,0,0,35,4,39
323.0,2017-03-24 00:49:00,0,0,0,35,4,39
323.0,2017-03-24 00:52:00,0,0,0,35,4,39
323.0,2017-03-24 00:55:00,0,0,0,35,4,39
323.0,2017-03-24 00:58:00,0,0,0,35,4,39
323.0,2017-03-24 01:01:00,0,0,0,35,4,39
323.0,2017-03-24 01:04:00,0,0,0,35,4,39
323.0,2017-03-24 01:07:00,0,0,0,35,4,39
323.0,2017-03-24 01:08:00,0,0,0,6,33,39
323.0,2017-03-24 01:11:00,0,0,0,6,33,39
323.0,2017-03-24 01:14:00,0,0,0,6,33,39
323.0,2017-03-24 01:17:00,0,0,0,6,33,39
323.0,2017-03-24 01:20:00,0,0,0,6,33,39
323.0,2017-03-24 01:23:00,0,0,0,6,33,39
323.0,2017-03-24 01:26:00,0,0,0,6,33,39
323.0,2017-03-24 01:29:00,0,0,0,6,33,39
323.0,2017-03-24 01:32:00,0,0,0,6,33,39
323.0,2017-03-24 01:35:00,0,0,0,6,33,39
323.0,2017-03-24 01:38:00,0,0,0,6,33,39
323.0,2017-03-24 01:41:00,0,0,0,6,33,39
323.0,2017-03-24 01:43:00,0,0,0,6,33,39
323.0,2017-03-24 01:46:00,0,0,0,6,33,39
323.0,2017-03-24 01:49:00,0,0,0,6,33,39
323.0,2017-03-24 01:52:00,0,0,0,6,33,39
323.0,2017-03-24 01:55:00,0,0,0,6,33,39
323.0,2017-03-24 01:58:00,0,0,0,6,33,39
323.0,2017-03-24 02:01:00,0,0,0,6,33,39
323.0,2017-03-24 02:04:00,0,0,0,6,33,39
323.0,2017-03-24 02:07:00,0,0,0,6,33,39
323.0,2017-03-24 02:10:00,0,0,0,6,33,39
323.0,2017-03-24 02:13:00,0,0,0,6,33,39
323.0,2017-03-24 02:16:00,0,0,0,6,33,39
323.0,2017-03-24 02:19:00,0,0,0,6,33,39
323.0,2017-03-24 02:22:00,0,0,0,6,33,39
323.0,2017-03-24 02:25:00,0,0,0,6,33,39
323.0,2017-03-24 02:28:00,0,0,0,6,33,39
323.0,2017-03-24 02:31:00,0,0,0,6,33,39
323.0,2017-03-24 02:34:00,0,0,0,6,33,39
323.0,2017-03-24 02:37:00,0,0,0,6,33,39
323.0,2017-03-24 02:40:00,0,0,0,6,33,39
323.0,2017-03-24 02:43:00,0,0,0,6,33,39
323.0,2017-03-24 02:46:00,0,0,0,6,33,39
323.0,2017-03-24 02:48:00,0,0,0,6,33,39
323.0,2017-03-24 02:51:00,0,0,0,6,33,39
323.0,2017-03-24 02:54:00,0,0,0,6,33,39
323.0,2017-03-24 02:57:00,0,0,0,6,33,39
323.0,2017-03-24 03:00:00,0,0,0,6,33,39
323.0,2017-03-24 03:03:00,0,0,0,6,33,39
323.0,2017-03-24 03:06:00,0,0,0,6,33,39
323.0,2017-03-24 03:09:00,0,0,0,6,33,39
323.0,2017-03-24 03:12:00,0,0,0,6,33,39
323.0,2017-03-24 03:15:00,0,0,0,6,33,39
323.0,2017-03-24 03:18:00,0,0,0,6,33,39
323.0,2017-03-24 03:21:00,0,0,0,6,33,39
323.0,2017-03-24 03:24:00,0,0,0,6,33,39
323.0,2017-03-24 03:27:00,0,0,0,6,33,39
323.0,2017-03-24 03:30:00,0,0,0,6,33,39
323.0,2017-03-24 03:33:00,0,0,0,6,33,39
323.0,2017-03-24 03:36:00,0,0,0,6,33,39
323.0,2017-03-24 03:39:00,0,0,0,6,33,39
323.0,2017-03-24 03:42:00,0,0,0,6,33,39
323.0,2017-03-24 03:45:00,0,0,0,6,33,39
323.0,2017-03-24 03:48:00,0,0,0,6,33,39
323.0,2017-03-24 03:51:00,0,0,0,6,33,39
323.0,2017-03-24 03:54:00,0,0,0,6,33,39
323.0,2017-03-24 03:57:00,0,0,0,6,33,39
323.0,2017-03-24 04:00:00,0,0,0,6,33,39
323.0,2017-03-24 04:03:00,0,0,0,6,33,39
323.0,2017-03-24 04:06:00,0,0,0,6,33,39
323.0,2017-03-24 04:08:00,0,0,0,6,33,39
323.0,2017-03-24 04:11:00,0,0,0,6,33,39
323.0,2017-03-24 04:14:00,0,0,0,6,33,39
323.0,2017-03-24 04:17:00,0,0,0,6,33,39
323.0,2017-03-24 04:20:00,0,0,0,6,33,39
323.0,2017-03-24 04:23:00,0,0,0,6,33,39
323.0,2017-03-24 04:26:00,0,0,0,6,33,39
323.0,2017-03-24 04:29:00,0,0,0,6,33,39
323.0,2017-03-24 04:32:00,0,0,0,6,33,39
323.0,2017-03-24 04:35:00,0,0,0,6,33,39
323.0,2017-03-24 04:38:00,0,0,0,6,33,39
323.0,2017-03-24 04:41:00,0,0,0,6,33,39
323.0,2017-03-24 04:44:00,0,0,0,6,33,39
323.0,2017-03-24 04:47:00,0,0,0,6,33,39
323.0,2017-03-24 04:50:00,0,0,0,6,33,39
323.0,2017-03-24 04:53:00,0,0,0,6,33,39
323.0,2017-03-24 04:56:00,0,0,0,6,33,39
323.0,2017-03-24 04:59:00,0,0,0,6,33,39
323.0,2017-03-24 05:02:00,0,0,0,6,33,39
323.0,2017-03-24 05:05:00,0,0,0,6,33,39
323.0,2017-03-24 05:08:00,0,0,0,6,33,39
323.0,2017-03-24 05:11:00,0,0,0,6,33,39
323.0,2017-03-24 05:13:00,0,0,0,6,33,39
323.0,2017-03-24 05:16:00,0,0,0,6,33,39
323.0,2017-03-24 05:19:00,0,0,0,6,33,39
323.0,2017-03-24 05:22:00,0,0,0,6,33,39
323.0,2017-03-24 05:25:00,0,0,0,6,33,39
323.0,2017-03-24 05:28:00,0,0,0,6,33,39
323.0,2017-03-24 05:31:00,0,0,0,6,33,39
323.0,2017-03-24 05:34:00,0,0,0,6,33,39
323.0,2017-03-24 05:37:00,0,0,0,6,33,39
323.0,2017-03-24 05:40:00,0,0,0,6,33,39
323.0,2017-03-24 05:43:00,0,0,0,6,33,39
323.0,2017-03-24 05:46:00,0,0,0,6,33,39
323.0,2017-03-24 05:47:00,0,0,0,6,33,39
323.0,2017-03-24 05:50:00,0,0,0,6,33,39
323.0,2017-03-24 05:53:00,0,0,0,6,33,39
323.0,2017-03-24 05:56:00,0,0,0,6,33,39
323.0,2017-03-24 05:59:00,0,0,0,6,33,39
323.0,2017-03-24 06:02:00,0,0,0,6,33,39
323.0,2017-03-24 06:05:00,0,0,0,6,33,39
323.0,2017-03-24 06:08:00,0,0,0,6,33,39
323.0,2017-03-24 06:11:00,0,0,0,6,33,39
323.0,2017-03-24 06:14:00,0,0,0,6,33,39
323.0,2017-03-24 06:17:00,0,0,0,6,33,39
323.0,2017-03-24 06:20:00,0,0,0,6,33,39
323.0,2017-03-24 06:23:00,0,0,0,6,33,39
323.0,2017-03-24 06:24:00,0,0,0,6,33,39
323.0,2017-03-24 06:27:00,0,1,1,7,32,39
323.0,2017-03-24 06:30:00,0,0,0,7,32,39
323.0,2017-03-24 06:33:00,0,2,2,9,30,39
323.0,2017-03-24 06:36:00,0,1,1,10,29,39
323.0,2017-03-24 06:39:00,0,0,0,10,29,39
323.0,2017-03-24 06:42:00,0,0,0,10,29,39
323.0,2017-03-24 06:45:00,0,0,0,10,29,39
323.0,2017-03-24 06:48:00,2,1,-1,9,30,39
323.0,2017-03-24 06:51:00,0,0,0,9,30,39
323.0,2017-03-24 06:54:00,0,0,0,9,30,39
323.0,2017-03-24 06:57:00,0,0,0,9,30,39
323.0,2017-03-24 06:59:00,0,0,0,9,30,39
323.0,2017-03-24 07:02:00,0,0,0,9,30,39
323.0,2017-03-24 07:05:00,0,0,0,9,30,39
323.0,2017-03-24 07:08:00,0,0,0,9,30,39
323.0,2017-03-24 07:11:00,0,0,0,9,30,39
323.0,2017-03-24 07:14:00,0,0,0,9,30,39
323.0,2017-03-24 07:17:00,0,1,1,10,29,39
323.0,2017-03-24 07:20:00,0,0,0,10,29,39
323.0,2017-03-24 07:23:00,0,1,1,11,28,39
323.0,2017-03-24 07:26:00,0,1,1,12,27,39
323.0,2017-03-24 07:29:00,0,0,0,12,27,39
323.0,2017-03-24 07:32:00,0,1,1,13,26,39
323.0,2017-03-24 07:35:00,0,0,0,13,26,39
323.0,2017-03-24 07:36:00,0,0,0,13,26,39
323.0,2017-03-24 07:39:00,0,1,1,14,25,39
323.0,2017-03-24 07:42:00,0,0,0,14,25,39
323.0,2017-03-24 07:45:00,0,1,1,15,24,39
323.0,2017-03-24 07:48:00,0,1,1,16,23,39
323.0,2017-03-24 07:51:00,0,0,0,16,23,39
323.0,2017-03-24 07:54:00,0,2,2,18,21,39
323.0,2017-03-24 07:57:00,0,1,1,19,20,39
323.0,2017-03-24 08:00:00,0,1,1,20,19,39
323.0,2017-03-24 08:03:00,0,0,0,20,19,39
323.0,2017-03-24 08:06:00,0,0,0,20,19,39
323.0,2017-03-24 08:09:00,0,0,0,20,19,39
323.0,2017-03-24 08:12:00,1,0,-1,19,20,39
323.0,2017-03-24 08:15:00,0,1,1,20,19,39
323.0,2017-03-24 08:18:00,0,0,0,20,19,39
323.0,2017-03-24 08:21:00,0,0,0,20,19,39
323.0,2017-03-24 08:24:00,1,0,-1,19,20,39
323.0,2017-03-24 08:27:00,0,0,0,19,20,39
323.0,2017-03-24 08:30:00,0,0,0,19,20,39
323.0,2017-03-24 08:33:00,0,2,2,21,18,39
323.0,2017-03-24 08:36:00,0,1,1,22,17,39
323.0,2017-03-24 08:39:00,0,1,1,23,16,39
323.0,2017-03-24 08:42:00,0,0,0,23,16,39
323.0,2017-03-24 08:45:00,1,0,-1,22,17,39
323.0,2017-03-24 08:48:00,0,2,2,24,15,39
323.0,2017-03-24 08:51:00,0,1,1,25,14,39
323.0,2017-03-24 08:52:00,0,1,1,25,14,39
323.0,2017-03-24 08:55:00,0,0,0,25,14,39
323.0,2017-03-24 08:58:00,0,0,0,25,14,39
323.0,2017-03-24 09:01:00,0,0,0,25,14,39
323.0,2017-03-24 09:04:00,0,1,1,26,13,39
323.0,2017-03-24 09:07:00,1,0,-1,25,14,39
323.0,2017-03-24 09:10:00,0,2,2,27,12,39
323.0,2017-03-24 09:13:00,0,0,0,27,12,39
323.0,2017-03-24 09:16:00,0,0,0,27,12,39
323.0,2017-03-24 09:19:00,0,0,0,27,12,39
323.0,2017-03-24 09:22:00,0,1,1,28,11,39
323.0,2017-03-24 09:25:00,0,0,0,28,11,39
323.0,2017-03-24 09:28:00,0,1,1,29,10,39
323.0,2017-03-24 09:29:00,0,1,1,29,10,39
323.0,2017-03-24 09:32:00,0,1,1,30,9,39
323.0,2017-03-24 09:35:00,0,0,0,30,9,39
323.0,2017-03-24 09:38:00,0,0,0,30,9,39
323.0,2017-03-24 09:41:00,0,0,0,30,9,39
323.0,2017-03-24 09:44:00,0,0,0,30,9,39
323.0,2017-03-24 09:47:00,0,0,0,30,9,39
323.0,2017-03-24 09:50:00,0,0,0,30,9,39
323.0,2017-03-24 09:53:00,0,0,0,30,9,39
323.0,2017-03-24 09:56:00,0,1,1,31,8,39
323.0,2017-03-24 09:59:00,0,0,0,31,8,39
323.0,2017-03-24 10:02:00,0,1,1,32,7,39
323.0,2017-03-24 10:05:00,0,2,2,34,5,39
323.0,2017-03-24 10:06:00,0,1,1,34,5,39
323.0,2017-03-24 10:09:00,0,0,0,34,5,39
323.0,2017-03-24 10:12:00,0,1,1,35,4,39
323.0,2017-03-24 10:15:00,0,0,0,35,4,39
323.0,2017-03-24 10:18:00,0,0,0,35,4,39
323.0,2017-03-24 10:21:00,0,0,0,35,4,39
323.0,2017-03-24 10:24:00,0,0,0,35,4,39
323.0,2017-03-24 10:27:00,0,0,0,35,4,39
323.0,2017-03-24 10:30:00,0,0,0,35,4,39
323.0,2017-03-24 10:33:00,0,1,1,36,3,39
323.0,2017-03-24 10:36:00,0,1,1,37,2,39
323.0,2017-03-24 10:39:00,0,0,0,37,2,39
323.0,2017-03-24 10:42:00,0,0,0,37,2,39
323.0,2017-03-24 10:43:00,0,0,0,37,2,39
323.0,2017-03-24 10:46:00,0,0,0,37,2,39
323.0,2017-03-24 10:49:00,0,0,0,37,2,39
323.0,2017-03-24 10:52:00,0,0,0,37,2,39
323.0,2017-03-24 10:55:00,0,0,0,37,2,39
323.0,2017-03-24 10:58:00,0,0,0,37,2,39
323.0,2017-03-24 11:01:00,0,0,0,37,2,39
323.0,2017-03-24 11:04:00,0,0,0,37,2,39
323.0,2017-03-24 11:07:00,0,0,0,37,2,39
323.0,2017-03-24 11:10:00,0,0,0,37,2,39
323.0,2017-03-24 11:13:00,0,0,0,37,2,39
323.0,2017-03-24 11:16:00,0,0,0,37,2,39
323.0,2017-03-24 11:18:00,0,0,0,37,2,39
323.0,2017-03-24 11:21:00,0,0,0,37,2,39
323.0,2017-03-24 11:24:00,0,0,0,37,2,39
323.0,2017-03-24 11:27:00,1,0,-1,36,3,39
323.0,2017-03-24 11:30:00,0,0,0,36,3,39
323.0,2017-03-24 11:33:00,0,0,0,36,3,39
323.0,2017-03-24 11:36:00,0,0,0,36,3,39
323.0,2017-03-24 11:39:00,0,0,0,36,3,39
323.0,2017-03-24 11:42:00,0,0,0,36,3,39
323.0,2017-03-24 11:45:00,0,0,0,36,3,39
323.0,2017-03-24 11:48:00,0,0,0,36,3,39
323.0,2017-03-24 11:51:00,0,0,0,36,3,39
323.0,2017-03-24 11:54:00,0,0,0,36,3,39
323.0,2017-03-24 11:57:00,0,0,0,36,3,39
323.0,2017-03-24 11:58:00,0,0,0,36,3,39
323.0,2017-03-24 12:01:00,1,0,-1,35,4,39
323.0,2017-03-24 12:04:00,0,0,0,35,4,39
323.0,2017-03-24 12:07:00,0,0,0,35,4,39
323.0,2017-03-24 12:10:00,0,0,0,35,4,39
323.0,2017-03-24 12:13:00,0,0,0,35,4,39
323.0,2017-03-24 12:16:00,0,0,0,35,4,39
323.0,2017-03-24 12:19:00,0,0,0,35,4,39
323.0,2017-03-24 12:22:00,0,1,1,36,3,39
323.0,2017-03-24 12:25:00,0,0,0,36,3,39
323.0,2017-03-24 12:28:00,0,0,0,36,3,39
323.0,2017-03-24 12:31:00,0,0,0,36,3,39
323.0,2017-03-24 12:34:00,0,0,0,36,3,39
323.0,2017-03-24 12:35:00,0,0,0,6,33,39
323.0,2017-03-24 12:38:00,0,0,0,6,33,39
323.0,2017-03-24 12:41:00,0,0,0,6,33,39
323.0,2017-03-24 12:44:00,0,0,0,6,33,39
323.0,2017-03-24 12:47:00,0,0,0,6,33,39
323.0,2017-03-24 12:50:00,0,0,0,6,33,39
323.0,2017-03-24 12:53:00,0,0,0,6,33,39
323.0,2017-03-24 12:56:00,0,0,0,6,33,39
323.0,2017-03-24 12:59:00,0,0,0,6,33,39
323.0,2017-03-24 13:02:00,0,0,0,6,33,39
323.0,2017-03-24 13:05:00,0,0,0,6,33,39
323.0,2017-03-24 13:08:00,0,0,0,6,33,39
323.0,2017-03-24 13:11:00,0,0,0,6,33,39
323.0,2017-03-24 13:14:00,0,0,0,6,33,39
323.0,2017-03-24 13:17:00,0,0,0,36,3,39
323.0,2017-03-24 13:20:00,0,0,0,36,3,39
323.0,2017-03-24 13:23:00,0,0,0,36,3,39
323.0,2017-03-24 13:26:00,0,0,0,36,3,39
323.0,2017-03-24 13:29:00,0,0,0,36,3,39
323.0,2017-03-24 13:32:00,0,0,0,36,3,39
323.0,2017-03-24 13:35:00,0,0,0,36,3,39
323.0,2017-03-24 13:38:00,0,0,0,36,3,39
323.0,2017-03-24 13:41:00,0,0,0,36,3,39
323.0,2017-03-24 13:44:00,0,0,0,36,3,39
323.0,2017-03-24 13:47:00,0,0,0,36,3,39
323.0,2017-03-24 13:50:00,0,0,0,36,3,39
323.0,2017-03-24 13:53:00,1,0,-1,35,4,39
323.0,2017-03-24 13:55:00,1,0,-1,34,5,39
323.0,2017-03-24 13:58:00,0,0,0,34,5,39
323.0,2017-03-24 14:01:00,0,0,0,34,5,39
323.0,2017-03-24 14:04:00,0,0,0,34,5,39
323.0,2017-03-24 14:07:00,0,0,0,34,5,39
323.0,2017-03-24 14:10:00,0,0,0,34,5,39
323.0,2017-03-24 14:13:00,0,1,1,35,4,39
323.0,2017-03-24 14:16:00,0,0,0,35,4,39
323.0,2017-03-24 14:19:00,0,0,0,35,4,39
323.0,2017-03-24 14:22:00,0,0,0,35,4,39
323.0,2017-03-24 14:25:00,1,0,-1,34,5,39
323.0,2017-03-24 14:28:00,0,0,0,34,5,39
323.0,2017-03-24 14:31:00,0,0,0,34,5,39
323.0,2017-03-24 14:34:00,1,0,-1,33,6,39
323.0,2017-03-24 14:35:00,1,0,-1,34,5,39
323.0,2017-03-24 14:38:00,0,0,0,34,5,39
323.0,2017-03-24 14:41:00,0,0,0,34,5,39
323.0,2017-03-24 14:44:00,0,1,1,35,4,39
323.0,2017-03-24 14:47:00,0,0,0,35,4,39
323.0,2017-03-24 14:50:00,0,0,0,35,4,39
323.0,2017-03-24 14:53:00,0,1,1,36,3,39
323.0,2017-03-24 14:56:00,0,0,0,36,3,39
323.0,2017-03-24 14:59:00,0,0,0,36,3,39
323.0,2017-03-24 15:02:00,0,0,0,36,3,39
323.0,2017-03-24 15:05:00,1,0,-1,35,4,39
323.0,2017-03-24 15:08:00,0,0,0,35,4,39
323.0,2017-03-24 15:11:00,0,0,0,35,4,39
323.0,2017-03-24 15:14:00,0,0,0,35,4,39
323.0,2017-03-24 15:16:00,0,0,0,36,3,39
323.0,2017-03-24 15:19:00,0,0,0,36,3,39
323.0,2017-03-24 15:22:00,0,0,0,36,3,39
323.0,2017-03-24 15:25:00,0,0,0,36,3,39
323.0,2017-03-24 15:28:00,0,0,0,36,3,39
323.0,2017-03-24 15:31:00,0,0,0,36,3,39
323.0,2017-03-24 15:34:00,0,0,0,36,3,39
323.0,2017-03-24 15:37:00,0,0,0,36,3,39
323.0,2017-03-24 15:40:00,0,0,0,36,3,39
323.0,2017-03-24 15:43:00,0,0,0,36,3,39
323.0,2017-03-24 15:46:00,1,1,0,36,3,39
323.0,2017-03-24 15:49:00,0,0,0,36,3,39
323.0,2017-03-24 15:52:00,0,0,0,36,3,39
323.0,2017-03-24 15:55:00,1,1,0,36,3,39
323.0,2017-03-24 15:58:00,1,1,0,36,3,39
323.0,2017-03-24 16:00:00,0,0,0,36,3,39
323.0,2017-03-24 16:03:00,0,0,0,36,3,39
323.0,2017-03-24 16:06:00,0,0,0,36,3,39
323.0,2017-03-24 16:09:00,0,0,0,36,3,39
323.0,2017-03-24 16:12:00,0,1,1,37,2,39
323.0,2017-03-24 16:15:00,1,0,-1,36,3,39
323.0,2017-03-24 16:18:00,1,0,-1,35,4,39
323.0,2017-03-24 16:21:00,1,0,-1,34,5,39
323.0,2017-03-24 16:24:00,1,0,-1,33,6,39
323.0,2017-03-24 16:27:00,0,0,0,33,6,39
323.0,2017-03-24 16:30:00,1,0,-1,32,7,39
323.0,2017-03-24 16:33:00,2,0,-2,30,9,39
323.0,2017-03-24 16:36:00,0,0,0,30,9,39
323.0,2017-03-24 16:39:00,0,0,0,30,9,39
323.0,2017-03-24 16:42:00,0,0,0,30,9,39
323.0,2017-03-24 16:45:00,0,0,0,30,9,39
323.0,2017-03-24 16:48:00,1,0,-1,29,10,39
323.0,2017-03-24 16:51:00,1,0,-1,28,11,39
323.0,2017-03-24 16:54:00,0,0,0,28,11,39
323.0,2017-03-24 16:57:00,1,0,-1,27,12,39
323.0,2017-03-24 17:00:00,0,0,0,27,12,39
323.0,2017-03-24 17:03:00,0,0,0,27,12,39
323.0,2017-03-24 17:06:00,1,0,-1,26,13,39
323.0,2017-03-24 17:09:00,1,0,-1,25,14,39
323.0,2017-03-24 17:12:00,0,0,0,25,14,39
323.0,2017-03-24 17:15:00,0,1,1,26,13,39
323.0,2017-03-24 17:18:00,0,0,0,26,13,39
323.0,2017-03-24 17:21:00,0,0,0,26,13,39
323.0,2017-03-24 17:24:00,0,0,0,26,13,39
323.0,2017-03-24 17:27:00,0,0,0,26,13,39
323.0,2017-03-24 17:30:00,1,0,-1,25,14,39
323.0,2017-03-24 17:33:00,0,0,0,25,14,39
323.0,2017-03-24 17:36:00,0,0,0,25,14,39
323.0,2017-03-24 17:39:00,0,0,0,25,14,39
323.0,2017-03-24 17:42:00,0,0,0,25,14,39
323.0,2017-03-24 17:45:00,0,1,1,26,13,39
323.0,2017-03-24 17:48:00,0,0,0,26,13,39
323.0,2017-03-24 17:51:00,0,0,0,26,13,39
323.0,2017-03-24 17:54:00,2,0,-2,24,15,39
323.0,2017-03-24 17:57:00,0,0,0,24,15,39
323.0,2017-03-24 18:00:00,0,0,0,24,15,39
323.0,2017-03-24 18:03:00,0,0,0,24,15,39
323.0,2017-03-24 18:06:00,0,0,0,24,15,39
323.0,2017-03-24 18:08:00,0,1,1,25,14,39
323.0,2017-03-24 18:11:00,0,0,0,25,14,39
323.0,2017-03-24 18:14:00,1,0,-1,24,15,39
323.0,2017-03-24 18:17:00,1,0,-1,23,16,39
323.0,2017-03-24 18:20:00,0,0,0,23,16,39
323.0,2017-03-24 18:23:00,0,0,0,23,16,39
323.0,2017-03-24 18:26:00,1,2,1,24,15,39
323.0,2017-03-24 18:29:00,0,2,2,26,13,39
323.0,2017-03-24 18:32:00,0,1,1,27,12,39
323.0,2017-03-24 18:35:00,0,0,0,27,12,39
323.0,2017-03-24 18:38:00,1,0,-1,26,13,39
323.0,2017-03-24 18:41:00,0,1,1,27,12,39
323.0,2017-03-24 18:44:00,0,0,0,27,12,39
323.0,2017-03-24 18:47:00,0,0,0,27,12,39
323.0,2017-03-24 18:49:00,1,0,-1,25,14,39
323.0,2017-03-24 18:52:00,0,0,0,25,14,39
323.0,2017-03-24 18:55:00,2,0,-2,23,16,39
323.0,2017-03-24 18:58:00,1,2,1,24,15,39
323.0,2017-03-24 19:01:00,0,0,0,24,15,39
323.0,2017-03-24 19:04:00,1,1,0,24,15,39
323.0,2017-03-24 19:07:00,1,0,-1,23,16,39
323.0,2017-03-24 19:10:00,1,0,-1,22,17,39
323.0,2017-03-24 19:13:00,2,0,-2,20,19,39
323.0,2017-03-24 19:16:00,0,0,0,20,19,39
323.0,2017-03-24 19:19:00,1,0,-1,19,20,39
323.0,2017-03-24 19:22:00,0,0,0,19,20,39
323.0,2017-03-24 19:25:00,1,0,-1,18,21,39
323.0,2017-03-24 19:28:00,1,1,0,18,21,39
323.0,2017-03-24 19:30:00,0,0,0,18,21,39
323.0,2017-03-24 19:33:00,0,0,0,18,21,39
323.0,2017-03-24 19:36:00,0,0,0,18,21,39
323.0,2017-03-24 19:39:00,0,0,0,18,21,39
323.0,2017-03-24 19:42:00,0,0,0,18,21,39
323.0,2017-03-24 19:45:00,0,0,0,18,21,39
323.0,2017-03-24 19:48:00,1,0,-1,17,22,39
323.0,2017-03-24 19:51:00,0,0,0,17,22,39
323.0,2017-03-24 19:54:00,0,1,1,18,21,39
323.0,2017-03-24 19:57:00,0,1,1,19,20,39
323.0,2017-03-24 20:00:00,1,0,-1,18,21,39
323.0,2017-03-24 20:03:00,0,0,0,18,21,39
323.0,2017-03-24 20:06:00,0,0,0,18,21,39
323.0,2017-03-24 20:09:00,0,0,0,18,21,39
323.0,2017-03-24 20:12:00,0,0,0,18,21,39
323.0,2017-03-24 20:15:00,0,0,0,18,21,39
323.0,2017-03-24 20:18:00,0,0,0,18,21,39
323.0,2017-03-24 20:21:00,0,0,0,18,21,39
323.0,2017-03-24 20:24:00,0,0,0,18,21,39
323.0,2017-03-24 20:27:00,0,0,0,18,21,39
323.0,2017-03-24 20:30:00,1,0,-1,17,22,39
323.0,2017-03-24 20:33:00,0,0,0,17,22,39
323.0,2017-03-24 20:36:00,0,1,1,18,21,39
323.0,2017-03-24 20:39:00,1,1,0,18,21,39
323.0,2017-03-24 20:42:00,0,0,0,18,21,39
323.0,2017-03-24 20:45:00,1,0,-1,17,22,39
323.0,2017-03-24 20:48:00,0,0,0,17,22,39
323.0,2017-03-24 20:51:00,0,0,0,17,22,39
323.0,2017-03-24 20:54:00,0,0,0,17,22,39
323.0,2017-03-24 20:57:00,0,0,0,17,22,39
323.0,2017-03-24 21:00:00,3,0,-3,14,25,39
323.0,2017-03-24 21:03:00,0,0,0,14,25,39
323.0,2017-03-24 21:06:00,0,0,0,14,25,39
323.0,2017-03-24 21:09:00,0,0,0,14,25,39
323.0,2017-03-24 21:12:00,0,0,0,14,25,39
323.0,2017-03-24 21:15:00,0,0,0,14,25,39
323.0,2017-03-24 21:18:00,1,0,-1,13,26,39
323.0,2017-03-24 21:21:00,0,0,0,13,26,39
323.0,2017-03-24 21:24:00,0,0,0,13,26,39
323.0,2017-03-24 21:27:00,0,1,1,14,25,39
323.0,2017-03-24 21:28:00,0,0,0,14,25,39
323.0,2017-03-24 21:31:00,0,0,0,14,25,39
323.0,2017-03-24 21:34:00,0,0,0,14,25,39
323.0,2017-03-24 21:37:00,0,0,0,14,25,39
323.0,2017-03-24 21:40:00,0,0,0,14,25,39
323.0,2017-03-24 21:43:00,0,0,0,14,25,39
323.0,2017-03-24 21:46:00,0,0,0,14,25,39
323.0,2017-03-24 21:49:00,0,0,0,14,25,39
323.0,2017-03-24 21:52:00,0,0,0,14,25,39
323.0,2017-03-24 21:55:00,0,0,0,14,25,39
323.0,2017-03-24 21:58:00,0,0,0,14,25,39
323.0,2017-03-24 22:01:00,0,0,0,14,25,39
323.0,2017-03-24 22:04:00,0,0,0,14,25,39
323.0,2017-03-24 22:07:00,0,0,0,14,25,39
323.0,2017-03-24 22:09:00,0,0,0,14,25,39
323.0,2017-03-24 22:12:00,0,0,0,14,25,39
323.0,2017-03-24 22:15:00,0,0,0,14,25,39
323.0,2017-03-24 22:18:00,1,0,-1,13,26,39
323.0,2017-03-24 22:21:00,0,0,0,13,26,39
323.0,2017-03-24 22:24:00,0,0,0,13,26,39
323.0,2017-03-24 22:27:00,0,1,1,14,25,39
323.0,2017-03-24 22:30:00,0,0,0,14,25,39
323.0,2017-03-24 22:33:00,0,0,0,14,25,39
323.0,2017-03-24 22:36:00,0,0,0,14,25,39
323.0,2017-03-24 22:39:00,0,0,0,14,25,39
323.0,2017-03-24 22:42:00,0,0,0,14,25,39
323.0,2017-03-24 22:45:00,0,0,0,14,25,39
323.0,2017-03-24 22:46:00,0,0,0,14,25,39
323.0,2017-03-24 22:49:00,0,0,0,14,25,39
323.0,2017-03-24 22:52:00,0,0,0,14,25,39
323.0,2017-03-24 22:55:00,0,0,0,14,25,39
323.0,2017-03-24 22:58:00,0,0,0,14,25,39
323.0,2017-03-24 23:01:00,0,0,0,14,25,39
323.0,2017-03-24 23:04:00,0,0,0,14,25,39
323.0,2017-03-24 23:07:00,0,0,0,14,25,39
323.0,2017-03-24 23:10:00,0,0,0,14,25,39
323.0,2017-03-24 23:13:00,0,0,0,14,25,39
323.0,2017-03-24 23:16:00,0,0,0,14,25,39
323.0,2017-03-24 23:19:00,0,0,0,14,25,39
323.0,2017-03-24 23:22:00,0,0,0,14,25,39
323.0,2017-03-24 23:23:00,0,0,0,14,25,39
323.0,2017-03-24 23:26:00,0,0,0,14,25,39
323.0,2017-03-24 23:29:00,0,0,0,14,25,39
323.0,2017-03-24 23:32:00,0,0,0,14,25,39
323.0,2017-03-24 23:35:00,0,0,0,14,25,39
323.0,2017-03-24 23:38:00,0,0,0,14,25,39
323.0,2017-03-24 23:41:00,0,0,0,14,25,39
323.0,2017-03-24 23:44:00,0,0,0,14,25,39
323.0,2017-03-24 23:47:00,1,0,-1,13,26,39
323.0,2017-03-24 23:50:00,0,0,0,13,26,39
323.0,2017-03-24 23:53:00,0,0,0,13,26,39
323.0,2017-03-24 23:56:00,0,0,0,13,26,39
323.0,2017-03-24 23:59:00,0,0,0,13,26,39
323.0,2017-03-25 00:02:00,0,0,0,13,26,39
323.0,2017-03-25 00:05:00,0,0,0,13,26,39
323.0,2017-03-25 00:08:00,0,0,0,13,26,39
323.0,2017-03-25 00:11:00,0,0,0,13,26,39
323.0,2017-03-25 00:14:00,0,0,0,13,26,39
323.0,2017-03-25 00:17:00,0,0,0,13,26,39
323.0,2017-03-25 00:20:00,0,0,0,13,26,39
323.0,2017-03-25 00:23:00,0,0,0,13,26,39
323.0,2017-03-25 00:26:00,0,0,0,13,26,39
323.0,2017-03-25 00:29:00,0,0,0,13,26,39
323.0,2017-03-25 00:32:00,0,0,0,13,26,39
323.0,2017-03-25 00:35:00,2,0,-2,11,28,39
323.0,2017-03-25 00:38:00,0,0,0,36,3,39
323.0,2017-03-25 00:41:00,0,0,0,36,3,39
323.0,2017-03-25 00:44:00,0,0,0,36,3,39
323.0,2017-03-25 00:47:00,0,0,0,36,3,39
323.0,2017-03-25 00:50:00,0,0,0,36,3,39
323.0,2017-03-25 00:53:00,0,0,0,36,3,39
323.0,2017-03-25 00:56:00,0,0,0,36,3,39
323.0,2017-03-25 00:59:00,0,0,0,36,3,39
323.0,2017-03-25 01:02:00,0,0,0,36,3,39
323.0,2017-03-25 01:05:00,0,0,0,36,3,39
323.0,2017-03-25 01:08:00,0,0,0,36,3,39
323.0,2017-03-25 01:11:00,0,0,0,36,3,39
323.0,2017-03-25 01:14:00,0,0,0,36,3,39
323.0,2017-03-25 01:17:00,0,0,0,36,3,39
323.0,2017-03-25 01:18:00,0,0,0,11,28,39
323.0,2017-03-25 01:21:00,1,0,-1,10,29,39
323.0,2017-03-25 01:24:00,0,0,0,10,29,39
323.0,2017-03-25 01:27:00,0,0,0,10,29,39
323.0,2017-03-25 01:30:00,0,0,0,10,29,39
323.0,2017-03-25 01:33:00,0,0,0,10,29,39
323.0,2017-03-25 01:36:00,0,0,0,10,29,39
323.0,2017-03-25 01:39:00,0,0,0,10,29,39
323.0,2017-03-25 01:42:00,0,0,0,10,29,39
323.0,2017-03-25 01:45:00,0,0,0,10,29,39
323.0,2017-03-25 01:48:00,0,0,0,10,29,39
323.0,2017-03-25 01:51:00,0,0,0,10,29,39
323.0,2017-03-25 01:54:00,0,0,0,10,29,39
323.0,2017-03-25 01:55:00,0,0,0,10,29,39
323.0,2017-03-25 01:58:00,0,0,0,10,29,39
323.0,2017-03-25 02:01:00,0,0,0,10,29,39
323.0,2017-03-25 02:04:00,0,0,0,10,29,39
323.0,2017-03-25 02:07:00,0,0,0,10,29,39
323.0,2017-03-25 02:10:00,0,0,0,10,29,39
323.0,2017-03-25 02:13:00,0,0,0,10,29,39
323.0,2017-03-25 02:16:00,0,0,0,10,29,39
323.0,2017-03-25 02:19:00,0,0,0,10,29,39
323.0,2017-03-25 02:22:00,0,0,0,10,29,39
323.0,2017-03-25 02:25:00,0,0,0,10,29,39
323.0,2017-03-25 02:28:00,0,0,0,10,29,39
323.0,2017-03-25 02:31:00,0,0,0,10,29,39
323.0,2017-03-25 02:34:00,0,0,0,10,29,39
323.0,2017-03-25 02:37:00,0,0,0,10,29,39
323.0,2017-03-25 02:40:00,0,0,0,10,29,39
323.0,2017-03-25 02:43:00,0,0,0,10,29,39
323.0,2017-03-25 02:46:00,0,0,0,10,29,39
323.0,2017-03-25 02:49:00,0,0,0,10,29,39
323.0,2017-03-25 02:52:00,0,0,0,10,29,39
323.0,2017-03-25 02:55:00,0,0,0,10,29,39
323.0,2017-03-25 02:58:00,0,0,0,10,29,39
323.0,2017-03-25 03:01:00,0,0,0,10,29,39
323.0,2017-03-25 03:04:00,0,0,0,10,29,39
323.0,2017-03-25 03:07:00,0,0,0,10,29,39
323.0,2017-03-25 03:08:00,0,0,0,10,29,39
323.0,2017-03-25 03:11:00,0,0,0,10,29,39
323.0,2017-03-25 03:14:00,0,0,0,10,29,39
323.0,2017-03-25 03:17:00,0,0,0,10,29,39
323.0,2017-03-25 03:20:00,0,0,0,10,29,39
323.0,2017-03-25 03:23:00,0,0,0,10,29,39
323.0,2017-03-25 03:26:00,0,0,0,10,29,39
323.0,2017-03-25 03:29:00,0,0,0,10,29,39
323.0,2017-03-25 03:32:00,0,0,0,10,29,39
323.0,2017-03-25 03:35:00,0,0,0,10,29,39
323.0,2017-03-25 03:38:00,0,0,0,10,29,39
323.0,2017-03-25 03:41:00,0,0,0,10,29,39
323.0,2017-03-25 03:44:00,0,0,0,10,29,39
323.0,2017-03-25 03:47:00,0,0,0,10,29,39
323.0,2017-03-25 03:50:00,0,0,0,10,29,39
323.0,2017-03-25 03:53:00,0,0,0,10,29,39
323.0,2017-03-25 03:56:00,0,0,0,10,29,39
323.0,2017-03-25 03:57:00,0,0,0,9,30,39
323.0,2017-03-25 04:00:00,0,0,0,9,30,39
323.0,2017-03-25 04:03:00,0,0,0,9,30,39
323.0,2017-03-25 04:06:00,0,0,0,9,30,39
323.0,2017-03-25 04:09:00,0,0,0,9,30,39
323.0,2017-03-25 04:12:00,0,0,0,9,30,39
323.0,2017-03-25 04:15:00,0,0,0,9,30,39
323.0,2017-03-25 04:18:00,0,0,0,9,30,39
323.0,2017-03-25 04:21:00,0,0,0,9,30,39
323.0,2017-03-25 04:24:00,0,0,0,9,30,39
323.0,2017-03-25 04:27:00,0,0,0,9,30,39
323.0,2017-03-25 04:30:00,0,0,0,9,30,39
323.0,2017-03-25 04:32:00,0,0,0,9,30,39
323.0,2017-03-25 04:35:00,0,0,0,9,30,39
323.0,2017-03-25 04:38:00,0,0,0,9,30,39
323.0,2017-03-25 04:41:00,0,0,0,9,30,39
323.0,2017-03-25 04:44:00,0,0,0,9,30,39
323.0,2017-03-25 04:47:00,0,0,0,9,30,39
323.0,2017-03-25 04:50:00,0,0,0,9,30,39
323.0,2017-03-25 04:53:00,0,0,0,9,30,39
323.0,2017-03-25 04:56:00,0,0,0,9,30,39
323.0,2017-03-25 04:59:00,0,0,0,9,30,39
323.0,2017-03-25 05:02:00,0,0,0,9,30,39
323.0,2017-03-25 05:05:00,0,0,0,9,30,39
323.0,2017-03-25 05:08:00,0,0,0,9,30,39
323.0,2017-03-25 05:11:00,0,0,0,9,30,39
323.0,2017-03-25 05:14:00,0,0,0,9,30,39
323.0,2017-03-25 05:17:00,0,0,0,9,30,39
323.0,2017-03-25 05:20:00,0,0,0,9,30,39
323.0,2017-03-25 05:23:00,0,0,0,9,30,39
323.0,2017-03-25 05:26:00,0,0,0,9,30,39
323.0,2017-03-25 05:29:00,0,0,0,9,30,39
323.0,2017-03-25 05:32:00,0,0,0,9,30,39
323.0,2017-03-25 05:35:00,0,0,0,9,30,39
323.0,2017-03-25 05:38:00,0,0,0,9,30,39
323.0,2017-03-25 05:41:00,0,0,0,9,30,39
323.0,2017-03-25 05:44:00,0,0,0,9,30,39
323.0,2017-03-25 05:45:00,0,0,0,9,30,39
323.0,2017-03-25 05:48:00,0,0,0,9,30,39
323.0,2017-03-25 05:51:00,0,0,0,9,30,39
323.0,2017-03-25 05:54:00,0,0,0,9,30,39
323.0,2017-03-25 05:57:00,0,0,0,9,30,39
323.0,2017-03-25 06:00:00,0,0,0,9,30,39
323.0,2017-03-25 06:03:00,0,0,0,9,30,39
323.0,2017-03-25 06:06:00,0,0,0,9,30,39
323.0,2017-03-25 06:09:00,0,0,0,9,30,39
323.0,2017-03-25 06:12:00,1,0,-1,8,31,39
323.0,2017-03-25 06:15:00,0,0,0,8,31,39
323.0,2017-03-25 06:18:00,0,0,0,8,31,39
323.0,2017-03-25 06:21:00,0,0,0,8,31,39
323.0,2017-03-25 06:22:00,0,0,0,8,31,39
323.0,2017-03-25 06:25:00,0,0,0,8,31,39
323.0,2017-03-25 06:28:00,0,0,0,8,31,39
323.0,2017-03-25 06:31:00,0,1,1,9,30,39
323.0,2017-03-25 06:34:00,0,0,0,9,30,39
323.0,2017-03-25 06:37:00,0,0,0,9,30,39
323.0,2017-03-25 06:40:00,0,0,0,9,30,39
323.0,2017-03-25 06:43:00,0,0,0,9,30,39
323.0,2017-03-25 06:46:00,0,1,1,10,29,39
323.0,2017-03-25 06:49:00,0,0,0,10,29,39
323.0,2017-03-25 06:50:00,0,0,0,10,29,39
323.0,2017-03-25 06:53:00,0,0,0,10,29,39
323.0,2017-03-25 06:56:00,0,0,0,10,29,39
323.0,2017-03-25 06:59:00,0,0,0,10,29,39
323.0,2017-03-25 07:02:00,0,0,0,10,29,39
323.0,2017-03-25 07:05:00,0,0,0,10,29,39
323.0,2017-03-25 07:08:00,0,0,0,10,29,39
323.0,2017-03-25 07:11:00,0,0,0,10,29,39
323.0,2017-03-25 07:14:00,0,0,0,10,29,39
323.0,2017-03-25 07:17:00,0,0,0,10,29,39
323.0,2017-03-25 07:20:00,0,0,0,10,29,39
323.0,2017-03-25 07:23:00,0,0,0,10,29,39
323.0,2017-03-25 07:26:00,0,0,0,10,29,39
323.0,2017-03-25 07:29:00,0,0,0,10,29,39
323.0,2017-03-25 07:30:00,0,0,0,10,29,39
323.0,2017-03-25 07:33:00,0,0,0,10,29,39
323.0,2017-03-25 07:36:00,0,0,0,10,29,39
323.0,2017-03-25 07:39:00,0,0,0,10,29,39
323.0,2017-03-25 07:42:00,0,0,0,10,29,39
323.0,2017-03-25 07:45:00,0,0,0,10,29,39
323.0,2017-03-25 07:48:00,0,0,0,10,29,39
323.0,2017-03-25 07:51:00,0,0,0,10,29,39
323.0,2017-03-25 07:54:00,0,0,0,10,29,39
323.0,2017-03-25 07:57:00,0,0,0,10,29,39
323.0,2017-03-25 08:00:00,0,0,0,10,29,39
323.0,2017-03-25 08:03:00,0,0,0,10,29,39
323.0,2017-03-25 08:06:00,0,0,0,10,29,39
323.0,2017-03-25 08:07:00,0,0,0,10,29,39
323.0,2017-03-25 08:10:00,0,0,0,10,29,39
323.0,2017-03-25 08:13:00,0,0,0,10,29,39
323.0,2017-03-25 08:16:00,0,0,0,10,29,39
323.0,2017-03-25 08:19:00,0,0,0,10,29,39
323.0,2017-03-25 08:22:00,0,0,0,10,29,39
323.0,2017-03-25 08:25:00,0,0,0,10,29,39
323.0,2017-03-25 08:28:00,0,0,0,10,29,39
323.0,2017-03-25 08:31:00,1,0,-1,9,30,39
323.0,2017-03-25 08:34:00,1,0,-1,8,31,39
323.0,2017-03-25 08:37:00,0,0,0,8,31,39
323.0,2017-03-25 08:40:00,0,0,0,8,31,39
323.0,2017-03-25 08:43:00,0,0,0,8,31,39
323.0,2017-03-25 08:44:00,0,0,0,8,31,39
323.0,2017-03-25 08:47:00,0,0,0,8,31,39
323.0,2017-03-25 08:50:00,0,0,0,8,31,39
323.0,2017-03-25 08:53:00,0,0,0,8,31,39
323.0,2017-03-25 08:56:00,0,0,0,8,31,39
323.0,2017-03-25 08:59:00,0,0,0,8,31,39
323.0,2017-03-25 09:02:00,0,0,0,8,31,39
323.0,2017-03-25 09:05:00,0,0,0,8,31,39
323.0,2017-03-25 09:08:00,0,0,0,8,31,39
323.0,2017-03-25 09:11:00,0,0,0,8,31,39
323.0,2017-03-25 09:14:00,0,0,0,8,31,39
323.0,2017-03-25 09:17:00,0,0,0,8,31,39
323.0,2017-03-25 09:20:00,0,0,0,8,31,39
323.0,2017-03-25 09:21:00,0,0,0,8,31,39
323.0,2017-03-25 09:24:00,0,0,0,8,31,39
323.0,2017-03-25 09:27:00,0,0,0,8,31,39
323.0,2017-03-25 09:30:00,0,0,0,8,31,39
323.0,2017-03-25 09:33:00,1,2,1,9,30,39
323.0,2017-03-25 09:36:00,0,0,0,9,30,39
323.0,2017-03-25 09:39:00,1,0,-1,8,31,39
323.0,2017-03-25 09:42:00,0,1,1,9,30,39
323.0,2017-03-25 09:45:00,0,0,0,9,30,39
323.0,2017-03-25 09:48:00,0,0,0,9,30,39
323.0,2017-03-25 09:51:00,1,0,-1,8,31,39
323.0,2017-03-25 09:54:00,0,0,0,8,31,39
323.0,2017-03-25 09:57:00,0,0,0,8,31,39
323.0,2017-03-25 09:58:00,0,0,0,8,31,39
323.0,2017-03-25 10:01:00,0,0,0,8,31,39
323.0,2017-03-25 10:04:00,0,1,1,9,30,39
323.0,2017-03-25 10:07:00,0,0,0,9,30,39
323.0,2017-03-25 10:10:00,0,0,0,9,30,39
323.0,2017-03-25 10:13:00,1,0,-1,8,31,39
323.0,2017-03-25 10:16:00,0,0,0,8,31,39
323.0,2017-03-25 10:19:00,0,0,0,8,31,39
323.0,2017-03-25 10:22:00,0,0,0,8,31,39
323.0,2017-03-25 10:25:00,1,1,0,8,31,39
323.0,2017-03-25 10:28:00,0,0,0,8,31,39
323.0,2017-03-25 10:31:00,0,1,1,9,30,39
323.0,2017-03-25 10:34:00,2,0,-2,7,32,39
323.0,2017-03-25 10:36:00,1,0,-1,6,33,39
323.0,2017-03-25 10:39:00,0,2,2,8,31,39
323.0,2017-03-25 10:42:00,1,2,1,9,30,39
323.0,2017-03-25 10:45:00,0,0,0,9,30,39
323.0,2017-03-25 10:48:00,0,1,1,10,29,39
323.0,2017-03-25 10:51:00,0,0,0,10,29,39
323.0,2017-03-25 10:54:00,0,0,0,10,29,39
323.0,2017-03-25 10:57:00,0,0,0,10,29,39
323.0,2017-03-25 11:00:00,0,0,0,10,29,39
323.0,2017-03-25 11:03:00,0,0,0,10,29,39
323.0,2017-03-25 11:06:00,0,0,0,10,29,39
323.0,2017-03-25 11:09:00,0,1,1,11,28,39
323.0,2017-03-25 11:12:00,0,0,0,11,28,39
323.0,2017-03-25 11:14:00,0,0,0,12,27,39
323.0,2017-03-25 11:17:00,0,0,0,12,27,39
323.0,2017-03-25 11:20:00,0,0,0,12,27,39
323.0,2017-03-25 11:23:00,0,2,2,14,25,39
323.0,2017-03-25 11:26:00,1,0,-1,13,26,39
323.0,2017-03-25 11:29:00,1,0,-1,12,27,39
323.0,2017-03-25 11:32:00,0,0,0,12,27,39
323.0,2017-03-25 11:35:00,0,1,1,13,26,39
323.0,2017-03-25 11:38:00,0,0,0,13,26,39
323.0,2017-03-25 11:41:00,0,0,0,13,26,39
323.0,2017-03-25 11:44:00,0,0,0,13,26,39
323.0,2017-03-25 11:47:00,0,0,0,13,26,39
323.0,2017-03-25 11:50:00,0,0,0,13,26,39
323.0,2017-03-25 11:53:00,0,1,1,14,25,39
323.0,2017-03-25 11:56:00,0,0,0,14,25,39
323.0,2017-03-25 11:59:00,1,0,-1,13,26,39
323.0,2017-03-25 12:02:00,0,0,0,13,26,39
323.0,2017-03-25 12:05:00,1,0,-1,12,27,39
323.0,2017-03-25 12:08:00,0,1,1,13,26,39
323.0,2017-03-25 12:11:00,0,0,0,13,26,39
323.0,2017-03-25 12:14:00,0,1,1,14,25,39
323.0,2017-03-25 12:17:00,0,0,0,14,25,39
323.0,2017-03-25 12:20:00,0,1,1,15,24,39
323.0,2017-03-25 12:23:00,0,0,0,15,24,39
323.0,2017-03-25 12:26:00,0,0,0,15,24,39
323.0,2017-03-25 12:29:00,0,2,2,17,22,39
323.0,2017-03-25 12:32:00,0,0,0,17,22,39
323.0,2017-03-25 12:35:00,0,0,0,17,22,39
323.0,2017-03-25 12:38:00,0,0,0,17,22,39
323.0,2017-03-25 12:41:00,2,0,-2,9,30,39
323.0,2017-03-25 12:44:00,1,0,-1,8,31,39
323.0,2017-03-25 12:47:00,0,0,0,8,31,39
323.0,2017-03-25 12:50:00,0,0,0,8,31,39
323.0,2017-03-25 12:53:00,1,0,-1,7,32,39
323.0,2017-03-25 12:56:00,1,0,-1,6,33,39
323.0,2017-03-25 12:59:00,1,0,-1,5,34,39
323.0,2017-03-25 13:02:00,0,1,1,6,33,39
323.0,2017-03-25 13:05:00,1,0,-1,5,34,39
323.0,2017-03-25 13:08:00,0,0,0,5,34,39
323.0,2017-03-25 13:10:00,0,0,0,11,28,39
323.0,2017-03-25 13:13:00,0,0,0,11,28,39
323.0,2017-03-25 13:16:00,0,0,0,11,28,39
323.0,2017-03-25 13:19:00,0,0,0,11,28,39
323.0,2017-03-25 13:22:00,0,0,0,11,28,39
323.0,2017-03-25 13:25:00,0,0,0,11,28,39
323.0,2017-03-25 13:28:00,0,0,0,11,28,39
323.0,2017-03-25 13:31:00,0,0,0,11,28,39
323.0,2017-03-25 13:34:00,0,0,0,11,28,39
323.0,2017-03-25 13:37:00,0,0,0,11,28,39
323.0,2017-03-25 13:40:00,0,0,0,11,28,39
323.0,2017-03-25 13:43:00,0,0,0,11,28,39
323.0,2017-03-25 13:46:00,0,0,0,11,28,39
323.0,2017-03-25 13:49:00,0,0,0,11,28,39
323.0,2017-03-25 13:51:00,0,0,0,11,28,39
323.0,2017-03-25 13:54:00,0,0,0,11,28,39
323.0,2017-03-25 13:57:00,0,0,0,11,28,39
323.0,2017-03-25 14:00:00,0,0,0,11,28,39
323.0,2017-03-25 14:03:00,0,0,0,11,28,39
323.0,2017-03-25 14:06:00,0,1,1,12,27,39
323.0,2017-03-25 14:09:00,0,0,0,12,27,39
323.0,2017-03-25 14:12:00,0,0,0,12,27,39
323.0,2017-03-25 14:15:00,0,0,0,12,27,39
323.0,2017-03-25 14:18:00,0,0,0,12,27,39
323.0,2017-03-25 14:21:00,0,0,0,12,27,39
323.0,2017-03-25 14:24:00,0,0,0,12,27,39
323.0,2017-03-25 14:27:00,0,1,1,13,26,39
323.0,2017-03-25 14:28:00,0,1,1,13,26,39
323.0,2017-03-25 14:31:00,0,0,0,13,26,39
323.0,2017-03-25 14:34:00,0,0,0,13,26,39
323.0,2017-03-25 14:37:00,0,0,0,13,26,39
323.0,2017-03-25 14:40:00,0,0,0,13,26,39
323.0,2017-03-25 14:43:00,0,0,0,13,26,39
323.0,2017-03-25 14:46:00,0,0,0,13,26,39
323.0,2017-03-25 14:49:00,0,0,0,13,26,39
323.0,2017-03-25 14:52:00,1,0,-1,12,27,39
323.0,2017-03-25 14:55:00,1,0,-1,11,28,39
323.0,2017-03-25 14:58:00,2,0,-2,9,30,39
323.0,2017-03-25 15:01:00,0,0,0,9,30,39
323.0,2017-03-25 15:04:00,0,0,0,9,30,39
323.0,2017-03-25 15:07:00,0,0,0,9,30,39
323.0,2017-03-25 15:09:00,0,0,0,9,30,39
323.0,2017-03-25 15:12:00,0,0,0,9,30,39
323.0,2017-03-25 15:15:00,0,0,0,9,30,39
323.0,2017-03-25 15:18:00,0,0,0,9,30,39
323.0,2017-03-25 15:21:00,0,0,0,9,30,39
323.0,2017-03-25 15:24:00,0,0,0,9,30,39
323.0,2017-03-25 15:27:00,0,0,0,9,30,39
323.0,2017-03-25 15:30:00,0,0,0,9,30,39
323.0,2017-03-25 15:33:00,0,0,0,9,30,39
323.0,2017-03-25 15:36:00,1,0,-1,8,31,39
323.0,2017-03-25 15:39:00,0,0,0,8,31,39
323.0,2017-03-25 15:42:00,2,0,-2,6,33,39
323.0,2017-03-25 15:45:00,0,0,0,6,33,39
323.0,2017-03-25 15:47:00,0,0,0,6,33,39
323.0,2017-03-25 15:50:00,0,2,2,8,31,39
323.0,2017-03-25 15:53:00,0,0,0,8,31,39
323.0,2017-03-25 15:56:00,0,1,1,9,30,39
323.0,2017-03-25 15:59:00,0,0,0,9,30,39
323.0,2017-03-25 16:02:00,0,0,0,9,30,39
323.0,2017-03-25 16:05:00,0,0,0,9,30,39
323.0,2017-03-25 16:08:00,0,0,0,9,30,39
323.0,2017-03-25 16:11:00,0,0,0,9,30,39
323.0,2017-03-25 16:14:00,0,0,0,9,30,39
323.0,2017-03-25 16:17:00,0,0,0,9,30,39
323.0,2017-03-25 16:20:00,0,0,0,9,30,39
323.0,2017-03-25 16:23:00,1,0,-1,8,31,39
323.0,2017-03-25 16:26:00,0,0,0,8,31,39
323.0,2017-03-25 16:28:00,0,0,0,8,31,39
323.0,2017-03-25 16:31:00,0,0,0,8,31,39
323.0,2017-03-25 16:34:00,0,0,0,8,31,39
323.0,2017-03-25 16:37:00,0,0,0,8,31,39
323.0,2017-03-25 16:40:00,0,0,0,8,31,39
323.0,2017-03-25 16:43:00,0,0,0,8,31,39
323.0,2017-03-25 16:46:00,0,0,0,8,31,39
323.0,2017-03-25 16:49:00,0,0,0,8,31,39
323.0,2017-03-25 16:52:00,1,0,-1,7,32,39
323.0,2017-03-25 16:55:00,0,0,0,7,32,39
323.0,2017-03-25 16:58:00,0,0,0,7,32,39
323.0,2017-03-25 17:01:00,0,0,0,7,32,39
323.0,2017-03-25 17:04:00,2,0,-2,5,34,39
323.0,2017-03-25 17:06:00,0,0,0,5,34,39
323.0,2017-03-25 17:09:00,0,1,1,6,33,39
323.0,2017-03-25 17:12:00,0,0,0,6,33,39
323.0,2017-03-25 17:15:00,0,0,0,6,33,39
323.0,2017-03-25 17:18:00,0,0,0,6,33,39
323.0,2017-03-25 17:21:00,0,0,0,6,33,39
323.0,2017-03-25 17:24:00,0,0,0,6,33,39
323.0,2017-03-25 17:27:00,1,0,-1,5,34,39
323.0,2017-03-25 17:30:00,0,0,0,5,34,39
323.0,2017-03-25 17:33:00,0,0,0,5,34,39
323.0,2017-03-25 17:36:00,0,0,0,5,34,39
323.0,2017-03-25 17:39:00,0,1,1,6,33,39
323.0,2017-03-25 17:42:00,0,1,1,7,32,39
323.0,2017-03-25 17:45:00,0,0,0,7,32,39
323.0,2017-03-25 17:48:00,0,0,0,7,32,39
323.0,2017-03-25 17:51:00,0,0,0,7,32,39
323.0,2017-03-25 17:54:00,0,0,0,7,32,39
323.0,2017-03-25 17:57:00,0,0,0,7,32,39
323.0,2017-03-25 18:00:00,0,0,0,7,32,39
323.0,2017-03-25 18:03:00,0,0,0,7,32,39
323.0,2017-03-25 18:06:00,1,0,-1,6,33,39
323.0,2017-03-25 18:09:00,0,0,0,6,33,39
323.0,2017-03-25 18:12:00,0,0,0,6,33,39
323.0,2017-03-25 18:15:00,0,0,0,6,33,39
323.0,2017-03-25 18:18:00,0,0,0,6,33,39
323.0,2017-03-25 18:21:00,0,0,0,6,33,39
323.0,2017-03-25 18:23:00,0,0,0,6,33,39
323.0,2017-03-25 18:26:00,0,0,0,6,33,39
323.0,2017-03-25 18:29:00,1,0,-1,5,34,39
323.0,2017-03-25 18:32:00,1,0,-1,4,35,39
323.0,2017-03-25 18:35:00,0,0,0,4,35,39
323.0,2017-03-25 18:38:00,0,0,0,4,35,39
323.0,2017-03-25 18:41:00,0,0,0,4,35,39
323.0,2017-03-25 18:44:00,0,1,1,5,34,39
323.0,2017-03-25 18:47:00,0,0,0,5,34,39
323.0,2017-03-25 18:50:00,0,0,0,5,34,39
323.0,2017-03-25 18:53:00,0,0,0,5,34,39
323.0,2017-03-25 18:56:00,2,0,-2,3,36,39
323.0,2017-03-25 18:59:00,0,0,0,3,36,39
323.0,2017-03-25 19:00:00,0,0,0,3,36,39
323.0,2017-03-25 19:03:00,0,0,0,3,36,39
323.0,2017-03-25 19:06:00,0,0,0,3,36,39
323.0,2017-03-25 19:09:00,0,0,0,3,36,39
323.0,2017-03-25 19:12:00,0,0,0,3,36,39
323.0,2017-03-25 19:15:00,0,2,2,5,34,39
323.0,2017-03-25 19:18:00,0,0,0,5,34,39
323.0,2017-03-25 19:21:00,0,0,0,5,34,39
323.0,2017-03-25 19:24:00,1,0,-1,4,35,39
323.0,2017-03-25 19:27:00,0,1,1,5,34,39
323.0,2017-03-25 19:30:00,0,0,0,5,34,39
323.0,2017-03-25 19:33:00,0,0,0,5,34,39
323.0,2017-03-25 19:36:00,0,0,0,5,34,39
323.0,2017-03-25 19:38:00,0,0,0,5,34,39
323.0,2017-03-25 19:41:00,0,0,0,5,34,39
323.0,2017-03-25 19:44:00,0,0,0,5,34,39
323.0,2017-03-25 19:47:00,0,0,0,5,34,39
323.0,2017-03-25 19:50:00,1,0,-1,4,35,39
323.0,2017-03-25 19:53:00,0,2,2,6,33,39
323.0,2017-03-25 19:56:00,0,0,0,6,33,39
323.0,2017-03-25 19:59:00,0,0,0,6,33,39
323.0,2017-03-25 20:02:00,0,0,0,6,33,39
323.0,2017-03-25 20:05:00,1,0,-1,5,34,39
323.0,2017-03-25 20:08:00,0,0,0,5,34,39
323.0,2017-03-25 20:11:00,0,0,0,5,34,39
323.0,2017-03-25 20:14:00,0,0,0,5,34,39
323.0,2017-03-25 20:16:00,0,0,0,5,34,39
323.0,2017-03-25 20:19:00,0,0,0,5,34,39
323.0,2017-03-25 20:22:00,0,0,0,5,34,39
323.0,2017-03-25 20:25:00,0,0,0,5,34,39
323.0,2017-03-25 20:28:00,0,0,0,5,34,39
323.0,2017-03-25 20:31:00,0,1,1,6,33,39
323.0,2017-03-25 20:34:00,0,0,0,6,33,39
323.0,2017-03-25 20:37:00,0,0,0,6,33,39
323.0,2017-03-25 20:40:00,0,0,0,6,33,39
323.0,2017-03-25 20:43:00,0,0,0,6,33,39
323.0,2017-03-25 20:46:00,0,0,0,6,33,39
323.0,2017-03-25 20:49:00,0,0,0,6,33,39
323.0,2017-03-25 20:52:00,0,0,0,6,33,39
323.0,2017-03-25 20:55:00,0,0,0,6,33,39
323.0,2017-03-25 20:56:00,0,0,0,6,33,39
323.0,2017-03-25 20:59:00,0,0,0,6,33,39
323.0,2017-03-25 21:02:00,0,0,0,6,33,39
323.0,2017-03-25 21:05:00,0,1,1,7,32,39
323.0,2017-03-25 21:08:00,0,0,0,7,32,39
323.0,2017-03-25 21:11:00,0,0,0,7,32,39
323.0,2017-03-25 21:14:00,0,0,0,7,32,39
323.0,2017-03-25 21:17:00,0,0,0,7,32,39
323.0,2017-03-25 21:20:00,0,0,0,7,32,39
323.0,2017-03-25 21:23:00,0,0,0,7,32,39
323.0,2017-03-25 21:26:00,0,0,0,7,32,39
323.0,2017-03-25 21:29:00,1,0,-1,6,33,39
323.0,2017-03-25 21:30:00,0,0,0,6,33,39
323.0,2017-03-25 21:33:00,0,3,3,9,30,39
323.0,2017-03-25 21:36:00,0,0,0,9,30,39
323.0,2017-03-25 21:39:00,0,0,0,9,30,39
323.0,2017-03-25 21:42:00,0,0,0,9,30,39
323.0,2017-03-25 21:45:00,0,0,0,9,30,39
323.0,2017-03-25 21:48:00,0,0,0,9,30,39
323.0,2017-03-25 21:51:00,0,0,0,9,30,39
323.0,2017-03-25 21:54:00,0,0,0,9,30,39
323.0,2017-03-25 21:57:00,0,0,0,9,30,39
323.0,2017-03-25 22:00:00,0,0,0,9,30,39
323.0,2017-03-25 22:03:00,0,0,0,9,30,39
323.0,2017-03-25 22:05:00,0,0,0,9,30,39
323.0,2017-03-25 22:08:00,0,1,1,10,29,39
323.0,2017-03-25 22:11:00,0,0,0,10,29,39
323.0,2017-03-25 22:14:00,0,0,0,10,29,39
323.0,2017-03-25 22:17:00,0,0,0,10,29,39
323.0,2017-03-25 22:20:00,0,0,0,10,29,39
323.0,2017-03-25 22:23:00,0,0,0,10,29,39
323.0,2017-03-25 22:26:00,0,0,0,10,29,39
323.0,2017-03-25 22:29:00,0,0,0,10,29,39
323.0,2017-03-25 22:32:00,0,0,0,10,29,39
323.0,2017-03-25 22:35:00,0,0,0,10,29,39
323.0,2017-03-25 22:38:00,0,0,0,10,29,39
323.0,2017-03-25 22:41:00,0,0,0,10,29,39
323.0,2017-03-25 22:44:00,0,0,0,10,29,39
323.0,2017-03-25 22:47:00,0,0,0,10,29,39
323.0,2017-03-25 22:50:00,0,0,0,10,29,39
323.0,2017-03-25 22:53:00,0,0,0,10,29,39
323.0,2017-03-25 22:56:00,0,0,0,10,29,39
323.0,2017-03-25 22:59:00,1,1,0,10,29,39
323.0,2017-03-25 23:02:00,1,0,-1,9,30,39
323.0,2017-03-25 23:05:00,0,0,0,9,30,39
323.0,2017-03-25 23:08:00,0,0,0,9,30,39
323.0,2017-03-25 23:11:00,0,0,0,9,30,39
323.0,2017-03-25 23:14:00,0,0,0,9,30,39
323.0,2017-03-25 23:17:00,0,0,0,9,30,39
323.0,2017-03-25 23:20:00,0,0,0,9,30,39
323.0,2017-03-25 23:23:00,0,0,0,9,30,39
323.0,2017-03-25 23:26:00,0,0,0,9,30,39
323.0,2017-03-25 23:29:00,0,0,0,9,30,39
323.0,2017-03-25 23:32:00,0,0,0,9,30,39
323.0,2017-03-25 23:35:00,0,0,0,9,30,39
323.0,2017-03-25 23:38:00,0,0,0,9,30,39
323.0,2017-03-25 23:41:00,0,0,0,9,30,39
323.0,2017-03-25 23:44:00,0,0,0,9,30,39
323.0,2017-03-25 23:47:00,1,0,-1,8,31,39
323.0,2017-03-25 23:50:00,0,0,0,8,31,39
323.0,2017-03-25 23:53:00,0,0,0,8,31,39
323.0,2017-03-25 23:56:00,0,0,0,8,31,39
323.0,2017-03-25 23:59:00,0,0,0,8,31,39
323.0,2017-03-26 00:02:00,0,0,0,8,31,39
323.0,2017-03-26 00:05:00,0,0,0,8,31,39
323.0,2017-03-26 00:08:00,0,0,0,8,31,39
323.0,2017-03-26 00:11:00,0,0,0,8,31,39
323.0,2017-03-26 00:14:00,0,0,0,8,31,39
323.0,2017-03-26 00:17:00,0,0,0,8,31,39
323.0,2017-03-26 00:20:00,0,0,0,8,31,39
323.0,2017-03-26 00:23:00,0,0,0,8,31,39
323.0,2017-03-26 00:26:00,0,0,0,8,31,39
323.0,2017-03-26 00:29:00,0,0,0,8,31,39
323.0,2017-03-26 00:32:00,0,0,0,17,22,39
323.0,2017-03-26 00:35:00,0,0,0,17,22,39
323.0,2017-03-26 00:38:00,0,0,0,17,22,39
323.0,2017-03-26 00:41:00,0,0,0,17,22,39
323.0,2017-03-26 00:44:00,0,0,0,17,22,39
323.0,2017-03-26 00:47:00,0,0,0,17,22,39
323.0,2017-03-26 00:50:00,0,0,0,17,22,39
323.0,2017-03-26 00:53:00,0,0,0,17,22,39
323.0,2017-03-26 00:56:00,0,0,0,17,22,39
323.0,2017-03-26 00:59:00,0,0,0,17,22,39
323.0,2017-03-26 01:02:00,0,0,0,8,31,39
323.0,2017-03-26 01:05:00,0,0,0,8,31,39
323.0,2017-03-26 01:08:00,0,0,0,8,31,39
323.0,2017-03-26 01:11:00,1,0,-1,7,32,39
323.0,2017-03-26 01:14:00,1,0,-1,6,33,39
323.0,2017-03-26 01:17:00,0,0,0,6,33,39
323.0,2017-03-26 01:20:00,0,0,0,6,33,39
323.0,2017-03-26 01:23:00,0,0,0,6,33,39
323.0,2017-03-26 01:26:00,0,0,0,6,33,39
323.0,2017-03-26 01:29:00,0,0,0,6,33,39
323.0,2017-03-26 01:32:00,0,0,0,6,33,39
323.0,2017-03-26 01:35:00,0,0,0,6,33,39
323.0,2017-03-26 01:38:00,0,0,0,6,33,39
323.0,2017-03-26 01:39:00,0,0,0,6,33,39
323.0,2017-03-26 01:42:00,0,0,0,6,33,39
323.0,2017-03-26 01:45:00,0,0,0,6,33,39
323.0,2017-03-26 01:48:00,0,0,0,6,33,39
323.0,2017-03-26 01:51:00,0,0,0,6,33,39
323.0,2017-03-26 01:54:00,0,0,0,6,33,39
323.0,2017-03-26 01:57:00,0,0,0,6,33,39
323.0,2017-03-26 02:00:00,0,0,0,6,33,39
323.0,2017-03-26 02:03:00,0,0,0,6,33,39
323.0,2017-03-26 02:06:00,0,0,0,6,33,39
323.0,2017-03-26 02:09:00,0,0,0,6,33,39
323.0,2017-03-26 02:12:00,0,0,0,6,33,39
323.0,2017-03-26 02:15:00,0,0,0,6,33,39
323.0,2017-03-26 02:18:00,0,0,0,6,33,39
323.0,2017-03-26 02:21:00,0,0,0,6,33,39
323.0,2017-03-26 02:24:00,0,0,0,6,33,39
323.0,2017-03-26 02:27:00,0,0,0,6,33,39
323.0,2017-03-26 02:30:00,0,0,0,6,33,39
323.0,2017-03-26 02:33:00,0,0,0,6,33,39
323.0,2017-03-26 02:36:00,0,0,0,6,33,39
323.0,2017-03-26 02:39:00,0,0,0,6,33,39
323.0,2017-03-26 02:42:00,0,0,0,6,33,39
323.0,2017-03-26 02:45:00,0,0,0,6,33,39
323.0,2017-03-26 02:48:00,0,0,0,6,33,39
323.0,2017-03-26 02:51:00,0,0,0,6,33,39
323.0,2017-03-26 02:52:00,0,0,0,6,33,39
323.0,2017-03-26 02:55:00,0,0,0,6,33,39
323.0,2017-03-26 02:58:00,0,0,0,6,33,39
323.0,2017-03-26 03:01:00,0,0,0,6,33,39
323.0,2017-03-26 03:04:00,0,0,0,6,33,39
323.0,2017-03-26 03:07:00,0,0,0,6,33,39
323.0,2017-03-26 03:10:00,0,0,0,6,33,39
323.0,2017-03-26 03:13:00,0,0,0,6,33,39
323.0,2017-03-26 03:16:00,0,0,0,6,33,39
323.0,2017-03-26 03:19:00,0,0,0,6,33,39
323.0,2017-03-26 03:22:00,0,0,0,6,33,39
323.0,2017-03-26 03:25:00,0,0,0,6,33,39
323.0,2017-03-26 03:28:00,0,0,0,6,33,39
323.0,2017-03-26 03:29:00,0,0,0,6,33,39
323.0,2017-03-26 03:32:00,0,0,0,6,33,39
323.0,2017-03-26 03:35:00,0,0,0,6,33,39
323.0,2017-03-26 03:38:00,0,0,0,6,33,39
323.0,2017-03-26 03:41:00,0,0,0,6,33,39
323.0,2017-03-26 03:44:00,0,0,0,6,33,39
323.0,2017-03-26 03:47:00,0,0,0,6,33,39
323.0,2017-03-26 03:50:00,0,0,0,6,33,39
323.0,2017-03-26 03:53:00,0,0,0,6,33,39
323.0,2017-03-26 03:56:00,0,0,0,6,33,39
323.0,2017-03-26 03:59:00,0,0,0,6,33,39
323.0,2017-03-26 04:02:00,0,0,0,6,33,39
323.0,2017-03-26 04:05:00,0,0,0,6,33,39
323.0,2017-03-26 04:08:00,0,0,0,6,33,39
323.0,2017-03-26 04:11:00,0,0,0,6,33,39
323.0,2017-03-26 04:14:00,0,0,0,6,33,39
323.0,2017-03-26 04:17:00,0,0,0,6,33,39
323.0,2017-03-26 04:19:00,0,0,0,6,33,39
323.0,2017-03-26 04:22:00,0,0,0,6,33,39
323.0,2017-03-26 04:25:00,0,0,0,6,33,39
323.0,2017-03-26 04:28:00,0,0,0,6,33,39
323.0,2017-03-26 04:31:00,0,0,0,6,33,39
323.0,2017-03-26 04:34:00,0,0,0,6,33,39
323.0,2017-03-26 04:37:00,0,0,0,6,33,39
323.0,2017-03-26 04:40:00,0,0,0,6,33,39
323.0,2017-03-26 04:43:00,0,0,0,6,33,39
323.0,2017-03-26 04:46:00,0,0,0,6,33,39
323.0,2017-03-26 04:49:00,0,0,0,6,33,39
323.0,2017-03-26 04:52:00,0,0,0,6,33,39
323.0,2017-03-26 04:54:00,0,0,0,6,33,39
323.0,2017-03-26 04:57:00,0,0,0,6,33,39
323.0,2017-03-26 05:00:00,0,0,0,6,33,39
323.0,2017-03-26 05:03:00,0,0,0,6,33,39
323.0,2017-03-26 05:06:00,0,0,0,6,33,39
323.0,2017-03-26 05:09:00,0,0,0,6,33,39
323.0,2017-03-26 05:12:00,0,0,0,6,33,39
323.0,2017-03-26 05:15:00,0,0,0,6,33,39
323.0,2017-03-26 05:18:00,0,0,0,6,33,39
323.0,2017-03-26 05:21:00,0,0,0,6,33,39
323.0,2017-03-26 05:24:00,0,0,0,6,33,39
323.0,2017-03-26 05:27:00,0,0,0,6,33,39
323.0,2017-03-26 05:30:00,0,0,0,6,33,39
323.0,2017-03-26 05:31:00,0,0,0,6,33,39
323.0,2017-03-26 05:34:00,0,0,0,6,33,39
323.0,2017-03-26 05:37:00,0,0,0,6,33,39
323.0,2017-03-26 05:40:00,0,0,0,6,33,39
323.0,2017-03-26 05:43:00,0,0,0,6,33,39
323.0,2017-03-26 05:46:00,0,0,0,6,33,39
323.0,2017-03-26 05:49:00,0,0,0,6,33,39
323.0,2017-03-26 05:52:00,0,0,0,6,33,39
323.0,2017-03-26 05:55:00,0,0,0,6,33,39
323.0,2017-03-26 05:58:00,0,0,0,6,33,39
323.0,2017-03-26 06:01:00,0,0,0,6,33,39
323.0,2017-03-26 06:04:00,0,0,0,6,33,39
323.0,2017-03-26 06:07:00,0,0,0,6,33,39
323.0,2017-03-26 06:10:00,0,0,0,6,33,39
323.0,2017-03-26 06:13:00,0,0,0,6,33,39
323.0,2017-03-26 06:16:00,0,0,0,6,33,39
323.0,2017-03-26 06:19:00,0,0,0,6,33,39
323.0,2017-03-26 06:22:00,0,0,0,6,33,39
323.0,2017-03-26 06:25:00,0,0,0,6,33,39
323.0,2017-03-26 06:28:00,0,0,0,6,33,39
323.0,2017-03-26 06:31:00,0,0,0,6,33,39
323.0,2017-03-26 06:34:00,0,0,0,6,33,39
323.0,2017-03-26 06:37:00,0,0,0,6,33,39
323.0,2017-03-26 06:40:00,0,0,0,6,33,39
323.0,2017-03-26 06:43:00,0,0,0,6,33,39
323.0,2017-03-26 06:46:00,0,0,0,6,33,39
323.0,2017-03-26 06:49:00,0,0,0,6,33,39
323.0,2017-03-26 06:52:00,0,0,0,6,33,39
323.0,2017-03-26 06:55:00,0,0,0,6,33,39
323.0,2017-03-26 06:58:00,0,0,0,6,33,39
323.0,2017-03-26 07:01:00,0,0,0,6,33,39
323.0,2017-03-26 07:04:00,0,0,0,6,33,39
323.0,2017-03-26 07:07:00,0,0,0,6,33,39
323.0,2017-03-26 07:10:00,0,0,0,6,33,39
323.0,2017-03-26 07:13:00,0,0,0,6,33,39
323.0,2017-03-26 07:16:00,0,0,0,6,33,39
323.0,2017-03-26 07:19:00,0,0,0,6,33,39
323.0,2017-03-26 07:21:00,0,0,0,6,33,39
323.0,2017-03-26 07:24:00,0,0,0,6,33,39
323.0,2017-03-26 07:27:00,0,0,0,6,33,39
323.0,2017-03-26 07:30:00,0,0,0,6,33,39
323.0,2017-03-26 07:33:00,0,0,0,6,33,39
323.0,2017-03-26 07:36:00,0,0,0,6,33,39
323.0,2017-03-26 07:39:00,0,0,0,6,33,39
323.0,2017-03-26 07:42:00,0,0,0,6,33,39
323.0,2017-03-26 07:45:00,0,0,0,6,33,39
323.0,2017-03-26 07:48:00,0,0,0,6,33,39
323.0,2017-03-26 07:51:00,0,0,0,6,33,39
323.0,2017-03-26 07:54:00,0,0,0,6,33,39
323.0,2017-03-26 07:57:00,0,0,0,6,33,39
323.0,2017-03-26 07:58:00,0,0,0,6,33,39
323.0,2017-03-26 08:01:00,0,0,0,6,33,39
323.0,2017-03-26 08:04:00,0,0,0,6,33,39
323.0,2017-03-26 08:07:00,0,2,2,8,31,39
323.0,2017-03-26 08:10:00,0,0,0,8,31,39
323.0,2017-03-26 08:13:00,0,0,0,8,31,39
323.0,2017-03-26 08:16:00,0,0,0,8,31,39
323.0,2017-03-26 08:19:00,0,0,0,8,31,39
323.0,2017-03-26 08:22:00,0,0,0,8,31,39
323.0,2017-03-26 08:25:00,0,0,0,8,31,39
323.0,2017-03-26 08:28:00,1,0,-1,7,32,39
323.0,2017-03-26 08:31:00,0,0,0,7,32,39
323.0,2017-03-26 08:34:00,0,0,0,7,32,39
323.0,2017-03-26 08:37:00,0,0,0,7,32,39
323.0,2017-03-26 08:40:00,0,0,0,7,32,39
323.0,2017-03-26 08:43:00,0,0,0,7,32,39
323.0,2017-03-26 08:46:00,0,0,0,7,32,39
323.0,2017-03-26 08:49:00,0,0,0,7,32,39
323.0,2017-03-26 08:52:00,0,0,0,7,32,39
323.0,2017-03-26 08:55:00,0,0,0,7,32,39
323.0,2017-03-26 08:58:00,0,0,0,7,32,39
323.0,2017-03-26 09:01:00,0,0,0,7,32,39
323.0,2017-03-26 09:04:00,0,0,0,7,32,39
323.0,2017-03-26 09:07:00,0,0,0,7,32,39
323.0,2017-03-26 09:10:00,0,0,0,7,32,39
323.0,2017-03-26 09:11:00,0,0,0,7,32,39
323.0,2017-03-26 09:14:00,0,0,0,7,32,39
323.0,2017-03-26 09:17:00,0,0,0,7,32,39
323.0,2017-03-26 09:20:00,0,0,0,7,32,39
323.0,2017-03-26 09:23:00,0,0,0,7,32,39
323.0,2017-03-26 09:26:00,0,0,0,7,32,39
323.0,2017-03-26 09:29:00,0,1,1,8,31,39
323.0,2017-03-26 09:32:00,0,0,0,8,31,39
323.0,2017-03-26 09:35:00,1,0,-1,7,32,39
323.0,2017-03-26 09:38:00,0,0,0,7,32,39
323.0,2017-03-26 09:41:00,0,0,0,7,32,39
323.0,2017-03-26 09:44:00,0,0,0,7,32,39
323.0,2017-03-26 09:47:00,0,0,0,7,32,39
323.0,2017-03-26 09:50:00,0,0,0,7,32,39
323.0,2017-03-26 09:51:00,0,0,0,7,32,39
323.0,2017-03-26 09:54:00,0,1,1,8,31,39
323.0,2017-03-26 09:57:00,0,0,0,8,31,39
323.0,2017-03-26 10:00:00,0,0,0,8,31,39
323.0,2017-03-26 10:03:00,0,1,1,9,30,39
323.0,2017-03-26 10:06:00,0,0,0,9,30,39
323.0,2017-03-26 10:09:00,0,0,0,9,30,39
323.0,2017-03-26 10:12:00,0,1,1,10,29,39
323.0,2017-03-26 10:15:00,0,0,0,10,29,39
323.0,2017-03-26 10:18:00,0,0,0,10,29,39
323.0,2017-03-26 10:21:00,0,0,0,10,29,39
323.0,2017-03-26 10:24:00,0,0,0,10,29,39
323.0,2017-03-26 10:27:00,0,0,0,10,29,39
323.0,2017-03-26 10:29:00,0,0,0,10,29,39
323.0,2017-03-26 10:32:00,0,1,1,11,28,39
323.0,2017-03-26 10:35:00,0,0,0,11,28,39
323.0,2017-03-26 10:38:00,0,0,0,11,28,39
323.0,2017-03-26 10:41:00,0,0,0,11,28,39
323.0,2017-03-26 10:44:00,0,0,0,11,28,39
323.0,2017-03-26 10:47:00,0,0,0,11,28,39
323.0,2017-03-26 10:50:00,0,0,0,11,28,39
323.0,2017-03-26 10:53:00,0,1,1,12,27,39
323.0,2017-03-26 10:56:00,0,0,0,12,27,39
323.0,2017-03-26 10:59:00,0,0,0,12,27,39
323.0,2017-03-26 11:02:00,0,0,0,12,27,39
323.0,2017-03-26 11:05:00,0,0,0,12,27,39
323.0,2017-03-26 11:06:00,0,0,0,12,27,39
323.0,2017-03-26 11:09:00,0,0,0,12,27,39
323.0,2017-03-26 11:12:00,1,1,0,12,27,39
323.0,2017-03-26 11:15:00,0,0,0,12,27,39
323.0,2017-03-26 11:18:00,0,1,1,13,26,39
323.0,2017-03-26 11:21:00,0,0,0,13,26,39
323.0,2017-03-26 11:24:00,0,0,0,13,26,39
323.0,2017-03-26 11:27:00,0,0,0,13,26,39
323.0,2017-03-26 11:30:00,0,0,0,13,26,39
323.0,2017-03-26 11:33:00,0,0,0,13,26,39
323.0,2017-03-26 11:36:00,1,0,-1,12,27,39
323.0,2017-03-26 11:39:00,0,0,0,12,27,39
323.0,2017-03-26 11:42:00,0,0,0,12,27,39
323.0,2017-03-26 11:45:00,0,0,0,12,27,39
323.0,2017-03-26 11:46:00,0,0,0,12,27,39
323.0,2017-03-26 11:49:00,0,0,0,12,27,39
323.0,2017-03-26 11:52:00,1,0,-1,11,28,39
323.0,2017-03-26 11:55:00,0,0,0,11,28,39
323.0,2017-03-26 11:58:00,0,0,0,11,28,39
323.0,2017-03-26 12:01:00,0,0,0,11,28,39
323.0,2017-03-26 12:04:00,0,1,1,12,27,39
323.0,2017-03-26 12:07:00,0,0,0,12,27,39
323.0,2017-03-26 12:10:00,0,1,1,13,26,39
323.0,2017-03-26 12:13:00,1,0,-1,12,27,39
323.0,2017-03-26 12:16:00,0,1,1,13,26,39
323.0,2017-03-26 12:19:00,0,0,0,13,26,39
323.0,2017-03-26 12:22:00,0,0,0,13,26,39
323.0,2017-03-26 12:25:00,1,0,-1,12,27,39
323.0,2017-03-26 12:27:00,1,0,-1,7,32,39
323.0,2017-03-26 12:30:00,0,0,0,7,32,39
323.0,2017-03-26 12:33:00,0,0,0,7,32,39
323.0,2017-03-26 12:36:00,1,1,0,7,32,39
323.0,2017-03-26 12:39:00,0,0,0,7,32,39
323.0,2017-03-26 12:42:00,0,0,0,7,32,39
323.0,2017-03-26 12:45:00,0,0,0,7,32,39
323.0,2017-03-26 12:48:00,0,0,0,7,32,39
323.0,2017-03-26 12:51:00,0,0,0,7,32,39
323.0,2017-03-26 12:54:00,0,0,0,7,32,39
323.0,2017-03-26 12:57:00,0,0,0,7,32,39
323.0,2017-03-26 13:00:00,0,0,0,7,32,39
323.0,2017-03-26 13:01:00,0,0,0,13,26,39
323.0,2017-03-26 13:04:00,0,0,0,13,26,39
323.0,2017-03-26 13:07:00,0,0,0,13,26,39
323.0,2017-03-26 13:10:00,0,0,0,13,26,39
323.0,2017-03-26 13:13:00,0,0,0,13,26,39
323.0,2017-03-26 13:16:00,0,0,0,13,26,39
323.0,2017-03-26 13:19:00,0,0,0,13,26,39
323.0,2017-03-26 13:22:00,0,1,1,14,25,39
323.0,2017-03-26 13:25:00,0,0,0,14,25,39
323.0,2017-03-26 13:28:00,0,1,1,15,24,39
323.0,2017-03-26 13:31:00,0,0,0,15,24,39
323.0,2017-03-26 13:34:00,0,0,0,15,24,39
323.0,2017-03-26 13:37:00,0,0,0,15,24,39
323.0,2017-03-26 13:40:00,0,0,0,15,24,39
323.0,2017-03-26 13:43:00,0,1,1,16,23,39
323.0,2017-03-26 13:46:00,0,0,0,16,23,39
323.0,2017-03-26 13:49:00,0,0,0,16,23,39
323.0,2017-03-26 13:52:00,0,0,0,16,23,39
323.0,2017-03-26 13:55:00,0,0,0,16,23,39
323.0,2017-03-26 13:58:00,0,1,1,17,22,39
323.0,2017-03-26 14:01:00,1,0,-1,16,23,39
323.0,2017-03-26 14:04:00,0,1,1,17,22,39
323.0,2017-03-26 14:07:00,0,0,0,17,22,39
323.0,2017-03-26 14:10:00,0,0,0,17,22,39
323.0,2017-03-26 14:13:00,0,0,0,17,22,39
323.0,2017-03-26 14:16:00,0,0,0,17,22,39
323.0,2017-03-26 14:18:00,0,0,0,17,22,39
323.0,2017-03-26 14:21:00,0,0,0,17,22,39
323.0,2017-03-26 14:24:00,0,0,0,17,22,39
323.0,2017-03-26 14:27:00,0,0,0,17,22,39
323.0,2017-03-26 14:30:00,0,0,0,17,22,39
323.0,2017-03-26 14:33:00,0,0,0,17,22,39
323.0,2017-03-26 14:36:00,0,0,0,17,22,39
323.0,2017-03-26 14:39:00,0,0,0,17,22,39
323.0,2017-03-26 14:42:00,0,0,0,17,22,39
323.0,2017-03-26 14:45:00,0,0,0,17,22,39
323.0,2017-03-26 14:48:00,0,1,1,18,21,39
323.0,2017-03-26 14:51:00,0,1,1,19,20,39
323.0,2017-03-26 14:54:00,0,0,0,19,20,39
323.0,2017-03-26 14:57:00,0,0,0,19,20,39
323.0,2017-03-26 15:00:00,0,0,0,19,20,39
323.0,2017-03-26 15:03:00,0,0,0,19,20,39
323.0,2017-03-26 15:06:00,0,0,0,19,20,39
323.0,2017-03-26 15:09:00,0,0,0,19,20,39
323.0,2017-03-26 15:12:00,0,0,0,19,20,39
323.0,2017-03-26 15:15:00,0,1,1,20,19,39
323.0,2017-03-26 15:18:00,0,0,0,20,19,39
323.0,2017-03-26 15:21:00,0,0,0,20,19,39
323.0,2017-03-26 15:24:00,0,0,0,20,19,39
323.0,2017-03-26 15:27:00,0,0,0,20,19,39
323.0,2017-03-26 15:30:00,0,0,0,20,19,39
323.0,2017-03-26 15:33:00,0,0,0,20,19,39
323.0,2017-03-26 15:35:00,0,0,0,20,19,39
323.0,2017-03-26 15:38:00,0,0,0,20,19,39
323.0,2017-03-26 15:41:00,0,0,0,20,19,39
323.0,2017-03-26 15:44:00,0,0,0,20,19,39
323.0,2017-03-26 15:47:00,0,0,0,20,19,39
323.0,2017-03-26 15:50:00,1,0,-1,19,20,39
323.0,2017-03-26 15:53:00,0,0,0,19,20,39
323.0,2017-03-26 15:56:00,0,0,0,19,20,39
323.0,2017-03-26 15:59:00,0,0,0,19,20,39
323.0,2017-03-26 16:02:00,0,0,0,19,20,39
323.0,2017-03-26 16:05:00,0,0,0,19,20,39
323.0,2017-03-26 16:08:00,0,0,0,19,20,39
323.0,2017-03-26 16:11:00,0,0,0,19,20,39
323.0,2017-03-26 16:13:00,0,0,0,19,20,39
323.0,2017-03-26 16:16:00,0,0,0,19,20,39
323.0,2017-03-26 16:19:00,0,0,0,19,20,39
323.0,2017-03-26 16:22:00,0,0,0,19,20,39
323.0,2017-03-26 16:25:00,0,0,0,19,20,39
323.0,2017-03-26 16:28:00,0,0,0,19,20,39
323.0,2017-03-26 16:31:00,0,0,0,19,20,39
323.0,2017-03-26 16:34:00,0,0,0,19,20,39
323.0,2017-03-26 16:37:00,0,0,0,19,20,39
323.0,2017-03-26 16:40:00,0,0,0,19,20,39
323.0,2017-03-26 16:43:00,0,0,0,19,20,39
323.0,2017-03-26 16:46:00,0,0,0,19,20,39
323.0,2017-03-26 16:49:00,0,0,0,19,20,39
323.0,2017-03-26 16:51:00,0,0,0,19,20,39
323.0,2017-03-26 16:54:00,0,0,0,19,20,39
323.0,2017-03-26 16:57:00,0,0,0,19,20,39
323.0,2017-03-26 17:00:00,0,0,0,19,20,39
323.0,2017-03-26 17:03:00,0,0,0,19,20,39
323.0,2017-03-26 17:06:00,2,1,-1,18,21,39
323.0,2017-03-26 17:09:00,0,0,0,18,21,39
323.0,2017-03-26 17:12:00,0,0,0,18,21,39
323.0,2017-03-26 17:15:00,0,0,0,18,21,39
323.0,2017-03-26 17:18:00,0,1,1,19,20,39
323.0,2017-03-26 17:21:00,0,0,0,19,20,39
323.0,2017-03-26 17:24:00,0,0,0,19,20,39
323.0,2017-03-26 17:27:00,0,0,0,19,20,39
323.0,2017-03-26 17:29:00,0,0,0,19,20,39
323.0,2017-03-26 17:32:00,0,0,0,19,20,39
323.0,2017-03-26 17:35:00,0,0,0,19,20,39
323.0,2017-03-26 17:38:00,0,0,0,19,20,39
323.0,2017-03-26 17:41:00,0,0,0,19,20,39
323.0,2017-03-26 17:44:00,1,0,-1,18,21,39
323.0,2017-03-26 17:47:00,0,1,1,19,20,39
323.0,2017-03-26 17:50:00,0,0,0,19,20,39
323.0,2017-03-26 17:53:00,1,0,-1,18,21,39
323.0,2017-03-26 17:56:00,1,1,0,18,21,39
323.0,2017-03-26 17:59:00,0,0,0,18,21,39
323.0,2017-03-26 18:02:00,0,0,0,18,21,39
323.0,2017-03-26 18:05:00,0,1,1,19,20,39
323.0,2017-03-26 18:07:00,0,0,0,19,20,39
323.0,2017-03-26 18:10:00,0,0,0,19,20,39
323.0,2017-03-26 18:13:00,0,0,0,19,20,39
323.0,2017-03-26 18:16:00,0,0,0,19,20,39
323.0,2017-03-26 18:19:00,0,0,0,19,20,39
323.0,2017-03-26 18:22:00,1,0,-1,18,21,39
323.0,2017-03-26 18:25:00,0,0,0,18,21,39
323.0,2017-03-26 18:28:00,0,1,1,19,20,39
323.0,2017-03-26 18:31:00,0,0,0,19,20,39
323.0,2017-03-26 18:34:00,0,0,0,19,20,39
323.0,2017-03-26 18:37:00,0,0,0,19,20,39
323.0,2017-03-26 18:40:00,0,0,0,19,20,39
323.0,2017-03-26 18:43:00,0,0,0,19,20,39
323.0,2017-03-26 18:46:00,0,0,0,19,20,39
323.0,2017-03-26 18:49:00,0,0,0,19,20,39
323.0,2017-03-26 18:52:00,0,1,1,20,19,39
323.0,2017-03-26 18:55:00,0,0,0,20,19,39
323.0,2017-03-26 18:58:00,0,0,0,20,19,39
323.0,2017-03-26 19:01:00,0,0,0,20,19,39
323.0,2017-03-26 19:04:00,0,0,0,20,19,39
323.0,2017-03-26 19:07:00,0,0,0,20,19,39
323.0,2017-03-26 19:10:00,0,1,1,21,18,39
323.0,2017-03-26 19:13:00,0,1,1,22,17,39
323.0,2017-03-26 19:16:00,0,0,0,22,17,39
323.0,2017-03-26 19:19:00,0,0,0,22,17,39
323.0,2017-03-26 19:22:00,0,0,0,22,17,39
323.0,2017-03-26 19:24:00,0,0,0,22,17,39
323.0,2017-03-26 19:27:00,0,0,0,22,17,39
323.0,2017-03-26 19:30:00,0,0,0,22,17,39
323.0,2017-03-26 19:33:00,1,0,-1,21,18,39
323.0,2017-03-26 19:36:00,0,0,0,21,18,39
323.0,2017-03-26 19:39:00,0,1,1,22,17,39
323.0,2017-03-26 19:42:00,1,0,-1,21,18,39
323.0,2017-03-26 19:45:00,0,0,0,21,18,39
323.0,2017-03-26 19:48:00,0,0,0,21,18,39
323.0,2017-03-26 19:51:00,0,0,0,21,18,39
323.0,2017-03-26 19:54:00,0,0,0,21,18,39
323.0,2017-03-26 19:57:00,1,0,-1,20,19,39
323.0,2017-03-26 20:00:00,0,0,0,20,19,39
323.0,2017-03-26 20:02:00,0,0,0,20,19,39
323.0,2017-03-26 20:05:00,0,0,0,20,19,39
323.0,2017-03-26 20:08:00,0,0,0,20,19,39
323.0,2017-03-26 20:11:00,0,1,1,21,18,39
323.0,2017-03-26 20:14:00,0,0,0,21,18,39
323.0,2017-03-26 20:17:00,0,0,0,21,18,39
323.0,2017-03-26 20:20:00,0,0,0,21,18,39
323.0,2017-03-26 20:23:00,0,0,0,21,18,39
323.0,2017-03-26 20:26:00,0,0,0,21,18,39
323.0,2017-03-26 20:29:00,0,0,0,21,18,39
323.0,2017-03-26 20:32:00,0,0,0,21,18,39
323.0,2017-03-26 20:35:00,0,0,0,21,18,39
323.0,2017-03-26 20:38:00,0,0,0,21,18,39
323.0,2017-03-26 20:40:00,0,0,0,21,18,39
323.0,2017-03-26 20:43:00,0,0,0,21,18,39
323.0,2017-03-26 20:46:00,0,0,0,21,18,39
323.0,2017-03-26 20:49:00,0,0,0,21,18,39
323.0,2017-03-26 20:52:00,0,0,0,21,18,39
323.0,2017-03-26 20:55:00,0,0,0,21,18,39
323.0,2017-03-26 20:58:00,0,0,0,21,18,39
323.0,2017-03-26 21:01:00,0,0,0,21,18,39
323.0,2017-03-26 21:04:00,0,0,0,21,18,39
323.0,2017-03-26 21:07:00,0,0,0,21,18,39
323.0,2017-03-26 21:10:00,0,0,0,21,18,39
323.0,2017-03-26 21:13:00,0,0,0,21,18,39
323.0,2017-03-26 21:16:00,0,0,0,21,18,39
323.0,2017-03-26 21:19:00,0,0,0,21,18,39
323.0,2017-03-26 21:22:00,0,0,0,21,18,39
323.0,2017-03-26 21:25:00,0,0,0,21,18,39
323.0,2017-03-26 21:28:00,0,0,0,21,18,39
323.0,2017-03-26 21:31:00,0,0,0,21,18,39
323.0,2017-03-26 21:34:00,0,0,0,21,18,39
323.0,2017-03-26 21:37:00,2,0,-2,19,20,39
323.0,2017-03-26 21:40:00,0,0,0,19,20,39
323.0,2017-03-26 21:43:00,0,0,0,19,20,39
323.0,2017-03-26 21:46:00,0,0,0,19,20,39
323.0,2017-03-26 21:49:00,0,0,0,19,20,39
323.0,2017-03-26 21:52:00,0,0,0,19,20,39
323.0,2017-03-26 21:55:00,0,0,0,19,20,39
323.0,2017-03-26 21:58:00,0,0,0,19,20,39
323.0,2017-03-26 22:00:00,0,0,0,19,20,39
323.0,2017-03-26 22:03:00,0,0,0,19,20,39
323.0,2017-03-26 22:06:00,0,0,0,19,20,39
323.0,2017-03-26 22:09:00,0,0,0,19,20,39
323.0,2017-03-26 22:12:00,0,0,0,19,20,39
323.0,2017-03-26 22:15:00,0,0,0,19,20,39
323.0,2017-03-26 22:18:00,0,0,0,19,20,39
323.0,2017-03-26 22:21:00,0,0,0,19,20,39
323.0,2017-03-26 22:24:00,0,0,0,19,20,39
323.0,2017-03-26 22:27:00,0,0,0,19,20,39
323.0,2017-03-26 22:30:00,0,0,0,19,20,39
323.0,2017-03-26 22:33:00,0,0,0,19,20,39
323.0,2017-03-26 22:36:00,0,0,0,19,20,39
323.0,2017-03-26 22:38:00,0,0,0,19,20,39
323.0,2017-03-26 22:41:00,0,0,0,19,20,39
323.0,2017-03-26 22:44:00,0,0,0,19,20,39
323.0,2017-03-26 22:47:00,0,0,0,19,20,39
323.0,2017-03-26 22:50:00,0,0,0,19,20,39
323.0,2017-03-26 22:53:00,0,0,0,19,20,39
323.0,2017-03-26 22:56:00,0,0,0,19,20,39
323.0,2017-03-26 22:59:00,0,0,0,19,20,39
323.0,2017-03-26 23:02:00,0,0,0,19,20,39
323.0,2017-03-26 23:05:00,0,0,0,19,20,39
323.0,2017-03-26 23:08:00,0,0,0,19,20,39
323.0,2017-03-26 23:11:00,0,0,0,19,20,39
323.0,2017-03-26 23:14:00,0,0,0,19,20,39
323.0,2017-03-26 23:15:00,0,0,0,19,20,39
323.0,2017-03-26 23:18:00,0,0,0,19,20,39
323.0,2017-03-26 23:21:00,0,0,0,19,20,39
323.0,2017-03-26 23:24:00,0,0,0,19,20,39
323.0,2017-03-26 23:27:00,0,0,0,19,20,39
323.0,2017-03-26 23:30:00,0,0,0,19,20,39
323.0,2017-03-26 23:33:00,0,0,0,19,20,39
323.0,2017-03-26 23:36:00,0,0,0,19,20,39
323.0,2017-03-26 23:39:00,0,0,0,19,20,39
323.0,2017-03-26 23:42:00,0,0,0,19,20,39
323.0,2017-03-26 23:45:00,0,0,0,19,20,39
323.0,2017-03-26 23:48:00,0,0,0,19,20,39
323.0,2017-03-26 23:51:00,0,0,0,19,20,39
323.0,2017-03-26 23:54:00,0,0,0,19,20,39
323.0,2017-03-26 23:56:00,0,0,0,19,20,39
323.0,2017-03-26 23:59:00,0,0,0,19,20,39
323.0,2017-03-27 00:02:00,0,0,0,19,20,39
323.0,2017-03-27 00:05:00,0,0,0,19,20,39
323.0,2017-03-27 00:08:00,0,0,0,19,20,39
323.0,2017-03-27 00:11:00,0,0,0,19,20,39
323.0,2017-03-27 00:14:00,0,0,0,19,20,39
323.0,2017-03-27 00:17:00,0,0,0,19,20,39
323.0,2017-03-27 00:20:00,0,0,0,19,20,39
323.0,2017-03-27 00:23:00,0,0,0,19,20,39
323.0,2017-03-27 00:24:00,0,0,0,14,25,39
323.0,2017-03-27 00:27:00,0,0,0,14,25,39
323.0,2017-03-27 00:30:00,0,0,0,14,25,39
323.0,2017-03-27 00:33:00,0,0,0,14,25,39
323.0,2017-03-27 00:36:00,0,0,0,14,25,39
323.0,2017-03-27 00:39:00,0,0,0,14,25,39
323.0,2017-03-27 00:42:00,0,0,0,14,25,39
323.0,2017-03-27 00:45:00,0,0,0,14,25,39
323.0,2017-03-27 00:48:00,0,0,0,14,25,39
323.0,2017-03-27 00:51:00,0,0,0,14,25,39
323.0,2017-03-27 00:54:00,0,0,0,14,25,39
323.0,2017-03-27 00:57:00,2,0,-2,12,27,39
323.0,2017-03-27 01:00:00,0,0,0,12,27,39
323.0,2017-03-27 01:03:00,0,0,0,12,27,39
323.0,2017-03-27 01:06:00,0,0,0,12,27,39
323.0,2017-03-27 01:09:00,0,0,0,12,27,39
323.0,2017-03-27 01:10:00,0,0,0,17,22,39
323.0,2017-03-27 01:13:00,0,0,0,17,22,39
323.0,2017-03-27 01:16:00,0,0,0,17,22,39
323.0,2017-03-27 01:19:00,0,0,0,17,22,39
323.0,2017-03-27 01:22:00,0,0,0,17,22,39
323.0,2017-03-27 01:25:00,0,0,0,17,22,39
323.0,2017-03-27 01:28:00,0,0,0,17,22,39
323.0,2017-03-27 01:31:00,0,0,0,17,22,39
323.0,2017-03-27 01:34:00,0,0,0,17,22,39
323.0,2017-03-27 01:37:00,0,0,0,17,22,39
323.0,2017-03-27 01:40:00,0,0,0,17,22,39
323.0,2017-03-27 01:43:00,0,0,0,17,22,39
323.0,2017-03-27 01:46:00,0,0,0,17,22,39
323.0,2017-03-27 01:49:00,0,0,0,17,22,39
323.0,2017-03-27 01:52:00,0,0,0,17,22,39
323.0,2017-03-27 01:55:00,0,0,0,17,22,39
323.0,2017-03-27 01:58:00,0,0,0,17,22,39
323.0,2017-03-27 02:01:00,0,0,0,17,22,39
323.0,2017-03-27 02:04:00,0,0,0,17,22,39
323.0,2017-03-27 02:07:00,0,0,0,17,22,39
323.0,2017-03-27 02:10:00,0,0,0,17,22,39
323.0,2017-03-27 02:13:00,0,0,0,17,22,39
323.0,2017-03-27 02:16:00,0,0,0,17,22,39
323.0,2017-03-27 02:19:00,0,0,0,17,22,39
323.0,2017-03-27 02:22:00,0,0,0,17,22,39
323.0,2017-03-27 02:25:00,0,0,0,17,22,39
323.0,2017-03-27 02:28:00,0,0,0,17,22,39
323.0,2017-03-27 02:31:00,0,0,0,17,22,39
323.0,2017-03-27 02:34:00,0,0,0,17,22,39
323.0,2017-03-27 02:37:00,0,0,0,17,22,39
323.0,2017-03-27 02:40:00,0,0,0,17,22,39
323.0,2017-03-27 02:43:00,0,0,0,17,22,39
323.0,2017-03-27 02:46:00,0,0,0,17,22,39
323.0,2017-03-27 02:49:00,0,0,0,17,22,39
323.0,2017-03-27 02:52:00,0,0,0,17,22,39
323.0,2017-03-27 02:55:00,0,0,0,17,22,39
323.0,2017-03-27 02:58:00,0,0,0,17,22,39
323.0,2017-03-27 03:01:00,0,0,0,17,22,39
323.0,2017-03-27 03:04:00,0,0,0,17,22,39
323.0,2017-03-27 03:07:00,0,0,0,17,22,39
323.0,2017-03-27 03:10:00,0,0,0,17,22,39
323.0,2017-03-27 03:13:00,0,0,0,17,22,39
323.0,2017-03-27 03:16:00,0,0,0,17,22,39
323.0,2017-03-27 03:19:00,0,0,0,17,22,39
323.0,2017-03-27 03:22:00,0,0,0,17,22,39
323.0,2017-03-27 03:25:00,0,0,0,17,22,39
323.0,2017-03-27 03:28:00,0,0,0,17,22,39
323.0,2017-03-27 03:31:00,0,0,0,17,22,39
323.0,2017-03-27 03:34:00,0,0,0,17,22,39
323.0,2017-03-27 03:37:00,0,0,0,17,22,39
323.0,2017-03-27 03:40:00,0,0,0,17,22,39
323.0,2017-03-27 03:43:00,0,0,0,17,22,39
323.0,2017-03-27 03:46:00,0,0,0,17,22,39
323.0,2017-03-27 03:49:00,0,0,0,17,22,39
323.0,2017-03-27 03:52:00,0,0,0,17,22,39
323.0,2017-03-27 03:55:00,0,0,0,17,22,39
323.0,2017-03-27 03:58:00,0,0,0,17,22,39
323.0,2017-03-27 04:01:00,0,0,0,17,22,39
323.0,2017-03-27 04:04:00,0,0,0,17,22,39
323.0,2017-03-27 04:07:00,0,0,0,17,22,39
323.0,2017-03-27 04:10:00,0,0,0,17,22,39
323.0,2017-03-27 04:13:00,0,0,0,17,22,39
323.0,2017-03-27 04:16:00,0,0,0,17,22,39
323.0,2017-03-27 04:19:00,0,0,0,17,22,39
323.0,2017-03-27 04:22:00,0,0,0,17,22,39
323.0,2017-03-27 04:25:00,0,0,0,17,22,39
323.0,2017-03-27 04:28:00,0,0,0,17,22,39
323.0,2017-03-27 04:31:00,0,0,0,17,22,39
323.0,2017-03-27 04:34:00,0,0,0,17,22,39
323.0,2017-03-27 04:37:00,0,0,0,17,22,39
323.0,2017-03-27 04:40:00,0,0,0,17,22,39
323.0,2017-03-27 04:43:00,0,0,0,17,22,39
323.0,2017-03-27 04:46:00,0,0,0,17,22,39
323.0,2017-03-27 04:49:00,0,0,0,17,22,39
323.0,2017-03-27 04:52:00,0,0,0,17,22,39
323.0,2017-03-27 04:55:00,0,0,0,17,22,39
323.0,2017-03-27 04:58:00,0,0,0,17,22,39
323.0,2017-03-27 05:01:00,0,0,0,17,22,39
323.0,2017-03-27 05:04:00,0,0,0,17,22,39
323.0,2017-03-27 05:07:00,0,0,0,17,22,39
323.0,2017-03-27 05:10:00,0,0,0,17,22,39
323.0,2017-03-27 05:13:00,0,0,0,17,22,39
323.0,2017-03-27 05:16:00,0,0,0,17,22,39
323.0,2017-03-27 05:19:00,0,0,0,17,22,39
323.0,2017-03-27 05:22:00,0,0,0,17,22,39
323.0,2017-03-27 05:25:00,0,0,0,17,22,39
323.0,2017-03-27 05:28:00,0,0,0,17,22,39
323.0,2017-03-27 05:31:00,0,0,0,17,22,39
323.0,2017-03-27 05:34:00,0,0,0,17,22,39
323.0,2017-03-27 05:37:00,0,0,0,17,22,39
323.0,2017-03-27 05:40:00,0,0,0,17,22,39
323.0,2017-03-27 05:43:00,0,0,0,17,22,39
323.0,2017-03-27 05:46:00,0,0,0,17,22,39
323.0,2017-03-27 05:49:00,0,0,0,17,22,39
323.0,2017-03-27 05:52:00,0,0,0,17,22,39
323.0,2017-03-27 05:55:00,0,0,0,17,22,39
323.0,2017-03-27 05:58:00,0,0,0,17,22,39
323.0,2017-03-27 06:01:00,0,0,0,17,22,39
323.0,2017-03-27 06:04:00,0,0,0,17,22,39
323.0,2017-03-27 06:07:00,0,0,0,17,22,39
323.0,2017-03-27 06:10:00,0,0,0,17,22,39
323.0,2017-03-27 06:13:00,0,0,0,17,22,39
323.0,2017-03-27 06:16:00,0,0,0,17,22,39
323.0,2017-03-27 06:19:00,0,0,0,17,22,39
323.0,2017-03-27 06:22:00,0,0,0,17,22,39
323.0,2017-03-27 06:25:00,0,1,1,18,21,39
323.0,2017-03-27 06:28:00,0,0,0,18,21,39
323.0,2017-03-27 06:31:00,0,0,0,18,21,39
323.0,2017-03-27 06:34:00,0,0,0,18,21,39
323.0,2017-03-27 06:37:00,0,0,0,18,21,39
323.0,2017-03-27 06:38:00,0,0,0,18,21,39
323.0,2017-03-27 06:41:00,0,0,0,18,21,39
323.0,2017-03-27 06:44:00,0,1,1,19,20,39
323.0,2017-03-27 06:47:00,0,0,0,19,20,39
323.0,2017-03-27 06:50:00,0,0,0,19,20,39
323.0,2017-03-27 06:53:00,0,0,0,19,20,39
323.0,2017-03-27 06:56:00,0,0,0,19,20,39
323.0,2017-03-27 06:59:00,0,0,0,19,20,39
323.0,2017-03-27 07:02:00,0,0,0,19,20,39
323.0,2017-03-27 07:05:00,0,0,0,19,20,39
323.0,2017-03-27 07:08:00,0,0,0,19,20,39
323.0,2017-03-27 07:11:00,0,0,0,19,20,39
323.0,2017-03-27 07:14:00,0,0,0,19,20,39
323.0,2017-03-27 07:17:00,0,0,0,19,20,39
323.0,2017-03-27 07:18:00,0,1,1,20,19,39
323.0,2017-03-27 07:21:00,0,0,0,20,19,39
323.0,2017-03-27 07:24:00,0,0,0,20,19,39
323.0,2017-03-27 07:27:00,0,0,0,20,19,39
323.0,2017-03-27 07:30:00,0,0,0,20,19,39
323.0,2017-03-27 07:33:00,0,0,0,20,19,39
323.0,2017-03-27 07:36:00,0,0,0,20,19,39
323.0,2017-03-27 07:39:00,0,0,0,20,19,39
323.0,2017-03-27 07:42:00,0,0,0,20,19,39
323.0,2017-03-27 07:45:00,0,0,0,20,19,39
323.0,2017-03-27 07:48:00,0,2,2,22,17,39
323.0,2017-03-27 07:51:00,0,0,0,22,17,39
323.0,2017-03-27 07:54:00,0,0,0,22,17,39
323.0,2017-03-27 07:57:00,1,0,-1,21,18,39
323.0,2017-03-27 07:58:00,0,0,0,21,18,39
323.0,2017-03-27 08:01:00,0,1,1,22,17,39
323.0,2017-03-27 08:04:00,0,0,0,22,17,39
323.0,2017-03-27 08:07:00,0,0,0,22,17,39
323.0,2017-03-27 08:10:00,1,1,0,22,17,39
323.0,2017-03-27 08:13:00,0,0,0,22,17,39
323.0,2017-03-27 08:16:00,0,0,0,22,17,39
323.0,2017-03-27 08:19:00,0,0,0,22,17,39
323.0,2017-03-27 08:22:00,0,0,0,22,17,39
323.0,2017-03-27 08:25:00,0,0,0,22,17,39
323.0,2017-03-27 08:28:00,0,1,1,23,16,39
323.0,2017-03-27 08:31:00,0,3,3,26,13,39
323.0,2017-03-27 08:34:00,0,1,1,27,12,39
323.0,2017-03-27 08:37:00,0,0,0,27,12,39
323.0,2017-03-27 08:38:00,0,0,0,27,12,39
323.0,2017-03-27 08:41:00,0,0,0,27,12,39
323.0,2017-03-27 08:44:00,0,0,0,27,12,39
323.0,2017-03-27 08:47:00,0,1,1,28,11,39
323.0,2017-03-27 08:50:00,0,0,0,28,11,39
323.0,2017-03-27 08:53:00,1,1,0,28,11,39
323.0,2017-03-27 08:56:00,0,1,1,29,10,39
323.0,2017-03-27 08:59:00,0,1,1,30,9,39
323.0,2017-03-27 09:02:00,0,0,0,30,9,39
323.0,2017-03-27 09:05:00,0,0,0,30,9,39
323.0,2017-03-27 09:08:00,0,1,1,31,8,39
323.0,2017-03-27 09:11:00,0,0,0,31,8,39
323.0,2017-03-27 09:14:00,0,0,0,31,8,39
323.0,2017-03-27 09:17:00,0,0,0,31,8,39
323.0,2017-03-27 09:20:00,0,0,0,31,8,39
323.0,2017-03-27 09:23:00,0,0,0,31,8,39
323.0,2017-03-27 09:26:00,0,0,0,31,8,39
323.0,2017-03-27 09:29:00,0,0,0,31,8,39
323.0,2017-03-27 09:32:00,0,0,0,31,8,39
323.0,2017-03-27 09:35:00,0,0,0,31,8,39
323.0,2017-03-27 09:38:00,0,0,0,31,8,39
323.0,2017-03-27 09:41:00,0,0,0,31,8,39
323.0,2017-03-27 09:44:00,0,0,0,31,8,39
323.0,2017-03-27 09:47:00,0,0,0,31,8,39
323.0,2017-03-27 09:50:00,0,0,0,31,8,39
323.0,2017-03-27 09:53:00,0,0,0,31,8,39
323.0,2017-03-27 09:56:00,0,0,0,31,8,39
323.0,2017-03-27 09:59:00,0,1,1,32,7,39
323.0,2017-03-27 10:02:00,0,0,0,32,7,39
323.0,2017-03-27 10:05:00,0,0,0,32,7,39
323.0,2017-03-27 10:08:00,0,0,0,32,7,39
323.0,2017-03-27 10:11:00,0,0,0,32,7,39
323.0,2017-03-27 10:14:00,1,0,-1,31,8,39
323.0,2017-03-27 10:17:00,0,0,0,31,8,39
323.0,2017-03-27 10:20:00,0,0,0,31,8,39
323.0,2017-03-27 10:23:00,0,0,0,31,8,39
323.0,2017-03-27 10:26:00,0,0,0,31,8,39
323.0,2017-03-27 10:29:00,0,0,0,31,8,39
323.0,2017-03-27 10:32:00,0,0,0,31,8,39
323.0,2017-03-27 10:35:00,0,0,0,31,8,39
323.0,2017-03-27 10:38:00,0,0,0,31,8,39
323.0,2017-03-27 10:41:00,0,0,0,31,8,39
323.0,2017-03-27 10:44:00,0,0,0,31,8,39
323.0,2017-03-27 10:47:00,0,0,0,31,8,39
323.0,2017-03-27 10:50:00,0,0,0,31,8,39
323.0,2017-03-27 10:53:00,0,0,0,31,8,39
323.0,2017-03-27 10:56:00,0,0,0,31,8,39
323.0,2017-03-27 10:59:00,0,0,0,31,8,39
323.0,2017-03-27 11:02:00,0,0,0,31,8,39
323.0,2017-03-27 11:05:00,0,0,0,31,8,39
323.0,2017-03-27 11:08:00,0,0,0,31,8,39
323.0,2017-03-27 11:11:00,0,0,0,31,8,39
323.0,2017-03-27 11:14:00,0,0,0,31,8,39
323.0,2017-03-27 11:17:00,0,0,0,31,8,39
323.0,2017-03-27 11:20:00,0,0,0,31,8,39
323.0,2017-03-27 11:23:00,0,0,0,31,8,39
323.0,2017-03-27 11:26:00,0,0,0,31,8,39
323.0,2017-03-27 11:29:00,0,0,0,31,8,39
323.0,2017-03-27 11:32:00,0,0,0,31,8,39
323.0,2017-03-27 11:35:00,0,0,0,31,8,39
323.0,2017-03-27 11:38:00,0,0,0,31,8,39
323.0,2017-03-27 11:41:00,0,0,0,31,8,39
323.0,2017-03-27 11:44:00,0,0,0,31,8,39
323.0,2017-03-27 11:47:00,0,0,0,31,8,39
323.0,2017-03-27 11:50:00,0,1,1,32,7,39
323.0,2017-03-27 11:53:00,1,0,-1,31,8,39
323.0,2017-03-27 11:56:00,0,0,0,31,8,39
323.0,2017-03-27 11:59:00,0,0,0,31,8,39
323.0,2017-03-27 12:02:00,0,0,0,31,8,39
323.0,2017-03-27 12:05:00,0,0,0,31,8,39
323.0,2017-03-27 12:08:00,0,1,1,32,7,39
323.0,2017-03-27 12:11:00,0,0,0,32,7,39
323.0,2017-03-27 12:14:00,0,0,0,32,7,39
323.0,2017-03-27 12:17:00,1,0,-1,31,8,39
323.0,2017-03-27 12:20:00,0,0,0,31,8,39
323.0,2017-03-27 12:23:00,0,0,0,31,8,39
323.0,2017-03-27 12:26:00,0,0,0,31,8,39
323.0,2017-03-27 12:29:00,0,0,0,31,8,39
323.0,2017-03-27 12:32:00,0,0,0,31,8,39
323.0,2017-03-27 12:34:00,0,0,0,19,20,39
323.0,2017-03-27 12:37:00,0,0,0,19,20,39
323.0,2017-03-27 12:40:00,0,1,1,20,19,39
323.0,2017-03-27 12:43:00,0,0,0,20,19,39
323.0,2017-03-27 12:46:00,1,0,-1,19,20,39
323.0,2017-03-27 12:49:00,0,0,0,19,20,39
323.0,2017-03-27 12:52:00,0,0,0,19,20,39
323.0,2017-03-27 12:55:00,0,0,0,19,20,39
323.0,2017-03-27 12:58:00,0,0,0,19,20,39
323.0,2017-03-27 13:01:00,0,0,0,19,20,39
323.0,2017-03-27 13:04:00,0,0,0,19,20,39
323.0,2017-03-27 13:07:00,0,0,0,19,20,39
323.0,2017-03-27 13:09:00,0,0,0,31,8,39
323.0,2017-03-27 13:12:00,0,0,0,31,8,39
323.0,2017-03-27 13:15:00,0,0,0,31,8,39
323.0,2017-03-27 13:18:00,1,1,0,31,8,39
323.0,2017-03-27 13:21:00,0,0,0,31,8,39
323.0,2017-03-27 13:24:00,0,2,2,33,6,39
323.0,2017-03-27 13:27:00,0,0,0,33,6,39
323.0,2017-03-27 13:30:00,0,0,0,33,6,39
323.0,2017-03-27 13:33:00,0,0,0,33,6,39
323.0,2017-03-27 13:36:00,0,0,0,33,6,39
323.0,2017-03-27 13:39:00,0,1,1,34,5,39
323.0,2017-03-27 13:42:00,0,0,0,34,5,39
323.0,2017-03-27 13:45:00,0,0,0,34,5,39
323.0,2017-03-27 13:47:00,0,0,0,34,5,39
323.0,2017-03-27 13:50:00,0,0,0,34,5,39
323.0,2017-03-27 13:53:00,0,1,1,35,4,39
323.0,2017-03-27 13:56:00,0,1,1,36,3,39
323.0,2017-03-27 13:59:00,0,0,0,36,3,39
323.0,2017-03-27 14:02:00,1,0,-1,35,4,39
323.0,2017-03-27 14:05:00,0,0,0,35,4,39
323.0,2017-03-27 14:08:00,0,0,0,35,4,39
323.0,2017-03-27 14:11:00,0,0,0,35,4,39
323.0,2017-03-27 14:14:00,2,0,-2,33,6,39
323.0,2017-03-27 14:17:00,1,0,-1,32,7,39
323.0,2017-03-27 14:20:00,1,0,-1,31,8,39
323.0,2017-03-27 14:23:00,0,0,0,31,8,39
323.0,2017-03-27 14:26:00,0,0,0,31,8,39
323.0,2017-03-27 14:29:00,0,0,0,31,8,39
323.0,2017-03-27 14:32:00,0,0,0,31,8,39
323.0,2017-03-27 14:35:00,1,0,-1,30,9,39
323.0,2017-03-27 14:38:00,0,0,0,30,9,39
323.0,2017-03-27 14:41:00,0,0,0,30,9,39
323.0,2017-03-27 14:44:00,0,0,0,30,9,39
323.0,2017-03-27 14:47:00,0,0,0,30,9,39
323.0,2017-03-27 14:50:00,0,0,0,30,9,39
323.0,2017-03-27 14:53:00,0,0,0,30,9,39
323.0,2017-03-27 14:56:00,0,1,1,31,8,39
323.0,2017-03-27 14:59:00,0,0,0,31,8,39
323.0,2017-03-27 15:02:00,1,0,-1,30,9,39
323.0,2017-03-27 15:05:00,0,0,0,30,9,39
323.0,2017-03-27 15:08:00,0,0,0,30,9,39
323.0,2017-03-27 15:11:00,0,1,1,31,8,39
323.0,2017-03-27 15:14:00,0,0,0,31,8,39
323.0,2017-03-27 15:17:00,0,0,0,31,8,39
323.0,2017-03-27 15:20:00,0,0,0,31,8,39
323.0,2017-03-27 15:23:00,1,0,-1,30,9,39
323.0,2017-03-27 15:26:00,0,0,0,30,9,39
323.0,2017-03-27 15:29:00,1,0,-1,29,10,39
323.0,2017-03-27 15:32:00,1,0,-1,28,11,39
323.0,2017-03-27 15:35:00,1,0,-1,27,12,39
323.0,2017-03-27 15:38:00,0,0,0,27,12,39
323.0,2017-03-27 15:41:00,1,0,-1,26,13,39
323.0,2017-03-27 15:44:00,1,0,-1,25,14,39
323.0,2017-03-27 15:45:00,2,0,-2,24,15,39
323.0,2017-03-27 15:48:00,0,0,0,24,15,39
323.0,2017-03-27 15:51:00,0,0,0,24,15,39
323.0,2017-03-27 15:54:00,1,0,-1,23,16,39
323.0,2017-03-27 15:57:00,0,0,0,23,16,39
323.0,2017-03-27 16:00:00,0,0,0,23,16,39
323.0,2017-03-27 16:03:00,0,0,0,23,16,39
323.0,2017-03-27 16:06:00,1,0,-1,22,17,39
323.0,2017-03-27 16:09:00,0,0,0,22,17,39
323.0,2017-03-27 16:12:00,0,0,0,22,17,39
323.0,2017-03-27 16:15:00,0,0,0,22,17,39
323.0,2017-03-27 16:18:00,0,0,0,22,17,39
323.0,2017-03-27 16:21:00,0,0,0,22,17,39
323.0,2017-03-27 16:24:00,0,0,0,22,17,39
323.0,2017-03-27 16:26:00,0,0,0,22,17,39
323.0,2017-03-27 16:29:00,1,0,-1,21,18,39
323.0,2017-03-27 16:32:00,0,0,0,21,18,39
323.0,2017-03-27 16:35:00,0,0,0,21,18,39
323.0,2017-03-27 16:38:00,0,0,0,21,18,39
323.0,2017-03-27 16:41:00,0,0,0,21,18,39
323.0,2017-03-27 16:44:00,0,0,0,21,18,39
323.0,2017-03-27 16:47:00,1,0,-1,20,19,39
323.0,2017-03-27 16:50:00,1,0,-1,19,20,39
323.0,2017-03-27 16:53:00,0,0,0,19,20,39
323.0,2017-03-27 16:56:00,0,0,0,19,20,39
323.0,2017-03-27 16:59:00,0,0,0,19,20,39
323.0,2017-03-27 17:02:00,0,1,1,20,19,39
323.0,2017-03-27 17:05:00,0,0,0,20,19,39
323.0,2017-03-27 17:08:00,2,0,-2,18,21,39
323.0,2017-03-27 17:11:00,0,0,0,18,21,39
323.0,2017-03-27 17:14:00,0,0,0,18,21,39
323.0,2017-03-27 17:17:00,0,0,0,18,21,39
323.0,2017-03-27 17:20:00,2,0,-2,16,23,39
323.0,2017-03-27 17:23:00,1,0,-1,15,24,39
323.0,2017-03-27 17:26:00,0,0,0,15,24,39
323.0,2017-03-27 17:29:00,0,0,0,15,24,39
323.0,2017-03-27 17:32:00,1,0,-1,14,25,39
323.0,2017-03-27 17:35:00,0,0,0,14,25,39
323.0,2017-03-27 17:38:00,1,0,-1,13,26,39
323.0,2017-03-27 17:41:00,0,1,1,14,25,39
323.0,2017-03-27 17:42:00,0,1,1,15,24,39
323.0,2017-03-27 17:45:00,1,0,-1,14,25,39
323.0,2017-03-27 17:48:00,1,0,-1,13,26,39
323.0,2017-03-27 17:51:00,0,0,0,13,26,39
323.0,2017-03-27 17:54:00,0,0,0,13,26,39
323.0,2017-03-27 17:57:00,0,0,0,13,26,39
323.0,2017-03-27 18:00:00,0,0,0,13,26,39
323.0,2017-03-27 18:03:00,3,1,-2,11,28,39
323.0,2017-03-27 18:06:00,1,1,0,11,28,39
323.0,2017-03-27 18:09:00,0,1,1,12,27,39
323.0,2017-03-27 18:12:00,2,1,-1,11,28,39
323.0,2017-03-27 18:15:00,0,0,0,11,28,39
323.0,2017-03-27 18:18:00,1,0,-1,10,29,39
323.0,2017-03-27 18:21:00,1,0,-1,7,32,39
323.0,2017-03-27 18:24:00,1,1,0,7,32,39
323.0,2017-03-27 18:27:00,1,0,-1,6,33,39
323.0,2017-03-27 18:30:00,0,0,0,6,33,39
323.0,2017-03-27 18:33:00,0,0,0,6,33,39
323.0,2017-03-27 18:36:00,1,0,-1,5,34,39
323.0,2017-03-27 18:39:00,0,0,0,5,34,39
323.0,2017-03-27 18:42:00,2,0,-2,3,36,39
323.0,2017-03-27 18:45:00,1,0,-1,2,37,39
323.0,2017-03-27 18:48:00,0,0,0,2,37,39
323.0,2017-03-27 18:51:00,0,0,0,2,37,39
323.0,2017-03-27 18:54:00,1,0,-1,1,38,39
323.0,2017-03-27 18:57:00,0,0,0,1,38,39
323.0,2017-03-27 18:59:00,1,0,-1,0,39,39
323.0,2017-03-27 19:02:00,0,0,0,0,39,39
323.0,2017-03-27 19:05:00,0,0,0,0,39,39
323.0,2017-03-27 19:08:00,0,0,0,0,39,39
323.0,2017-03-27 19:11:00,0,0,0,0,39,39
323.0,2017-03-27 19:14:00,0,0,0,0,39,39
323.0,2017-03-27 19:17:00,0,0,0,0,39,39
323.0,2017-03-27 19:20:00,0,2,2,2,37,39
323.0,2017-03-27 19:23:00,0,0,0,2,37,39
323.0,2017-03-27 19:26:00,0,0,0,2,37,39
323.0,2017-03-27 19:29:00,0,0,0,2,37,39
323.0,2017-03-27 19:32:00,0,0,0,2,37,39
323.0,2017-03-27 19:35:00,0,0,0,2,37,39
323.0,2017-03-27 19:36:00,0,0,0,2,37,39
323.0,2017-03-27 19:39:00,0,0,0,2,37,39
323.0,2017-03-27 19:42:00,0,1,1,3,36,39
323.0,2017-03-27 19:45:00,0,0,0,3,36,39
323.0,2017-03-27 19:48:00,1,0,-1,2,37,39
323.0,2017-03-27 19:51:00,0,0,0,2,37,39
323.0,2017-03-27 19:54:00,1,0,-1,1,38,39
323.0,2017-03-27 19:57:00,0,0,0,1,38,39
323.0,2017-03-27 20:00:00,0,0,0,1,38,39
323.0,2017-03-27 20:03:00,1,1,0,1,38,39
323.0,2017-03-27 20:06:00,1,0,-1,0,39,39
323.0,2017-03-27 20:09:00,0,0,0,0,39,39
323.0,2017-03-27 20:12:00,0,0,0,0,39,39
323.0,2017-03-27 20:13:00,0,0,0,0,39,39
323.0,2017-03-27 20:16:00,0,0,0,0,39,39
323.0,2017-03-27 20:19:00,0,0,0,0,39,39
323.0,2017-03-27 20:22:00,0,0,0,0,39,39
323.0,2017-03-27 20:25:00,0,1,1,1,38,39
323.0,2017-03-27 20:28:00,0,0,0,1,38,39
323.0,2017-03-27 20:31:00,0,0,0,1,38,39
323.0,2017-03-27 20:34:00,0,1,1,2,37,39
323.0,2017-03-27 20:37:00,1,0,-1,1,38,39
323.0,2017-03-27 20:40:00,1,0,-1,0,39,39
323.0,2017-03-27 20:43:00,0,0,0,0,39,39
323.0,2017-03-27 20:46:00,0,0,0,0,39,39
323.0,2017-03-27 20:49:00,0,0,0,0,39,39
323.0,2017-03-27 20:50:00,0,0,0,0,39,39
323.0,2017-03-27 20:53:00,0,0,0,0,39,39
323.0,2017-03-27 20:56:00,0,0,0,0,39,39
323.0,2017-03-27 20:59:00,0,0,0,0,39,39
323.0,2017-03-27 21:02:00,0,0,0,0,39,39
323.0,2017-03-27 21:05:00,0,1,1,1,38,39
323.0,2017-03-27 21:08:00,0,0,0,1,38,39
323.0,2017-03-27 21:11:00,0,0,0,1,38,39
323.0,2017-03-27 21:14:00,0,1,1,2,37,39
323.0,2017-03-27 21:17:00,0,0,0,2,37,39
323.0,2017-03-27 21:20:00,0,0,0,2,37,39
323.0,2017-03-27 21:23:00,0,0,0,2,37,39
323.0,2017-03-27 21:26:00,0,1,1,4,35,39
323.0,2017-03-27 21:29:00,0,0,0,4,35,39
323.0,2017-03-27 21:32:00,0,1,1,5,34,39
323.0,2017-03-27 21:35:00,0,0,0,5,34,39
323.0,2017-03-27 21:38:00,0,0,0,5,34,39
323.0,2017-03-27 21:41:00,0,0,0,5,34,39
323.0,2017-03-27 21:44:00,1,0,-1,4,35,39
323.0,2017-03-27 21:47:00,0,0,0,4,35,39
323.0,2017-03-27 21:50:00,0,0,0,4,35,39
323.0,2017-03-27 21:53:00,0,1,1,5,34,39
323.0,2017-03-27 21:56:00,0,0,0,5,34,39
323.0,2017-03-27 21:59:00,0,0,0,5,34,39
323.0,2017-03-27 22:01:00,0,0,0,4,35,39
323.0,2017-03-27 22:04:00,0,0,0,4,35,39
323.0,2017-03-27 22:07:00,0,0,0,4,35,39
323.0,2017-03-27 22:10:00,0,0,0,4,35,39
323.0,2017-03-27 22:13:00,0,1,1,5,34,39
323.0,2017-03-27 22:16:00,0,0,0,5,34,39
323.0,2017-03-27 22:19:00,0,0,0,5,34,39
323.0,2017-03-27 22:22:00,0,0,0,5,34,39
323.0,2017-03-27 22:25:00,1,0,-1,4,35,39
323.0,2017-03-27 22:28:00,0,0,0,4,35,39
323.0,2017-03-27 22:31:00,0,0,0,4,35,39
323.0,2017-03-27 22:34:00,0,0,0,4,35,39
323.0,2017-03-27 22:37:00,0,0,0,4,35,39
323.0,2017-03-27 22:40:00,0,0,0,4,35,39
323.0,2017-03-27 22:43:00,0,0,0,4,35,39
323.0,2017-03-27 22:46:00,0,0,0,4,35,39
323.0,2017-03-27 22:49:00,0,1,1,5,34,39
323.0,2017-03-27 22:52:00,0,0,0,5,34,39
323.0,2017-03-27 22:55:00,0,0,0,5,34,39
323.0,2017-03-27 22:58:00,0,0,0,5,34,39
323.0,2017-03-27 23:01:00,0,0,0,5,34,39
323.0,2017-03-27 23:04:00,0,0,0,5,34,39
323.0,2017-03-27 23:07:00,0,0,0,5,34,39
323.0,2017-03-27 23:10:00,0,0,0,5,34,39
323.0,2017-03-27 23:12:00,0,0,0,5,34,39
323.0,2017-03-27 23:15:00,0,0,0,5,34,39
323.0,2017-03-27 23:18:00,0,0,0,5,34,39
323.0,2017-03-27 23:21:00,0,0,0,5,34,39
323.0,2017-03-27 23:24:00,0,1,1,6,33,39
323.0,2017-03-27 23:27:00,0,0,0,6,33,39
323.0,2017-03-27 23:30:00,0,0,0,6,33,39
323.0,2017-03-27 23:33:00,0,0,0,6,33,39
323.0,2017-03-27 23:36:00,0,0,0,6,33,39
323.0,2017-03-27 23:39:00,0,0,0,6,33,39
323.0,2017-03-27 23:42:00,0,0,0,6,33,39
323.0,2017-03-27 23:45:00,0,0,0,6,33,39
323.0,2017-03-27 23:48:00,0,0,0,6,33,39
323.0,2017-03-27 23:51:00,0,0,0,6,33,39
323.0,2017-03-27 23:54:00,0,0,0,6,33,39
323.0,2017-03-27 23:57:00,0,0,0,6,33,39
323.0,2017-03-28 00:00:00,0,0,0,6,33,39
323.0,2017-03-28 00:03:00,2,0,-2,4,35,39
323.0,2017-03-28 00:06:00,0,0,0,4,35,39
323.0,2017-03-28 00:09:00,0,0,0,4,35,39
323.0,2017-03-28 00:12:00,0,0,0,4,35,39
323.0,2017-03-28 00:15:00,0,0,0,4,35,39
323.0,2017-03-28 00:18:00,0,0,0,4,35,39
323.0,2017-03-28 00:21:00,0,0,0,4,35,39
323.0,2017-03-28 00:24:00,0,0,0,4,35,39
323.0,2017-03-28 00:27:00,0,0,0,4,35,39
323.0,2017-03-28 00:30:00,0,0,0,31,8,39
323.0,2017-03-28 00:33:00,0,0,0,31,8,39
323.0,2017-03-28 00:36:00,0,0,0,31,8,39
323.0,2017-03-28 00:39:00,0,0,0,31,8,39
323.0,2017-03-28 00:42:00,0,0,0,31,8,39
323.0,2017-03-28 00:45:00,0,0,0,31,8,39
323.0,2017-03-28 00:48:00,0,0,0,31,8,39
323.0,2017-03-28 00:51:00,0,0,0,31,8,39
323.0,2017-03-28 00:54:00,0,0,0,31,8,39
323.0,2017-03-28 00:57:00,0,0,0,31,8,39
323.0,2017-03-28 01:00:00,0,0,0,31,8,39
323.0,2017-03-28 01:01:00,0,0,0,4,35,39
323.0,2017-03-28 01:04:00,0,0,0,4,35,39
323.0,2017-03-28 01:07:00,0,0,0,4,35,39
323.0,2017-03-28 01:10:00,0,0,0,4,35,39
323.0,2017-03-28 01:13:00,0,0,0,4,35,39
323.0,2017-03-28 01:16:00,0,0,0,4,35,39
323.0,2017-03-28 01:19:00,0,0,0,4,35,39
323.0,2017-03-28 01:22:00,0,0,0,4,35,39
323.0,2017-03-28 01:25:00,0,0,0,4,35,39
323.0,2017-03-28 01:28:00,0,0,0,4,35,39
323.0,2017-03-28 01:31:00,0,0,0,4,35,39
323.0,2017-03-28 01:34:00,0,0,0,4,35,39
323.0,2017-03-28 01:35:00,0,0,0,4,35,39
323.0,2017-03-28 01:38:00,0,0,0,4,35,39
323.0,2017-03-28 01:41:00,0,0,0,4,35,39
323.0,2017-03-28 01:44:00,0,0,0,4,35,39
323.0,2017-03-28 01:47:00,0,0,0,4,35,39
323.0,2017-03-28 01:50:00,0,0,0,4,35,39
323.0,2017-03-28 01:53:00,0,0,0,4,35,39
323.0,2017-03-28 01:56:00,0,0,0,4,35,39
323.0,2017-03-28 01:59:00,0,0,0,4,35,39
323.0,2017-03-28 02:02:00,0,0,0,4,35,39
323.0,2017-03-28 02:05:00,0,0,0,4,35,39
323.0,2017-03-28 02:08:00,0,0,0,4,35,39
323.0,2017-03-28 02:09:00,0,0,0,4,35,39
323.0,2017-03-28 02:12:00,0,0,0,4,35,39
323.0,2017-03-28 02:15:00,0,0,0,4,35,39
323.0,2017-03-28 02:18:00,0,0,0,4,35,39
323.0,2017-03-28 02:21:00,0,0,0,4,35,39
323.0,2017-03-28 02:24:00,0,0,0,4,35,39
323.0,2017-03-28 02:27:00,0,0,0,4,35,39
323.0,2017-03-28 02:30:00,0,0,0,4,35,39
323.0,2017-03-28 02:33:00,0,0,0,4,35,39
323.0,2017-03-28 02:36:00,0,0,0,4,35,39
323.0,2017-03-28 02:39:00,0,0,0,4,35,39
323.0,2017-03-28 02:42:00,0,0,0,4,35,39
323.0,2017-03-28 02:45:00,0,0,0,4,35,39
323.0,2017-03-28 02:48:00,0,0,0,4,35,39
323.0,2017-03-28 02:51:00,0,0,0,4,35,39
323.0,2017-03-28 02:54:00,0,0,0,4,35,39
323.0,2017-03-28 02:57:00,0,0,0,4,35,39
323.0,2017-03-28 03:00:00,0,0,0,4,35,39
323.0,2017-03-28 03:03:00,0,0,0,4,35,39
323.0,2017-03-28 03:06:00,0,0,0,4,35,39
323.0,2017-03-28 03:09:00,0,0,0,4,35,39
323.0,2017-03-28 03:12:00,0,0,0,4,35,39
323.0,2017-03-28 03:15:00,0,0,0,4,35,39
323.0,2017-03-28 03:17:00,0,0,0,4,35,39
323.0,2017-03-28 03:20:00,0,0,0,4,35,39
323.0,2017-03-28 03:23:00,0,0,0,4,35,39
323.0,2017-03-28 03:26:00,0,0,0,4,35,39
323.0,2017-03-28 03:29:00,0,0,0,4,35,39
323.0,2017-03-28 03:32:00,0,0,0,4,35,39
323.0,2017-03-28 03:35:00,0,0,0,4,35,39
323.0,2017-03-28 03:38:00,0,0,0,4,35,39
323.0,2017-03-28 03:41:00,0,0,0,4,35,39
323.0,2017-03-28 03:44:00,0,0,0,4,35,39
323.0,2017-03-28 03:47:00,0,0,0,4,35,39
323.0,2017-03-28 03:50:00,0,0,0,4,35,39
323.0,2017-03-28 03:53:00,0,0,0,4,35,39
323.0,2017-03-28 03:56:00,0,0,0,4,35,39
323.0,2017-03-28 03:59:00,0,0,0,4,35,39
323.0,2017-03-28 04:02:00,0,0,0,4,35,39
323.0,2017-03-28 04:05:00,1,0,-1,3,36,39
323.0,2017-03-28 04:08:00,0,0,0,3,36,39
323.0,2017-03-28 04:11:00,0,0,0,3,36,39
323.0,2017-03-28 04:14:00,0,0,0,3,36,39
323.0,2017-03-28 04:17:00,0,0,0,3,36,39
323.0,2017-03-28 04:20:00,0,0,0,3,36,39
323.0,2017-03-28 04:23:00,0,0,0,3,36,39
323.0,2017-03-28 04:26:00,0,0,0,3,36,39
323.0,2017-03-28 04:29:00,0,0,0,3,36,39
323.0,2017-03-28 04:32:00,0,0,0,3,36,39
323.0,2017-03-28 04:35:00,0,0,0,3,36,39
323.0,2017-03-28 04:38:00,0,0,0,3,36,39
323.0,2017-03-28 04:41:00,0,0,0,3,36,39
323.0,2017-03-28 04:44:00,0,0,0,3,36,39
323.0,2017-03-28 04:47:00,0,0,0,3,36,39
323.0,2017-03-28 04:50:00,0,0,0,3,36,39
323.0,2017-03-28 04:53:00,0,0,0,3,36,39
323.0,2017-03-28 04:56:00,0,0,0,3,36,39
323.0,2017-03-28 04:59:00,0,0,0,3,36,39
323.0,2017-03-28 05:02:00,0,0,0,3,36,39
323.0,2017-03-28 05:05:00,0,0,0,3,36,39
323.0,2017-03-28 05:08:00,0,0,0,3,36,39
323.0,2017-03-28 05:11:00,0,0,0,3,36,39
323.0,2017-03-28 05:14:00,0,0,0,3,36,39
323.0,2017-03-28 05:17:00,0,0,0,3,36,39
323.0,2017-03-28 05:20:00,0,0,0,3,36,39
323.0,2017-03-28 05:23:00,0,0,0,3,36,39
323.0,2017-03-28 05:26:00,0,0,0,3,36,39
323.0,2017-03-28 05:28:00,0,0,0,3,36,39
323.0,2017-03-28 05:31:00,0,0,0,3,36,39
323.0,2017-03-28 05:34:00,0,0,0,3,36,39
323.0,2017-03-28 05:37:00,0,0,0,3,36,39
323.0,2017-03-28 05:40:00,0,0,0,3,36,39
323.0,2017-03-28 05:43:00,0,0,0,3,36,39
323.0,2017-03-28 05:46:00,0,0,0,3,36,39
323.0,2017-03-28 05:49:00,0,0,0,3,36,39
323.0,2017-03-28 05:52:00,0,0,0,3,36,39
323.0,2017-03-28 05:55:00,0,0,0,3,36,39
323.0,2017-03-28 05:58:00,0,0,0,3,36,39
323.0,2017-03-28 06:01:00,0,0,0,3,36,39
323.0,2017-03-28 06:04:00,0,0,0,3,36,39
323.0,2017-03-28 06:07:00,0,1,1,4,35,39
323.0,2017-03-28 06:10:00,0,0,0,4,35,39
323.0,2017-03-28 06:13:00,0,0,0,4,35,39
323.0,2017-03-28 06:16:00,0,0,0,4,35,39
323.0,2017-03-28 06:19:00,0,0,0,4,35,39
323.0,2017-03-28 06:22:00,0,0,0,4,35,39
323.0,2017-03-28 06:25:00,0,1,1,5,34,39
323.0,2017-03-28 06:28:00,0,0,0,5,34,39
323.0,2017-03-28 06:31:00,0,0,0,5,34,39
323.0,2017-03-28 06:34:00,0,0,0,5,34,39
323.0,2017-03-28 06:37:00,0,0,0,5,34,39
323.0,2017-03-28 06:40:00,0,0,0,5,34,39
323.0,2017-03-28 06:43:00,0,0,0,5,34,39
323.0,2017-03-28 06:46:00,0,0,0,5,34,39
323.0,2017-03-28 06:49:00,0,1,1,6,33,39
323.0,2017-03-28 06:52:00,0,0,0,6,33,39
323.0,2017-03-28 06:55:00,0,0,0,6,33,39
323.0,2017-03-28 06:58:00,0,0,0,6,33,39
323.0,2017-03-28 07:01:00,0,0,0,6,33,39
323.0,2017-03-28 07:04:00,0,0,0,6,33,39
323.0,2017-03-28 07:07:00,0,0,0,6,33,39
323.0,2017-03-28 07:10:00,0,0,0,6,33,39
323.0,2017-03-28 07:13:00,0,0,0,6,33,39
323.0,2017-03-28 07:14:00,0,0,0,6,33,39
323.0,2017-03-28 07:17:00,0,0,0,6,33,39
323.0,2017-03-28 07:20:00,0,0,0,6,33,39
323.0,2017-03-28 07:23:00,0,0,0,6,33,39
323.0,2017-03-28 07:26:00,0,0,0,6,33,39
323.0,2017-03-28 07:29:00,0,0,0,6,33,39
323.0,2017-03-28 07:32:00,0,0,0,6,33,39
323.0,2017-03-28 07:35:00,0,0,0,6,33,39
323.0,2017-03-28 07:38:00,0,0,0,6,33,39
323.0,2017-03-28 07:41:00,0,0,0,6,33,39
323.0,2017-03-28 07:44:00,0,1,1,7,32,39
323.0,2017-03-28 07:47:00,0,1,1,8,31,39
323.0,2017-03-28 07:50:00,0,2,2,10,29,39
323.0,2017-03-28 07:53:00,0,0,0,10,29,39
323.0,2017-03-28 07:56:00,0,0,0,10,29,39
323.0,2017-03-28 07:59:00,0,1,1,11,28,39
323.0,2017-03-28 08:02:00,0,0,0,11,28,39
323.0,2017-03-28 08:05:00,0,0,0,11,28,39
323.0,2017-03-28 08:08:00,2,0,-2,9,30,39
323.0,2017-03-28 08:11:00,0,0,0,9,30,39
323.0,2017-03-28 08:14:00,0,0,0,9,30,39
323.0,2017-03-28 08:17:00,1,0,-1,8,31,39
323.0,2017-03-28 08:20:00,1,0,-1,7,32,39
323.0,2017-03-28 08:23:00,0,1,1,8,31,39
323.0,2017-03-28 08:26:00,0,1,1,9,30,39
323.0,2017-03-28 08:29:00,0,1,1,11,28,39
323.0,2017-03-28 08:32:00,0,1,1,12,27,39
323.0,2017-03-28 08:35:00,1,0,-1,11,28,39
323.0,2017-03-28 08:38:00,0,1,1,12,27,39
323.0,2017-03-28 08:41:00,0,0,0,12,27,39
323.0,2017-03-28 08:44:00,0,0,0,12,27,39
323.0,2017-03-28 08:47:00,0,0,0,12,27,39
323.0,2017-03-28 08:50:00,0,1,1,13,26,39
323.0,2017-03-28 08:53:00,0,0,0,13,26,39
323.0,2017-03-28 08:56:00,0,0,0,13,26,39
323.0,2017-03-28 08:59:00,0,2,2,15,24,39
323.0,2017-03-28 09:02:00,0,0,0,15,24,39
323.0,2017-03-28 09:05:00,0,1,1,16,23,39
323.0,2017-03-28 09:07:00,0,1,1,16,23,39
323.0,2017-03-28 09:10:00,0,0,0,16,23,39
323.0,2017-03-28 09:13:00,0,0,0,16,23,39
323.0,2017-03-28 09:16:00,0,1,1,17,22,39
323.0,2017-03-28 09:19:00,0,2,2,19,20,39
323.0,2017-03-28 09:22:00,0,0,0,19,20,39
323.0,2017-03-28 09:25:00,0,1,1,20,19,39
323.0,2017-03-28 09:28:00,0,1,1,21,18,39
323.0,2017-03-28 09:31:00,0,0,0,21,18,39
323.0,2017-03-28 09:34:00,1,0,-1,20,19,39
323.0,2017-03-28 09:37:00,0,1,1,21,18,39
323.0,2017-03-28 09:40:00,0,0,0,21,18,39
323.0,2017-03-28 09:43:00,0,0,0,21,18,39
323.0,2017-03-28 09:46:00,0,0,0,21,18,39
323.0,2017-03-28 09:47:00,0,0,0,20,19,39
323.0,2017-03-28 09:50:00,0,0,0,20,19,39
323.0,2017-03-28 09:53:00,0,0,0,20,19,39
323.0,2017-03-28 09:56:00,1,0,-1,19,20,39
323.0,2017-03-28 09:59:00,0,0,0,19,20,39
323.0,2017-03-28 10:02:00,0,2,2,21,18,39
323.0,2017-03-28 10:05:00,0,0,0,21,18,39
323.0,2017-03-28 10:08:00,0,0,0,21,18,39
323.0,2017-03-28 10:11:00,0,0,0,21,18,39
323.0,2017-03-28 10:14:00,0,0,0,21,18,39
323.0,2017-03-28 10:17:00,0,0,0,21,18,39
323.0,2017-03-28 10:20:00,0,0,0,21,18,39
323.0,2017-03-28 10:23:00,1,0,-1,20,19,39
323.0,2017-03-28 10:26:00,0,0,0,20,19,39
323.0,2017-03-28 10:29:00,0,0,0,20,19,39
323.0,2017-03-28 10:32:00,0,0,0,20,19,39
323.0,2017-03-28 10:35:00,0,0,0,20,19,39
323.0,2017-03-28 10:38:00,0,0,0,20,19,39
323.0,2017-03-28 10:41:00,0,0,0,20,19,39
323.0,2017-03-28 10:44:00,0,0,0,20,19,39
323.0,2017-03-28 10:47:00,0,0,0,20,19,39
323.0,2017-03-28 10:50:00,0,0,0,20,19,39
323.0,2017-03-28 10:53:00,0,0,0,20,19,39
323.0,2017-03-28 10:56:00,0,0,0,20,19,39
323.0,2017-03-28 10:59:00,0,0,0,20,19,39
323.0,2017-03-28 11:02:00,0,1,1,21,18,39
323.0,2017-03-28 11:05:00,0,0,0,21,18,39
323.0,2017-03-28 11:08:00,0,0,0,21,18,39
323.0,2017-03-28 11:11:00,0,0,0,21,18,39
323.0,2017-03-28 11:14:00,0,0,0,21,18,39
323.0,2017-03-28 11:17:00,0,0,0,21,18,39
323.0,2017-03-28 11:20:00,0,0,0,21,18,39
323.0,2017-03-28 11:23:00,0,0,0,21,18,39
323.0,2017-03-28 11:26:00,0,0,0,21,18,39
323.0,2017-03-28 11:29:00,0,0,0,21,18,39
323.0,2017-03-28 11:32:00,0,0,0,21,18,39
323.0,2017-03-28 11:35:00,0,0,0,21,18,39
323.0,2017-03-28 11:38:00,0,0,0,21,18,39
323.0,2017-03-28 11:41:00,0,0,0,21,18,39
323.0,2017-03-28 11:44:00,0,0,0,21,18,39
323.0,2017-03-28 11:47:00,0,0,0,21,18,39
323.0,2017-03-28 11:50:00,0,0,0,21,18,39
323.0,2017-03-28 11:53:00,0,0,0,21,18,39
323.0,2017-03-28 11:56:00,0,0,0,21,18,39
323.0,2017-03-28 11:59:00,0,0,0,21,18,39
323.0,2017-03-28 12:02:00,0,0,0,21,18,39
323.0,2017-03-28 12:05:00,0,0,0,21,18,39
323.0,2017-03-28 12:08:00,0,0,0,21,18,39
323.0,2017-03-28 12:11:00,1,0,-1,20,19,39
323.0,2017-03-28 12:14:00,0,0,0,20,19,39
323.0,2017-03-28 12:17:00,1,0,-1,19,20,39
323.0,2017-03-28 12:20:00,0,0,0,19,20,39
323.0,2017-03-28 12:23:00,0,0,0,19,20,39
323.0,2017-03-28 12:26:00,0,0,0,4,35,39
323.0,2017-03-28 12:29:00,0,0,0,4,35,39
323.0,2017-03-28 12:32:00,0,1,1,5,34,39
323.0,2017-03-28 12:35:00,0,0,0,5,34,39
323.0,2017-03-28 12:38:00,0,1,1,6,33,39
323.0,2017-03-28 12:41:00,0,0,0,6,33,39
323.0,2017-03-28 12:44:00,0,0,0,6,33,39
323.0,2017-03-28 12:47:00,0,0,0,6,33,39
323.0,2017-03-28 12:50:00,0,0,0,6,33,39
323.0,2017-03-28 12:53:00,0,0,0,6,33,39
323.0,2017-03-28 12:56:00,0,0,0,6,33,39
323.0,2017-03-28 12:59:00,0,0,0,6,33,39
323.0,2017-03-28 13:02:00,0,0,0,6,33,39
323.0,2017-03-28 13:05:00,0,0,0,6,33,39
323.0,2017-03-28 13:08:00,1,0,-1,5,34,39
323.0,2017-03-28 13:11:00,0,0,0,5,34,39
323.0,2017-03-28 13:14:00,0,0,0,5,34,39
323.0,2017-03-28 13:17:00,0,0,0,5,34,39
323.0,2017-03-28 13:20:00,0,0,0,5,34,39
323.0,2017-03-28 13:23:00,0,0,0,5,34,39
323.0,2017-03-28 13:26:00,0,0,0,20,19,39
323.0,2017-03-28 13:29:00,0,0,0,20,19,39
323.0,2017-03-28 13:32:00,0,0,0,20,19,39
323.0,2017-03-28 13:35:00,0,0,0,20,19,39
323.0,2017-03-28 13:38:00,0,1,1,21,18,39
323.0,2017-03-28 13:41:00,0,0,0,21,18,39
323.0,2017-03-28 13:44:00,0,0,0,21,18,39
323.0,2017-03-28 13:47:00,0,0,0,21,18,39
323.0,2017-03-28 13:50:00,0,0,0,21,18,39
323.0,2017-03-28 13:53:00,0,0,0,21,18,39
323.0,2017-03-28 13:56:00,0,0,0,21,18,39
323.0,2017-03-28 13:59:00,0,0,0,21,18,39
323.0,2017-03-28 14:02:00,0,0,0,21,18,39
323.0,2017-03-28 14:05:00,0,0,0,21,18,39
323.0,2017-03-28 14:08:00,0,0,0,21,18,39
323.0,2017-03-28 14:11:00,2,0,-2,19,20,39
323.0,2017-03-28 14:14:00,1,0,-1,18,21,39
323.0,2017-03-28 14:17:00,0,0,0,18,21,39
323.0,2017-03-28 14:20:00,0,0,0,18,21,39
323.0,2017-03-28 14:23:00,0,0,0,18,21,39
323.0,2017-03-28 14:26:00,0,0,0,18,21,39
323.0,2017-03-28 14:29:00,1,0,-1,17,22,39
323.0,2017-03-28 14:32:00,0,0,0,17,22,39
323.0,2017-03-28 14:35:00,0,0,0,17,22,39
323.0,2017-03-28 14:38:00,0,0,0,17,22,39
323.0,2017-03-28 14:39:00,0,0,0,17,22,39
323.0,2017-03-28 14:42:00,0,0,0,17,22,39
323.0,2017-03-28 14:45:00,0,0,0,17,22,39
323.0,2017-03-28 14:48:00,0,0,0,17,22,39
323.0,2017-03-28 14:51:00,0,0,0,17,22,39
323.0,2017-03-28 14:54:00,0,0,0,17,22,39
323.0,2017-03-28 14:57:00,0,0,0,17,22,39
323.0,2017-03-28 15:00:00,0,0,0,17,22,39
323.0,2017-03-28 15:03:00,0,0,0,17,22,39
323.0,2017-03-28 15:06:00,0,0,0,17,22,39
323.0,2017-03-28 15:09:00,0,2,2,19,20,39
323.0,2017-03-28 15:12:00,0,0,0,19,20,39
323.0,2017-03-28 15:15:00,0,0,0,19,20,39
323.0,2017-03-28 15:17:00,0,0,0,19,20,39
323.0,2017-03-28 15:20:00,0,0,0,19,20,39
323.0,2017-03-28 15:23:00,0,0,0,19,20,39
323.0,2017-03-28 15:26:00,0,0,0,19,20,39
323.0,2017-03-28 15:29:00,0,0,0,19,20,39
323.0,2017-03-28 15:32:00,0,0,0,19,20,39
323.0,2017-03-28 15:35:00,0,0,0,19,20,39
323.0,2017-03-28 15:38:00,0,0,0,19,20,39
323.0,2017-03-28 15:41:00,0,0,0,19,20,39
323.0,2017-03-28 15:44:00,1,0,-1,18,21,39
323.0,2017-03-28 15:47:00,0,0,0,18,21,39
323.0,2017-03-28 15:50:00,0,1,1,19,20,39
323.0,2017-03-28 15:53:00,0,1,1,20,19,39
323.0,2017-03-28 15:55:00,0,0,0,20,19,39
323.0,2017-03-28 15:58:00,1,0,-1,19,20,39
323.0,2017-03-28 16:01:00,0,0,0,19,20,39
323.0,2017-03-28 16:04:00,1,0,-1,18,21,39
323.0,2017-03-28 16:07:00,0,0,0,18,21,39
323.0,2017-03-28 16:10:00,0,0,0,18,21,39
323.0,2017-03-28 16:13:00,0,0,0,18,21,39
323.0,2017-03-28 16:16:00,1,0,-1,17,22,39
323.0,2017-03-28 16:19:00,0,0,0,17,22,39
323.0,2017-03-28 16:22:00,0,0,0,17,22,39
323.0,2017-03-28 16:25:00,0,0,0,17,22,39
323.0,2017-03-28 16:28:00,0,0,0,17,22,39
323.0,2017-03-28 16:31:00,1,0,-1,16,23,39
323.0,2017-03-28 16:34:00,1,1,0,16,23,39
323.0,2017-03-28 16:36:00,0,1,1,17,22,39
323.0,2017-03-28 16:39:00,0,0,0,17,22,39
323.0,2017-03-28 16:42:00,0,0,0,17,22,39
323.0,2017-03-28 16:45:00,0,0,0,17,22,39
323.0,2017-03-28 16:48:00,0,0,0,17,22,39
323.0,2017-03-28 16:51:00,0,0,0,17,22,39
323.0,2017-03-28 16:54:00,0,0,0,17,22,39
323.0,2017-03-28 16:57:00,0,0,0,17,22,39
323.0,2017-03-28 17:00:00,0,0,0,17,22,39
323.0,2017-03-28 17:03:00,1,0,-1,16,23,39
323.0,2017-03-28 17:06:00,0,1,1,17,22,39
323.0,2017-03-28 17:09:00,3,0,-3,14,25,39
323.0,2017-03-28 17:12:00,1,0,-1,13,26,39
323.0,2017-03-28 17:15:00,0,0,0,12,27,39
323.0,2017-03-28 17:18:00,0,0,0,12,27,39
323.0,2017-03-28 17:21:00,0,0,0,12,27,39
323.0,2017-03-28 17:24:00,0,0,0,12,27,39
323.0,2017-03-28 17:27:00,1,0,-1,11,28,39
323.0,2017-03-28 17:30:00,0,0,0,11,28,39
323.0,2017-03-28 17:33:00,0,0,0,11,28,39
323.0,2017-03-28 17:36:00,0,0,0,11,28,39
323.0,2017-03-28 17:39:00,0,0,0,11,28,39
323.0,2017-03-28 17:42:00,0,0,0,11,28,39
323.0,2017-03-28 17:45:00,0,0,0,11,28,39
323.0,2017-03-28 17:48:00,0,0,0,11,28,39
323.0,2017-03-28 17:51:00,0,0,0,11,28,39
323.0,2017-03-28 17:54:00,1,0,-1,10,29,39
323.0,2017-03-28 17:57:00,0,0,0,10,29,39
323.0,2017-03-28 18:00:00,1,0,-1,9,30,39
323.0,2017-03-28 18:03:00,1,0,-1,8,31,39
323.0,2017-03-28 18:06:00,0,0,0,8,31,39
323.0,2017-03-28 18:09:00,1,0,-1,7,32,39
323.0,2017-03-28 18:12:00,0,0,0,7,32,39
323.0,2017-03-28 18:15:00,0,1,1,8,31,39
323.0,2017-03-28 18:18:00,0,0,0,8,31,39
323.0,2017-03-28 18:21:00,1,0,-1,7,32,39
323.0,2017-03-28 18:24:00,0,0,0,7,32,39
323.0,2017-03-28 18:27:00,0,0,0,7,32,39
323.0,2017-03-28 18:30:00,0,0,0,7,32,39
323.0,2017-03-28 18:32:00,0,0,0,7,32,39
323.0,2017-03-28 18:35:00,3,0,-3,4,35,39
323.0,2017-03-28 18:38:00,1,0,-1,3,36,39
323.0,2017-03-28 18:41:00,0,0,0,3,36,39
323.0,2017-03-28 18:44:00,0,0,0,3,36,39
323.0,2017-03-28 18:47:00,0,0,0,3,36,39
323.0,2017-03-28 18:50:00,0,0,0,3,36,39
323.0,2017-03-28 18:53:00,0,0,0,3,36,39
323.0,2017-03-28 18:56:00,0,0,0,3,36,39
323.0,2017-03-28 18:59:00,0,0,0,3,36,39
323.0,2017-03-28 19:02:00,0,0,0,3,36,39
323.0,2017-03-28 19:05:00,0,0,0,3,36,39
323.0,2017-03-28 19:08:00,0,0,0,3,36,39
323.0,2017-03-28 19:11:00,0,0,0,3,36,39
323.0,2017-03-28 19:14:00,0,0,0,3,36,39
323.0,2017-03-28 19:17:00,0,0,0,3,36,39
323.0,2017-03-28 19:20:00,0,0,0,3,36,39
323.0,2017-03-28 19:23:00,0,0,0,3,36,39
323.0,2017-03-28 19:26:00,0,0,0,3,36,39
323.0,2017-03-28 19:29:00,0,0,0,3,36,39
323.0,2017-03-28 19:32:00,0,0,0,3,36,39
323.0,2017-03-28 19:35:00,0,0,0,3,36,39
323.0,2017-03-28 19:38:00,0,0,0,3,36,39
323.0,2017-03-28 19:41:00,0,0,0,3,36,39
323.0,2017-03-28 19:44:00,0,0,0,3,36,39
323.0,2017-03-28 19:47:00,0,0,0,3,36,39
323.0,2017-03-28 19:49:00,0,0,0,3,36,39
323.0,2017-03-28 19:52:00,0,0,0,3,36,39
323.0,2017-03-28 19:55:00,0,0,0,3,36,39
323.0,2017-03-28 19:58:00,0,0,0,3,36,39
323.0,2017-03-28 20:01:00,1,0,-1,2,37,39
323.0,2017-03-28 20:04:00,0,0,0,2,37,39
323.0,2017-03-28 20:07:00,0,0,0,2,37,39
323.0,2017-03-28 20:10:00,0,0,0,2,37,39
323.0,2017-03-28 20:13:00,0,0,0,2,37,39
323.0,2017-03-28 20:16:00,0,0,0,2,37,39
323.0,2017-03-28 20:19:00,0,0,0,2,37,39
323.0,2017-03-28 20:22:00,0,0,0,2,37,39
323.0,2017-03-28 20:25:00,0,0,0,2,37,39
323.0,2017-03-28 20:28:00,0,0,0,2,37,39
323.0,2017-03-28 20:31:00,0,0,0,2,37,39
323.0,2017-03-28 20:34:00,0,0,0,2,37,39
323.0,2017-03-28 20:37:00,0,0,0,2,37,39
323.0,2017-03-28 20:40:00,1,0,-1,1,38,39
323.0,2017-03-28 20:43:00,0,0,0,1,38,39
323.0,2017-03-28 20:46:00,0,0,0,1,38,39
323.0,2017-03-28 20:49:00,0,0,0,1,38,39
323.0,2017-03-28 20:52:00,0,0,0,1,38,39
323.0,2017-03-28 20:55:00,0,0,0,1,38,39
323.0,2017-03-28 20:58:00,0,0,0,1,38,39
323.0,2017-03-28 21:01:00,0,0,0,1,38,39
323.0,2017-03-28 21:04:00,0,0,0,1,38,39
323.0,2017-03-28 21:07:00,0,0,0,1,38,39
323.0,2017-03-28 21:10:00,0,1,1,2,37,39
323.0,2017-03-28 21:13:00,0,0,0,2,37,39
323.0,2017-03-28 21:16:00,0,0,0,2,37,39
323.0,2017-03-28 21:19:00,0,0,0,2,37,39
323.0,2017-03-28 21:22:00,0,0,0,2,37,39
323.0,2017-03-28 21:25:00,0,0,0,2,37,39
323.0,2017-03-28 21:28:00,0,0,0,2,37,39
323.0,2017-03-28 21:31:00,0,0,0,2,37,39
323.0,2017-03-28 21:34:00,0,0,0,2,37,39
323.0,2017-03-28 21:37:00,0,0,0,2,37,39
323.0,2017-03-28 21:38:00,0,0,0,10,29,39
323.0,2017-03-28 21:41:00,0,0,0,10,29,39
323.0,2017-03-28 21:44:00,0,0,0,10,29,39
323.0,2017-03-28 21:47:00,0,0,0,10,29,39
323.0,2017-03-28 21:50:00,0,0,0,10,29,39
323.0,2017-03-28 21:53:00,0,0,0,10,29,39
323.0,2017-03-28 21:56:00,0,0,0,10,29,39
323.0,2017-03-28 21:59:00,0,0,0,10,29,39
323.0,2017-03-28 22:02:00,0,0,0,10,29,39
323.0,2017-03-28 22:05:00,1,0,-1,9,30,39
323.0,2017-03-28 22:08:00,0,0,0,9,30,39
323.0,2017-03-28 22:11:00,0,0,0,9,30,39
323.0,2017-03-28 22:14:00,0,0,0,9,30,39
323.0,2017-03-28 22:17:00,0,0,0,9,30,39
323.0,2017-03-28 22:20:00,0,0,0,9,30,39
323.0,2017-03-28 22:23:00,1,0,-1,8,31,39
323.0,2017-03-28 22:26:00,0,0,0,8,31,39
323.0,2017-03-28 22:29:00,0,0,0,8,31,39
323.0,2017-03-28 22:32:00,0,0,0,8,31,39
323.0,2017-03-28 22:35:00,0,0,0,8,31,39
323.0,2017-03-28 22:38:00,0,0,0,8,31,39
323.0,2017-03-28 22:41:00,0,0,0,8,31,39
323.0,2017-03-28 22:44:00,0,0,0,8,31,39
323.0,2017-03-28 22:47:00,0,0,0,8,31,39
323.0,2017-03-28 22:49:00,0,0,0,7,32,39
323.0,2017-03-28 22:52:00,0,0,0,7,32,39
323.0,2017-03-28 22:55:00,0,0,0,7,32,39
323.0,2017-03-28 22:58:00,0,0,0,7,32,39
323.0,2017-03-28 23:01:00,0,0,0,7,32,39
323.0,2017-03-28 23:04:00,0,0,0,7,32,39
323.0,2017-03-28 23:07:00,0,0,0,7,32,39
323.0,2017-03-28 23:10:00,0,0,0,7,32,39
323.0,2017-03-28 23:13:00,0,0,0,7,32,39
323.0,2017-03-28 23:16:00,0,0,0,7,32,39
323.0,2017-03-28 23:19:00,0,0,0,7,32,39
323.0,2017-03-28 23:22:00,0,0,0,7,32,39
323.0,2017-03-28 23:24:00,0,0,0,7,32,39
323.0,2017-03-28 23:27:00,0,0,0,7,32,39
323.0,2017-03-28 23:30:00,0,0,0,7,32,39
323.0,2017-03-28 23:33:00,0,0,0,7,32,39
323.0,2017-03-28 23:36:00,0,0,0,7,32,39
323.0,2017-03-28 23:39:00,0,0,0,7,32,39
323.0,2017-03-28 23:42:00,0,0,0,7,32,39
323.0,2017-03-28 23:45:00,0,0,0,7,32,39
323.0,2017-03-28 23:48:00,0,0,0,7,32,39
323.0,2017-03-28 23:51:00,1,0,-1,6,33,39
323.0,2017-03-28 23:54:00,0,0,0,6,33,39
323.0,2017-03-28 23:57:00,0,0,0,6,33,39
323.0,2017-03-29 00:00:00,0,0,0,6,33,39
323.0,2017-03-29 00:03:00,0,0,0,6,33,39
323.0,2017-03-29 00:06:00,0,0,0,6,33,39
323.0,2017-03-29 00:09:00,0,0,0,6,33,39
323.0,2017-03-29 00:11:00,0,0,0,20,19,39
323.0,2017-03-29 00:14:00,0,0,0,20,19,39
323.0,2017-03-29 00:17:00,0,0,0,20,19,39
323.0,2017-03-29 00:20:00,0,0,0,20,19,39
323.0,2017-03-29 00:23:00,0,0,0,20,19,39
323.0,2017-03-29 00:26:00,0,0,0,20,19,39
323.0,2017-03-29 00:29:00,0,0,0,20,19,39
323.0,2017-03-29 00:32:00,0,0,0,20,19,39
323.0,2017-03-29 00:35:00,0,0,0,20,19,39
323.0,2017-03-29 00:38:00,0,0,0,20,19,39
323.0,2017-03-29 00:41:00,0,0,0,20,19,39
323.0,2017-03-29 00:44:00,0,0,0,20,19,39
323.0,2017-03-29 00:47:00,0,0,0,20,19,39
323.0,2017-03-29 00:49:00,0,0,0,21,18,39
323.0,2017-03-29 00:52:00,0,0,0,21,18,39
323.0,2017-03-29 00:55:00,0,0,0,21,18,39
323.0,2017-03-29 00:58:00,0,0,0,21,18,39
323.0,2017-03-29 01:01:00,0,0,0,21,18,39
323.0,2017-03-29 01:04:00,0,0,0,21,18,39
323.0,2017-03-29 01:07:00,0,0,0,21,18,39
323.0,2017-03-29 01:10:00,0,0,0,21,18,39
323.0,2017-03-29 01:13:00,0,0,0,21,18,39
323.0,2017-03-29 01:16:00,0,0,0,21,18,39
323.0,2017-03-29 01:19:00,0,0,0,21,18,39
323.0,2017-03-29 01:22:00,0,0,0,21,18,39
323.0,2017-03-29 01:25:00,0,0,0,6,33,39
323.0,2017-03-29 01:28:00,0,0,0,6,33,39
323.0,2017-03-29 01:31:00,0,0,0,6,33,39
323.0,2017-03-29 01:34:00,0,0,0,6,33,39
323.0,2017-03-29 01:37:00,0,0,0,6,33,39
323.0,2017-03-29 01:40:00,0,0,0,6,33,39
323.0,2017-03-29 01:43:00,0,0,0,6,33,39
323.0,2017-03-29 01:46:00,0,0,0,6,33,39
323.0,2017-03-29 01:49:00,0,0,0,6,33,39
323.0,2017-03-29 01:52:00,0,0,0,6,33,39
323.0,2017-03-29 01:55:00,0,0,0,6,33,39
323.0,2017-03-29 01:58:00,0,0,0,6,33,39
323.0,2017-03-29 02:01:00,0,0,0,6,33,39
323.0,2017-03-29 02:04:00,0,0,0,6,33,39
323.0,2017-03-29 02:07:00,0,0,0,6,33,39
323.0,2017-03-29 02:10:00,0,0,0,6,33,39
323.0,2017-03-29 02:13:00,0,0,0,6,33,39
323.0,2017-03-29 02:16:00,0,0,0,6,33,39
323.0,2017-03-29 02:19:00,0,0,0,6,33,39
323.0,2017-03-29 02:22:00,0,0,0,6,33,39
323.0,2017-03-29 02:25:00,0,0,0,6,33,39
323.0,2017-03-29 02:28:00,0,0,0,6,33,39
323.0,2017-03-29 02:31:00,0,0,0,6,33,39
323.0,2017-03-29 02:34:00,0,0,0,6,33,39
323.0,2017-03-29 02:35:00,0,0,0,6,33,39
323.0,2017-03-29 02:38:00,0,0,0,6,33,39
323.0,2017-03-29 02:41:00,0,0,0,6,33,39
323.0,2017-03-29 02:44:00,0,0,0,6,33,39
323.0,2017-03-29 02:47:00,0,0,0,6,33,39
323.0,2017-03-29 02:50:00,0,0,0,6,33,39
323.0,2017-03-29 02:53:00,0,0,0,6,33,39
323.0,2017-03-29 02:56:00,0,0,0,6,33,39
323.0,2017-03-29 02:59:00,0,0,0,6,33,39
323.0,2017-03-29 03:02:00,0,0,0,6,33,39
323.0,2017-03-29 03:05:00,0,0,0,6,33,39
323.0,2017-03-29 03:08:00,0,0,0,6,33,39
323.0,2017-03-29 03:10:00,0,0,0,6,33,39
323.0,2017-03-29 03:13:00,0,0,0,6,33,39
323.0,2017-03-29 03:16:00,0,0,0,6,33,39
323.0,2017-03-29 03:19:00,0,0,0,6,33,39
323.0,2017-03-29 03:22:00,0,0,0,6,33,39
323.0,2017-03-29 03:25:00,0,0,0,6,33,39
323.0,2017-03-29 03:28:00,0,0,0,6,33,39
323.0,2017-03-29 03:31:00,0,0,0,6,33,39
323.0,2017-03-29 03:34:00,0,0,0,6,33,39
323.0,2017-03-29 03:37:00,0,0,0,6,33,39
323.0,2017-03-29 03:40:00,0,0,0,6,33,39
323.0,2017-03-29 03:43:00,0,0,0,6,33,39
323.0,2017-03-29 03:46:00,0,0,0,6,33,39
323.0,2017-03-29 03:49:00,0,0,0,6,33,39
323.0,2017-03-29 03:52:00,0,0,0,6,33,39
323.0,2017-03-29 03:55:00,0,0,0,6,33,39
323.0,2017-03-29 03:58:00,0,0,0,6,33,39
323.0,2017-03-29 03:59:00,0,0,0,6,33,39
323.0,2017-03-29 04:02:00,0,0,0,6,33,39
323.0,2017-03-29 04:05:00,0,0,0,6,33,39
323.0,2017-03-29 04:08:00,0,0,0,6,33,39
323.0,2017-03-29 04:11:00,0,0,0,6,33,39
323.0,2017-03-29 04:14:00,0,0,0,6,33,39
323.0,2017-03-29 04:17:00,0,0,0,6,33,39
323.0,2017-03-29 04:20:00,0,0,0,6,33,39
323.0,2017-03-29 04:23:00,0,0,0,6,33,39
323.0,2017-03-29 04:26:00,0,0,0,6,33,39
323.0,2017-03-29 04:29:00,0,0,0,6,33,39
323.0,2017-03-29 04:32:00,0,0,0,6,33,39
323.0,2017-03-29 04:35:00,0,0,0,6,33,39
323.0,2017-03-29 04:38:00,0,0,0,6,33,39
323.0,2017-03-29 04:41:00,0,0,0,6,33,39
323.0,2017-03-29 04:44:00,0,0,0,6,33,39
323.0,2017-03-29 04:47:00,0,0,0,6,33,39
323.0,2017-03-29 04:50:00,0,0,0,6,33,39
323.0,2017-03-29 04:53:00,0,0,0,6,33,39
323.0,2017-03-29 04:56:00,0,0,0,6,33,39
323.0,2017-03-29 04:59:00,0,0,0,6,33,39
323.0,2017-03-29 05:02:00,0,0,0,6,33,39
323.0,2017-03-29 05:05:00,0,0,0,6,33,39
323.0,2017-03-29 05:08:00,0,0,0,6,33,39
323.0,2017-03-29 05:11:00,0,0,0,6,33,39
323.0,2017-03-29 05:14:00,0,0,0,6,33,39
323.0,2017-03-29 05:17:00,0,0,0,6,33,39
323.0,2017-03-29 05:20:00,0,0,0,6,33,39
323.0,2017-03-29 05:23:00,0,0,0,6,33,39
323.0,2017-03-29 05:26:00,0,0,0,6,33,39
323.0,2017-03-29 05:29:00,0,0,0,6,33,39
323.0,2017-03-29 05:32:00,0,0,0,6,33,39
323.0,2017-03-29 05:35:00,0,0,0,6,33,39
323.0,2017-03-29 05:38:00,0,0,0,6,33,39
323.0,2017-03-29 05:41:00,0,0,0,6,33,39
323.0,2017-03-29 05:44:00,0,0,0,6,33,39
323.0,2017-03-29 05:47:00,0,0,0,6,33,39
323.0,2017-03-29 05:48:00,0,0,0,6,33,39
323.0,2017-03-29 05:51:00,0,0,0,6,33,39
323.0,2017-03-29 05:54:00,0,0,0,6,33,39
323.0,2017-03-29 05:57:00,0,0,0,6,33,39
323.0,2017-03-29 06:00:00,0,0,0,6,33,39
323.0,2017-03-29 06:03:00,0,0,0,6,33,39
323.0,2017-03-29 06:06:00,0,0,0,6,33,39
323.0,2017-03-29 06:09:00,0,0,0,6,33,39
323.0,2017-03-29 06:12:00,0,0,0,6,33,39
323.0,2017-03-29 06:15:00,0,0,0,6,33,39
323.0,2017-03-29 06:18:00,0,0,0,6,33,39
323.0,2017-03-29 06:21:00,0,0,0,6,33,39
323.0,2017-03-29 06:24:00,0,0,0,6,33,39
323.0,2017-03-29 06:26:00,0,1,1,7,32,39
323.0,2017-03-29 06:29:00,0,0,0,7,32,39
323.0,2017-03-29 06:32:00,0,0,0,7,32,39
323.0,2017-03-29 06:35:00,0,0,0,7,32,39
323.0,2017-03-29 06:38:00,0,0,0,7,32,39
323.0,2017-03-29 06:41:00,0,1,1,8,31,39
323.0,2017-03-29 06:44:00,0,0,0,8,31,39
323.0,2017-03-29 06:47:00,0,0,0,8,31,39
323.0,2017-03-29 06:50:00,0,0,0,8,31,39
323.0,2017-03-29 06:53:00,0,0,0,8,31,39
323.0,2017-03-29 06:56:00,0,1,1,9,30,39
323.0,2017-03-29 06:59:00,0,1,1,10,29,39
323.0,2017-03-29 07:02:00,0,0,0,10,29,39
323.0,2017-03-29 07:05:00,0,1,1,11,28,39
323.0,2017-03-29 07:08:00,0,0,0,11,28,39
323.0,2017-03-29 07:11:00,0,0,0,11,28,39
323.0,2017-03-29 07:14:00,0,0,0,11,28,39
323.0,2017-03-29 07:17:00,0,0,0,11,28,39
323.0,2017-03-29 07:20:00,0,0,0,11,28,39
323.0,2017-03-29 07:23:00,0,0,0,11,28,39
323.0,2017-03-29 07:26:00,0,0,0,11,28,39
323.0,2017-03-29 07:29:00,0,1,1,12,27,39
323.0,2017-03-29 07:32:00,0,0,0,12,27,39
323.0,2017-03-29 07:35:00,0,0,0,12,27,39
323.0,2017-03-29 07:38:00,0,0,0,12,27,39
323.0,2017-03-29 07:41:00,0,0,0,12,27,39
323.0,2017-03-29 07:43:00,0,0,0,12,27,39
323.0,2017-03-29 07:46:00,0,1,1,13,26,39
323.0,2017-03-29 07:49:00,0,2,2,15,24,39
323.0,2017-03-29 07:52:00,0,1,1,16,23,39
323.0,2017-03-29 07:55:00,0,1,1,17,22,39
323.0,2017-03-29 07:58:00,0,0,0,17,22,39
323.0,2017-03-29 08:01:00,0,0,0,17,22,39
323.0,2017-03-29 08:04:00,1,0,-1,16,23,39
323.0,2017-03-29 08:07:00,0,0,0,16,23,39
323.0,2017-03-29 08:10:00,1,1,0,16,23,39
323.0,2017-03-29 08:13:00,0,2,2,18,21,39
323.0,2017-03-29 08:16:00,0,1,1,19,20,39
323.0,2017-03-29 08:19:00,1,2,1,20,19,39
323.0,2017-03-29 08:21:00,0,2,2,22,17,39
323.0,2017-03-29 08:24:00,0,0,0,22,17,39
323.0,2017-03-29 08:27:00,0,1,1,23,16,39
323.0,2017-03-29 08:30:00,0,3,3,26,13,39
323.0,2017-03-29 08:33:00,0,0,0,26,13,39
323.0,2017-03-29 08:36:00,0,1,1,27,12,39
323.0,2017-03-29 08:39:00,0,0,0,27,12,39
323.0,2017-03-29 08:42:00,0,2,2,29,10,39
323.0,2017-03-29 08:45:00,0,1,1,30,9,39
323.0,2017-03-29 08:48:00,1,1,0,30,9,39
323.0,2017-03-29 08:51:00,0,0,0,30,9,39
323.0,2017-03-29 08:54:00,0,0,0,30,9,39
323.0,2017-03-29 08:57:00,0,1,1,31,8,39
323.0,2017-03-29 08:59:00,1,2,1,29,10,39
323.0,2017-03-29 09:02:00,0,1,1,30,9,39
323.0,2017-03-29 09:05:00,0,0,0,30,9,39
323.0,2017-03-29 09:08:00,0,0,0,30,9,39
323.0,2017-03-29 09:11:00,0,0,0,30,9,39
323.0,2017-03-29 09:14:00,1,1,0,30,9,39
323.0,2017-03-29 09:17:00,0,0,0,30,9,39
323.0,2017-03-29 09:20:00,0,0,0,30,9,39
323.0,2017-03-29 09:23:00,0,1,1,31,8,39
323.0,2017-03-29 09:26:00,0,2,2,33,6,39
323.0,2017-03-29 09:29:00,0,0,0,33,6,39
323.0,2017-03-29 09:32:00,0,0,0,33,6,39
323.0,2017-03-29 09:35:00,0,0,0,31,8,39
323.0,2017-03-29 09:38:00,0,0,0,31,8,39
323.0,2017-03-29 09:41:00,1,0,-1,30,9,39
323.0,2017-03-29 09:44:00,0,0,0,30,9,39
323.0,2017-03-29 09:47:00,1,0,-1,29,10,39
323.0,2017-03-29 09:50:00,0,3,3,32,7,39
323.0,2017-03-29 09:53:00,0,1,1,33,6,39
323.0,2017-03-29 09:56:00,0,0,0,33,6,39
323.0,2017-03-29 09:59:00,0,2,2,35,4,39
323.0,2017-03-29 10:02:00,1,0,-1,34,5,39
323.0,2017-03-29 10:05:00,0,0,0,34,5,39
323.0,2017-03-29 10:08:00,0,0,0,34,5,39
323.0,2017-03-29 10:11:00,0,1,1,35,4,39
323.0,2017-03-29 10:13:00,0,0,0,34,5,39
323.0,2017-03-29 10:16:00,0,0,0,34,5,39
323.0,2017-03-29 10:19:00,0,0,0,34,5,39
323.0,2017-03-29 10:22:00,0,0,0,34,5,39
323.0,2017-03-29 10:25:00,0,0,0,34,5,39
323.0,2017-03-29 10:28:00,0,0,0,34,5,39
323.0,2017-03-29 10:31:00,0,0,0,34,5,39
323.0,2017-03-29 10:34:00,0,0,0,34,5,39
323.0,2017-03-29 10:37:00,0,0,0,34,5,39
323.0,2017-03-29 10:40:00,0,0,0,34,5,39
323.0,2017-03-29 10:43:00,0,0,0,34,5,39
323.0,2017-03-29 10:46:00,0,0,0,34,5,39
323.0,2017-03-29 10:49:00,0,0,0,34,5,39
323.0,2017-03-29 10:52:00,0,0,0,34,5,39
323.0,2017-03-29 10:55:00,0,0,0,34,5,39
323.0,2017-03-29 10:58:00,0,0,0,34,5,39
323.0,2017-03-29 11:01:00,0,0,0,34,5,39
323.0,2017-03-29 11:04:00,0,0,0,34,5,39
323.0,2017-03-29 11:07:00,0,0,0,34,5,39
323.0,2017-03-29 11:10:00,0,0,0,34,5,39
323.0,2017-03-29 11:13:00,0,0,0,34,5,39
323.0,2017-03-29 11:16:00,0,0,0,34,5,39
323.0,2017-03-29 11:19:00,0,0,0,34,5,39
323.0,2017-03-29 11:22:00,0,0,0,34,5,39
323.0,2017-03-29 11:25:00,0,0,0,34,5,39
323.0,2017-03-29 11:26:00,0,0,0,34,5,39
323.0,2017-03-29 11:29:00,1,0,-1,33,6,39
323.0,2017-03-29 11:32:00,0,0,0,33,6,39
323.0,2017-03-29 11:35:00,0,0,0,33,6,39
323.0,2017-03-29 11:38:00,0,0,0,33,6,39
323.0,2017-03-29 11:41:00,0,1,1,34,5,39
323.0,2017-03-29 11:44:00,1,0,-1,33,6,39
323.0,2017-03-29 11:47:00,0,0,0,33,6,39
323.0,2017-03-29 11:50:00,0,0,0,33,6,39
323.0,2017-03-29 11:53:00,0,0,0,33,6,39
323.0,2017-03-29 11:56:00,0,0,0,33,6,39
323.0,2017-03-29 11:59:00,2,1,-1,32,7,39
323.0,2017-03-29 12:02:00,0,1,1,33,6,39
323.0,2017-03-29 12:05:00,0,0,0,33,6,39
323.0,2017-03-29 12:08:00,0,0,0,33,6,39
323.0,2017-03-29 12:11:00,0,0,0,6,33,39
323.0,2017-03-29 12:14:00,0,1,1,7,32,39
323.0,2017-03-29 12:17:00,0,1,1,8,31,39
323.0,2017-03-29 12:20:00,0,0,0,8,31,39
323.0,2017-03-29 12:23:00,0,0,0,8,31,39
323.0,2017-03-29 12:26:00,0,0,0,8,31,39
323.0,2017-03-29 12:29:00,1,0,-1,7,32,39
323.0,2017-03-29 12:32:00,0,0,0,7,32,39
323.0,2017-03-29 12:35:00,0,1,1,8,31,39
323.0,2017-03-29 12:38:00,0,0,0,8,31,39
323.0,2017-03-29 12:41:00,0,0,0,8,31,39
323.0,2017-03-29 12:44:00,0,0,0,8,31,39
323.0,2017-03-29 12:47:00,0,0,0,8,31,39
323.0,2017-03-29 12:48:00,0,0,0,6,33,39
323.0,2017-03-29 12:51:00,0,0,0,6,33,39
323.0,2017-03-29 12:54:00,0,0,0,6,33,39
323.0,2017-03-29 12:57:00,1,0,-1,5,34,39
323.0,2017-03-29 13:00:00,0,0,0,5,34,39
323.0,2017-03-29 13:03:00,0,0,0,5,34,39
323.0,2017-03-29 13:06:00,0,0,0,5,34,39
323.0,2017-03-29 13:09:00,0,0,0,5,34,39
323.0,2017-03-29 13:12:00,0,0,0,5,34,39
323.0,2017-03-29 13:15:00,1,0,-1,4,35,39
323.0,2017-03-29 13:16:00,1,0,-1,32,7,39
323.0,2017-03-29 13:19:00,0,0,0,32,7,39
323.0,2017-03-29 13:22:00,1,0,-1,31,8,39
323.0,2017-03-29 13:25:00,0,0,0,31,8,39
323.0,2017-03-29 13:28:00,0,1,1,32,7,39
323.0,2017-03-29 13:31:00,0,0,0,32,7,39
323.0,2017-03-29 13:34:00,0,1,1,33,6,39
323.0,2017-03-29 13:37:00,1,1,0,33,6,39
323.0,2017-03-29 13:40:00,0,0,0,33,6,39
323.0,2017-03-29 13:43:00,0,0,0,33,6,39
323.0,2017-03-29 13:46:00,0,0,0,33,6,39
323.0,2017-03-29 13:49:00,0,0,0,33,6,39
323.0,2017-03-29 13:52:00,0,0,0,33,6,39
323.0,2017-03-29 13:54:00,0,0,0,34,5,39
323.0,2017-03-29 13:57:00,0,1,1,35,4,39
323.0,2017-03-29 14:00:00,0,0,0,35,4,39
323.0,2017-03-29 14:03:00,0,0,0,35,4,39
323.0,2017-03-29 14:06:00,0,0,0,35,4,39
323.0,2017-03-29 14:09:00,0,0,0,35,4,39
323.0,2017-03-29 14:12:00,2,0,-2,33,6,39
323.0,2017-03-29 14:15:00,0,0,0,33,6,39
323.0,2017-03-29 14:18:00,1,0,-1,32,7,39
323.0,2017-03-29 14:21:00,0,1,1,33,6,39
323.0,2017-03-29 14:24:00,0,0,0,33,6,39
323.0,2017-03-29 14:27:00,0,0,0,33,6,39
323.0,2017-03-29 14:30:00,0,0,0,33,6,39
323.0,2017-03-29 14:33:00,2,0,-2,31,8,39
323.0,2017-03-29 14:36:00,0,1,1,32,7,39
323.0,2017-03-29 14:39:00,0,1,1,33,6,39
323.0,2017-03-29 14:42:00,0,0,0,33,6,39
323.0,2017-03-29 14:45:00,0,0,0,33,6,39
323.0,2017-03-29 14:48:00,0,0,0,33,6,39
323.0,2017-03-29 14:51:00,0,0,0,33,6,39
323.0,2017-03-29 14:54:00,0,0,0,33,6,39
323.0,2017-03-29 14:57:00,0,0,0,33,6,39
323.0,2017-03-29 15:00:00,0,1,1,34,5,39
323.0,2017-03-29 15:03:00,0,0,0,34,5,39
323.0,2017-03-29 15:06:00,0,0,0,34,5,39
323.0,2017-03-29 15:09:00,0,0,0,34,5,39
323.0,2017-03-29 15:12:00,0,0,0,34,5,39
323.0,2017-03-29 15:15:00,1,0,-1,33,6,39
323.0,2017-03-29 15:18:00,0,0,0,33,6,39
323.0,2017-03-29 15:21:00,0,0,0,33,6,39
323.0,2017-03-29 15:24:00,0,0,0,33,6,39
323.0,2017-03-29 15:27:00,0,0,0,33,6,39
323.0,2017-03-29 15:30:00,0,0,0,33,6,39
323.0,2017-03-29 15:33:00,0,0,0,33,6,39
323.0,2017-03-29 15:36:00,0,0,0,33,6,39
323.0,2017-03-29 15:39:00,0,1,1,34,5,39
323.0,2017-03-29 15:42:00,1,0,-1,33,6,39
323.0,2017-03-29 15:45:00,0,0,0,33,6,39
323.0,2017-03-29 15:48:00,0,0,0,33,6,39
323.0,2017-03-29 15:51:00,1,0,-1,31,8,39
323.0,2017-03-29 15:54:00,1,0,-1,30,9,39
323.0,2017-03-29 15:57:00,0,0,0,30,9,39
323.0,2017-03-29 16:00:00,0,0,0,30,9,39
323.0,2017-03-29 16:03:00,0,0,0,30,9,39
323.0,2017-03-29 16:06:00,0,0,0,30,9,39
323.0,2017-03-29 16:09:00,0,0,0,30,9,39
323.0,2017-03-29 16:12:00,0,0,0,30,9,39
323.0,2017-03-29 16:15:00,1,0,-1,29,10,39
323.0,2017-03-29 16:18:00,0,0,0,29,10,39
323.0,2017-03-29 16:21:00,0,0,0,29,10,39
323.0,2017-03-29 16:24:00,0,0,0,29,10,39
323.0,2017-03-29 16:27:00,1,0,-1,28,11,39
323.0,2017-03-29 16:30:00,0,0,0,28,11,39
323.0,2017-03-29 16:31:00,0,0,0,29,10,39
323.0,2017-03-29 16:34:00,2,2,0,29,10,39
323.0,2017-03-29 16:37:00,0,0,0,29,10,39
323.0,2017-03-29 16:40:00,0,0,0,29,10,39
323.0,2017-03-29 16:43:00,0,0,0,29,10,39
323.0,2017-03-29 16:46:00,0,0,0,29,10,39
323.0,2017-03-29 16:49:00,0,0,0,29,10,39
323.0,2017-03-29 16:52:00,0,0,0,29,10,39
323.0,2017-03-29 16:55:00,0,0,0,29,10,39
323.0,2017-03-29 16:58:00,0,0,0,29,10,39
323.0,2017-03-29 17:01:00,1,1,0,29,10,39
323.0,2017-03-29 17:04:00,2,0,-2,27,12,39
323.0,2017-03-29 17:07:00,0,0,0,27,12,39
323.0,2017-03-29 17:09:00,0,0,0,27,12,39
323.0,2017-03-29 17:12:00,1,0,-1,26,13,39
323.0,2017-03-29 17:15:00,1,0,-1,25,14,39
323.0,2017-03-29 17:18:00,0,0,0,25,14,39
323.0,2017-03-29 17:21:00,1,0,-1,24,15,39
323.0,2017-03-29 17:24:00,2,0,-2,22,17,39
323.0,2017-03-29 17:27:00,3,0,-3,19,20,39
323.0,2017-03-29 17:30:00,1,0,-1,18,21,39
323.0,2017-03-29 17:33:00,0,0,0,18,21,39
323.0,2017-03-29 17:36:00,1,0,-1,17,22,39
323.0,2017-03-29 17:39:00,0,0,0,17,22,39
323.0,2017-03-29 17:42:00,0,0,0,17,22,39
323.0,2017-03-29 17:45:00,1,0,-1,16,23,39
323.0,2017-03-29 17:48:00,0,0,0,16,23,39
323.0,2017-03-29 17:51:00,2,0,-2,14,25,39
323.0,2017-03-29 17:52:00,2,0,-2,15,24,39
323.0,2017-03-29 17:55:00,2,0,-2,13,26,39
323.0,2017-03-29 17:58:00,0,0,0,13,26,39
323.0,2017-03-29 18:01:00,0,0,0,13,26,39
323.0,2017-03-29 18:04:00,1,0,-1,12,27,39
323.0,2017-03-29 18:07:00,0,0,0,12,27,39
323.0,2017-03-29 18:10:00,1,2,1,13,26,39
323.0,2017-03-29 18:13:00,0,0,0,13,26,39
323.0,2017-03-29 18:16:00,0,0,0,13,26,39
323.0,2017-03-29 18:19:00,0,1,1,14,25,39
323.0,2017-03-29 18:22:00,0,1,1,15,24,39
323.0,2017-03-29 18:25:00,1,2,1,16,23,39
323.0,2017-03-29 18:28:00,3,1,-2,14,25,39
323.0,2017-03-29 18:31:00,0,0,0,14,25,39
323.0,2017-03-29 18:34:00,0,0,0,14,25,39
323.0,2017-03-29 18:37:00,0,0,0,14,25,39
323.0,2017-03-29 18:40:00,0,1,1,15,24,39
323.0,2017-03-29 18:43:00,1,0,-1,14,25,39
323.0,2017-03-29 18:46:00,0,0,0,14,25,39
323.0,2017-03-29 18:49:00,2,1,-1,13,26,39
323.0,2017-03-29 18:52:00,2,1,-1,12,27,39
323.0,2017-03-29 18:55:00,0,0,0,12,27,39
323.0,2017-03-29 18:58:00,0,0,0,12,27,39
323.0,2017-03-29 19:01:00,0,1,1,13,26,39
323.0,2017-03-29 19:04:00,2,0,-2,11,28,39
323.0,2017-03-29 19:07:00,0,0,0,11,28,39
323.0,2017-03-29 19:10:00,0,0,0,11,28,39
323.0,2017-03-29 19:13:00,0,0,0,11,28,39
323.0,2017-03-29 19:16:00,0,0,0,11,28,39
323.0,2017-03-29 19:19:00,0,0,0,11,28,39
323.0,2017-03-29 19:22:00,0,0,0,11,28,39
323.0,2017-03-29 19:25:00,0,0,0,11,28,39
323.0,2017-03-29 19:28:00,0,0,0,11,28,39
323.0,2017-03-29 19:31:00,1,0,-1,10,29,39
323.0,2017-03-29 19:34:00,1,0,-1,9,30,39
323.0,2017-03-29 19:37:00,0,0,0,9,30,39
323.0,2017-03-29 19:40:00,0,0,0,9,30,39
323.0,2017-03-29 19:43:00,0,0,0,9,30,39
323.0,2017-03-29 19:46:00,0,0,0,9,30,39
323.0,2017-03-29 19:48:00,0,0,0,9,30,39
323.0,2017-03-29 19:51:00,0,0,0,9,30,39
323.0,2017-03-29 19:54:00,0,0,0,9,30,39
323.0,2017-03-29 19:57:00,1,0,-1,8,31,39
323.0,2017-03-29 20:00:00,1,0,-1,7,32,39
323.0,2017-03-29 20:03:00,0,0,0,7,32,39
323.0,2017-03-29 20:06:00,0,0,0,7,32,39
323.0,2017-03-29 20:09:00,0,0,0,7,32,39
323.0,2017-03-29 20:12:00,1,0,-1,6,33,39
323.0,2017-03-29 20:15:00,0,0,0,6,33,39
323.0,2017-03-29 20:18:00,0,0,0,6,33,39
323.0,2017-03-29 20:21:00,0,0,0,6,33,39
323.0,2017-03-29 20:24:00,0,0,0,6,33,39
323.0,2017-03-29 20:25:00,1,0,-1,5,34,39
323.0,2017-03-29 20:28:00,0,0,0,5,34,39
323.0,2017-03-29 20:31:00,0,0,0,5,34,39
323.0,2017-03-29 20:34:00,0,0,0,5,34,39
323.0,2017-03-29 20:37:00,1,0,-1,4,35,39
323.0,2017-03-29 20:40:00,0,0,0,4,35,39
323.0,2017-03-29 20:43:00,0,0,0,4,35,39
323.0,2017-03-29 20:46:00,0,0,0,4,35,39
323.0,2017-03-29 20:49:00,0,0,0,4,35,39
323.0,2017-03-29 20:52:00,0,0,0,4,35,39
323.0,2017-03-29 20:55:00,0,0,0,4,35,39
323.0,2017-03-29 20:58:00,0,0,0,4,35,39
323.0,2017-03-29 21:01:00,0,0,0,4,35,39
323.0,2017-03-29 21:03:00,0,0,0,4,35,39
323.0,2017-03-29 21:06:00,0,0,0,4,35,39
323.0,2017-03-29 21:09:00,0,0,0,4,35,39
323.0,2017-03-29 21:12:00,0,0,0,4,35,39
323.0,2017-03-29 21:15:00,0,0,0,4,35,39
323.0,2017-03-29 21:18:00,0,1,1,5,34,39
323.0,2017-03-29 21:21:00,0,0,0,5,34,39
323.0,2017-03-29 21:24:00,0,0,0,5,34,39
323.0,2017-03-29 21:27:00,0,0,0,5,34,39
323.0,2017-03-29 21:30:00,1,0,-1,4,35,39
323.0,2017-03-29 21:33:00,0,0,0,4,35,39
323.0,2017-03-29 21:36:00,2,1,-1,3,36,39
323.0,2017-03-29 21:39:00,1,0,-1,3,36,39
323.0,2017-03-29 21:42:00,0,0,0,3,36,39
323.0,2017-03-29 21:45:00,0,0,0,3,36,39
323.0,2017-03-29 21:48:00,0,0,0,3,36,39
323.0,2017-03-29 21:51:00,0,0,0,3,36,39
323.0,2017-03-29 21:54:00,0,0,0,3,36,39
323.0,2017-03-29 21:57:00,0,0,0,3,36,39
323.0,2017-03-29 22:00:00,0,0,0,3,36,39
323.0,2017-03-29 22:03:00,0,0,0,3,36,39
323.0,2017-03-29 22:06:00,0,0,0,3,36,39
323.0,2017-03-29 22:09:00,0,0,0,3,36,39
323.0,2017-03-29 22:12:00,0,0,0,3,36,39
323.0,2017-03-29 22:15:00,0,0,0,3,36,39
323.0,2017-03-29 22:18:00,0,0,0,3,36,39
323.0,2017-03-29 22:21:00,1,0,-1,2,37,39
323.0,2017-03-29 22:24:00,0,0,0,2,37,39
323.0,2017-03-29 22:27:00,1,0,-1,1,38,39
323.0,2017-03-29 22:30:00,0,0,0,1,38,39
323.0,2017-03-29 22:33:00,0,0,0,1,38,39
323.0,2017-03-29 22:36:00,0,0,0,1,38,39
323.0,2017-03-29 22:39:00,0,1,1,2,37,39
323.0,2017-03-29 22:42:00,0,0,0,2,37,39
323.0,2017-03-29 22:45:00,0,0,0,2,37,39
323.0,2017-03-29 22:48:00,0,0,0,2,37,39
323.0,2017-03-29 22:51:00,0,0,0,2,37,39
323.0,2017-03-29 22:54:00,0,0,0,2,37,39
323.0,2017-03-29 22:57:00,0,0,0,2,37,39
323.0,2017-03-29 23:00:00,0,0,0,2,37,39
323.0,2017-03-29 23:03:00,0,0,0,2,37,39
323.0,2017-03-29 23:06:00,0,0,0,2,37,39
323.0,2017-03-29 23:09:00,0,0,0,2,37,39
323.0,2017-03-29 23:12:00,0,0,0,2,37,39
323.0,2017-03-29 23:15:00,0,0,0,2,37,39
323.0,2017-03-29 23:18:00,0,1,1,3,36,39
323.0,2017-03-29 23:21:00,1,0,-1,2,37,39
323.0,2017-03-29 23:24:00,0,0,0,2,37,39
323.0,2017-03-29 23:25:00,0,0,0,2,37,39
323.0,2017-03-29 23:28:00,0,1,1,3,36,39
323.0,2017-03-29 23:31:00,0,0,0,3,36,39
323.0,2017-03-29 23:34:00,0,0,0,3,36,39
323.0,2017-03-29 23:37:00,0,0,0,3,36,39
323.0,2017-03-29 23:40:00,0,0,0,3,36,39
323.0,2017-03-29 23:43:00,0,0,0,3,36,39
323.0,2017-03-29 23:46:00,0,0,0,3,36,39
323.0,2017-03-29 23:49:00,0,0,0,3,36,39
323.0,2017-03-29 23:52:00,0,0,0,3,36,39
323.0,2017-03-29 23:55:00,0,0,0,3,36,39
323.0,2017-03-29 23:58:00,0,0,0,3,36,39
323.0,2017-03-30 00:01:00,0,0,0,3,36,39
323.0,2017-03-30 00:02:00,0,0,0,32,7,39
323.0,2017-03-30 00:05:00,0,0,0,32,7,39
323.0,2017-03-30 00:08:00,0,0,0,32,7,39
323.0,2017-03-30 00:11:00,0,0,0,32,7,39
323.0,2017-03-30 00:14:00,0,0,0,32,7,39
323.0,2017-03-30 00:17:00,0,0,0,32,7,39
323.0,2017-03-30 00:20:00,0,0,0,32,7,39
323.0,2017-03-30 00:23:00,0,0,0,32,7,39
323.0,2017-03-30 00:26:00,0,0,0,32,7,39
323.0,2017-03-30 00:29:00,0,0,0,32,7,39
323.0,2017-03-30 00:32:00,0,0,0,32,7,39
323.0,2017-03-30 00:35:00,0,0,0,32,7,39
323.0,2017-03-30 00:38:00,0,0,0,32,7,39
323.0,2017-03-30 00:39:00,0,0,0,35,4,39
323.0,2017-03-30 00:42:00,0,0,0,35,4,39
323.0,2017-03-30 00:45:00,0,0,0,35,4,39
323.0,2017-03-30 00:48:00,0,0,0,35,4,39
323.0,2017-03-30 00:51:00,0,0,0,35,4,39
323.0,2017-03-30 00:54:00,0,0,0,35,4,39
323.0,2017-03-30 00:57:00,0,0,0,35,4,39
323.0,2017-03-30 01:00:00,0,0,0,35,4,39
323.0,2017-03-30 01:03:00,0,0,0,35,4,39
323.0,2017-03-30 01:06:00,0,0,0,35,4,39
323.0,2017-03-30 01:09:00,0,0,0,35,4,39
323.0,2017-03-30 01:12:00,0,0,0,35,4,39
323.0,2017-03-30 01:15:00,0,0,0,35,4,39
323.0,2017-03-30 01:16:00,0,0,0,3,36,39
323.0,2017-03-30 01:19:00,0,0,0,3,36,39
323.0,2017-03-30 01:22:00,0,0,0,3,36,39
323.0,2017-03-30 01:25:00,0,0,0,3,36,39
323.0,2017-03-30 01:28:00,0,0,0,3,36,39
323.0,2017-03-30 01:31:00,0,0,0,3,36,39
323.0,2017-03-30 01:34:00,0,0,0,3,36,39
323.0,2017-03-30 01:37:00,0,0,0,3,36,39
323.0,2017-03-30 01:40:00,0,0,0,3,36,39
323.0,2017-03-30 01:43:00,0,0,0,3,36,39
323.0,2017-03-30 01:46:00,0,0,0,3,36,39
323.0,2017-03-30 01:49:00,0,0,0,3,36,39
323.0,2017-03-30 01:50:00,0,0,0,4,35,39
323.0,2017-03-30 01:53:00,0,0,0,4,35,39
323.0,2017-03-30 01:56:00,0,0,0,4,35,39
323.0,2017-03-30 01:59:00,0,0,0,4,35,39
323.0,2017-03-30 02:02:00,0,0,0,4,35,39
323.0,2017-03-30 02:05:00,0,0,0,4,35,39
323.0,2017-03-30 02:08:00,0,0,0,4,35,39
323.0,2017-03-30 02:11:00,0,0,0,4,35,39
323.0,2017-03-30 02:14:00,0,0,0,4,35,39
323.0,2017-03-30 02:17:00,0,0,0,4,35,39
323.0,2017-03-30 02:20:00,0,0,0,4,35,39
323.0,2017-03-30 02:23:00,0,0,0,4,35,39
323.0,2017-03-30 02:24:00,0,0,0,4,35,39
323.0,2017-03-30 02:27:00,0,0,0,4,35,39
323.0,2017-03-30 02:30:00,0,0,0,4,35,39
323.0,2017-03-30 02:33:00,0,0,0,4,35,39
323.0,2017-03-30 02:36:00,0,0,0,4,35,39
323.0,2017-03-30 02:39:00,0,0,0,4,35,39
323.0,2017-03-30 02:42:00,0,0,0,4,35,39
323.0,2017-03-30 02:45:00,0,0,0,4,35,39
323.0,2017-03-30 02:48:00,0,0,0,4,35,39
323.0,2017-03-30 02:51:00,0,0,0,4,35,39
323.0,2017-03-30 02:54:00,0,0,0,4,35,39
323.0,2017-03-30 02:57:00,0,0,0,4,35,39
323.0,2017-03-30 03:00:00,0,0,0,4,35,39
323.0,2017-03-30 03:03:00,0,0,0,4,35,39
323.0,2017-03-30 03:06:00,0,0,0,4,35,39
323.0,2017-03-30 03:09:00,0,0,0,4,35,39
323.0,2017-03-30 03:12:00,0,0,0,4,35,39
323.0,2017-03-30 03:15:00,0,0,0,4,35,39
323.0,2017-03-30 03:18:00,0,0,0,4,35,39
323.0,2017-03-30 03:21:00,0,0,0,4,35,39
323.0,2017-03-30 03:24:00,0,0,0,4,35,39
323.0,2017-03-30 03:27:00,0,0,0,4,35,39
323.0,2017-03-30 03:30:00,0,0,0,4,35,39
323.0,2017-03-30 03:32:00,0,0,0,4,35,39
323.0,2017-03-30 03:35:00,0,0,0,4,35,39
323.0,2017-03-30 03:38:00,0,0,0,4,35,39
323.0,2017-03-30 03:41:00,0,0,0,4,35,39
323.0,2017-03-30 03:44:00,0,0,0,4,35,39
323.0,2017-03-30 03:47:00,0,0,0,4,35,39
323.0,2017-03-30 03:50:00,0,0,0,4,35,39
323.0,2017-03-30 03:53:00,0,0,0,4,35,39
323.0,2017-03-30 03:56:00,0,0,0,4,35,39
323.0,2017-03-30 03:59:00,0,0,0,4,35,39
323.0,2017-03-30 04:02:00,0,0,0,4,35,39
323.0,2017-03-30 04:05:00,0,0,0,4,35,39
323.0,2017-03-30 04:08:00,0,0,0,4,35,39
323.0,2017-03-30 04:11:00,0,0,0,4,35,39
323.0,2017-03-30 04:14:00,0,0,0,4,35,39
323.0,2017-03-30 04:17:00,0,0,0,4,35,39
323.0,2017-03-30 04:20:00,0,0,0,4,35,39
323.0,2017-03-30 04:23:00,0,0,0,4,35,39
323.0,2017-03-30 04:26:00,0,0,0,4,35,39
323.0,2017-03-30 04:29:00,0,0,0,4,35,39
323.0,2017-03-30 04:32:00,0,0,0,4,35,39
323.0,2017-03-30 04:35:00,0,0,0,4,35,39
323.0,2017-03-30 04:38:00,0,0,0,4,35,39
323.0,2017-03-30 04:41:00,0,0,0,4,35,39
323.0,2017-03-30 04:44:00,0,0,0,4,35,39
323.0,2017-03-30 04:47:00,0,0,0,4,35,39
323.0,2017-03-30 04:48:00,0,0,0,4,35,39
323.0,2017-03-30 04:51:00,0,0,0,4,35,39
323.0,2017-03-30 04:54:00,0,0,0,4,35,39
323.0,2017-03-30 04:57:00,0,0,0,4,35,39
323.0,2017-03-30 05:00:00,0,0,0,4,35,39
323.0,2017-03-30 05:03:00,0,0,0,4,35,39
323.0,2017-03-30 05:06:00,0,0,0,4,35,39
323.0,2017-03-30 05:09:00,0,0,0,4,35,39
323.0,2017-03-30 05:12:00,0,0,0,4,35,39
323.0,2017-03-30 05:15:00,0,0,0,4,35,39
323.0,2017-03-30 05:18:00,0,0,0,4,35,39
323.0,2017-03-30 05:21:00,0,0,0,4,35,39
323.0,2017-03-30 05:24:00,0,0,0,4,35,39
323.0,2017-03-30 05:27:00,0,0,0,4,35,39
323.0,2017-03-30 05:30:00,0,0,0,4,35,39
323.0,2017-03-30 05:33:00,0,0,0,4,35,39
323.0,2017-03-30 05:36:00,0,0,0,4,35,39
323.0,2017-03-30 05:39:00,0,0,0,4,35,39
323.0,2017-03-30 05:42:00,0,0,0,4,35,39
323.0,2017-03-30 05:45:00,0,0,0,4,35,39
323.0,2017-03-30 05:48:00,0,0,0,4,35,39
323.0,2017-03-30 05:51:00,0,0,0,4,35,39
323.0,2017-03-30 05:54:00,0,0,0,4,35,39
323.0,2017-03-30 05:57:00,0,0,0,4,35,39
323.0,2017-03-30 06:00:00,0,0,0,4,35,39
323.0,2017-03-30 06:01:00,0,0,0,4,35,39
323.0,2017-03-30 06:04:00,0,0,0,4,35,39
323.0,2017-03-30 06:07:00,0,0,0,4,35,39
323.0,2017-03-30 06:10:00,0,0,0,4,35,39
323.0,2017-03-30 06:13:00,0,0,0,4,35,39
323.0,2017-03-30 06:16:00,0,0,0,4,35,39
323.0,2017-03-30 06:19:00,0,0,0,4,35,39
323.0,2017-03-30 06:22:00,0,0,0,4,35,39
323.0,2017-03-30 06:25:00,0,0,0,4,35,39
323.0,2017-03-30 06:28:00,0,0,0,4,35,39
323.0,2017-03-30 06:31:00,0,0,0,4,35,39
323.0,2017-03-30 06:34:00,0,0,0,4,35,39
323.0,2017-03-30 06:37:00,0,0,0,4,35,39
323.0,2017-03-30 06:40:00,0,1,1,5,34,39
323.0,2017-03-30 06:43:00,0,1,1,6,33,39
323.0,2017-03-30 06:46:00,0,0,0,6,33,39
323.0,2017-03-30 06:49:00,0,0,0,6,33,39
323.0,2017-03-30 06:52:00,0,0,0,6,33,39
323.0,2017-03-30 06:55:00,0,0,0,6,33,39
323.0,2017-03-30 06:58:00,0,0,0,6,33,39
323.0,2017-03-30 07:01:00,0,0,0,6,33,39
323.0,2017-03-30 07:04:00,0,0,0,6,33,39
323.0,2017-03-30 07:07:00,0,0,0,6,33,39
323.0,2017-03-30 07:10:00,0,1,1,7,32,39
323.0,2017-03-30 07:13:00,0,0,0,7,32,39
323.0,2017-03-30 07:14:00,0,0,0,7,32,39
323.0,2017-03-30 07:17:00,0,1,1,8,31,39
323.0,2017-03-30 07:20:00,0,0,0,8,31,39
323.0,2017-03-30 07:23:00,0,0,0,8,31,39
323.0,2017-03-30 07:26:00,0,0,0,8,31,39
323.0,2017-03-30 07:29:00,0,0,0,8,31,39
323.0,2017-03-30 07:32:00,0,0,0,8,31,39
323.0,2017-03-30 07:35:00,0,0,0,8,31,39
323.0,2017-03-30 07:38:00,0,0,0,8,31,39
323.0,2017-03-30 07:41:00,1,0,-1,7,32,39
323.0,2017-03-30 07:44:00,0,0,0,7,32,39
323.0,2017-03-30 07:47:00,0,0,0,7,32,39
323.0,2017-03-30 07:50:00,0,1,1,8,31,39
323.0,2017-03-30 07:52:00,0,0,0,9,30,39
323.0,2017-03-30 07:55:00,0,0,0,9,30,39
323.0,2017-03-30 07:58:00,1,0,-1,8,31,39
323.0,2017-03-30 08:01:00,0,0,0,8,31,39
323.0,2017-03-30 08:04:00,0,1,1,9,30,39
323.0,2017-03-30 08:07:00,0,0,0,9,30,39
323.0,2017-03-30 08:10:00,0,0,0,9,30,39
323.0,2017-03-30 08:13:00,1,1,0,9,30,39
323.0,2017-03-30 08:16:00,0,0,0,9,30,39
323.0,2017-03-30 08:19:00,1,1,0,9,30,39
323.0,2017-03-30 08:22:00,0,0,0,9,30,39
323.0,2017-03-30 08:25:00,0,0,0,9,30,39
323.0,2017-03-30 08:28:00,0,2,2,11,28,39
323.0,2017-03-30 08:30:00,0,1,1,12,27,39
323.0,2017-03-30 08:33:00,0,1,1,13,26,39
323.0,2017-03-30 08:36:00,0,1,1,14,25,39
323.0,2017-03-30 08:39:00,0,0,0,14,25,39
323.0,2017-03-30 08:42:00,1,1,0,14,25,39
323.0,2017-03-30 08:45:00,0,0,0,14,25,39
323.0,2017-03-30 08:48:00,0,1,1,15,24,39
323.0,2017-03-30 08:51:00,0,0,0,15,24,39
323.0,2017-03-30 08:54:00,1,2,1,16,23,39
323.0,2017-03-30 08:57:00,0,0,0,16,23,39
323.0,2017-03-30 09:00:00,0,2,2,18,21,39
323.0,2017-03-30 09:03:00,0,2,2,20,19,39
323.0,2017-03-30 09:06:00,0,0,0,20,19,39
323.0,2017-03-30 09:08:00,0,0,0,19,20,39
323.0,2017-03-30 09:11:00,1,1,0,19,20,39
323.0,2017-03-30 09:14:00,0,0,0,19,20,39
323.0,2017-03-30 09:17:00,0,0,0,19,20,39
323.0,2017-03-30 09:20:00,0,0,0,19,20,39
323.0,2017-03-30 09:23:00,0,0,0,19,20,39
323.0,2017-03-30 09:26:00,0,0,0,19,20,39
323.0,2017-03-30 09:29:00,0,1,1,20,19,39
323.0,2017-03-30 09:32:00,0,1,1,21,18,39
323.0,2017-03-30 09:35:00,0,0,0,21,18,39
323.0,2017-03-30 09:38:00,0,0,0,21,18,39
323.0,2017-03-30 09:41:00,1,1,0,21,18,39
323.0,2017-03-30 09:44:00,0,1,1,22,17,39
323.0,2017-03-30 09:45:00,0,0,0,22,17,39
323.0,2017-03-30 09:48:00,0,2,2,24,15,39
323.0,2017-03-30 09:51:00,0,0,0,24,15,39
323.0,2017-03-30 09:54:00,0,0,0,24,15,39
323.0,2017-03-30 09:57:00,0,0,0,24,15,39
323.0,2017-03-30 10:00:00,0,0,0,24,15,39
323.0,2017-03-30 10:03:00,0,0,0,24,15,39
323.0,2017-03-30 10:06:00,0,2,2,26,13,39
323.0,2017-03-30 10:09:00,0,0,0,26,13,39
323.0,2017-03-30 10:12:00,0,0,0,26,13,39
323.0,2017-03-30 10:15:00,0,1,1,27,12,39
323.0,2017-03-30 10:18:00,0,0,0,27,12,39
323.0,2017-03-30 10:21:00,0,0,0,27,12,39
323.0,2017-03-30 10:24:00,1,0,-1,26,13,39
323.0,2017-03-30 10:27:00,0,0,0,26,13,39
323.0,2017-03-30 10:30:00,0,1,1,27,12,39
323.0,2017-03-30 10:33:00,0,0,0,27,12,39
323.0,2017-03-30 10:36:00,0,0,0,27,12,39
323.0,2017-03-30 10:39:00,0,0,0,27,12,39
323.0,2017-03-30 10:42:00,0,0,0,27,12,39
323.0,2017-03-30 10:45:00,0,0,0,27,12,39
323.0,2017-03-30 10:48:00,0,0,0,27,12,39
323.0,2017-03-30 10:51:00,0,0,0,27,12,39
323.0,2017-03-30 10:54:00,0,0,0,27,12,39
323.0,2017-03-30 10:57:00,0,0,0,27,12,39
323.0,2017-03-30 10:58:00,0,0,0,26,13,39
323.0,2017-03-30 11:01:00,0,0,0,26,13,39
323.0,2017-03-30 11:04:00,0,0,0,26,13,39
323.0,2017-03-30 11:07:00,0,0,0,26,13,39
323.0,2017-03-30 11:10:00,0,0,0,26,13,39
323.0,2017-03-30 11:13:00,0,0,0,26,13,39
323.0,2017-03-30 11:16:00,0,0,0,26,13,39
323.0,2017-03-30 11:19:00,0,0,0,26,13,39
323.0,2017-03-30 11:22:00,0,1,1,27,12,39
323.0,2017-03-30 11:25:00,0,0,0,27,12,39
323.0,2017-03-30 11:28:00,0,1,1,28,11,39
323.0,2017-03-30 11:31:00,0,0,0,28,11,39
323.0,2017-03-30 11:34:00,1,1,0,28,11,39
323.0,2017-03-30 11:35:00,0,0,0,28,11,39
323.0,2017-03-30 11:38:00,0,0,0,28,11,39
323.0,2017-03-30 11:41:00,0,0,0,28,11,39
323.0,2017-03-30 11:44:00,0,0,0,28,11,39
323.0,2017-03-30 11:47:00,0,0,0,28,11,39
323.0,2017-03-30 11:50:00,0,0,0,28,11,39
323.0,2017-03-30 11:53:00,0,0,0,28,11,39
323.0,2017-03-30 11:56:00,0,0,0,28,11,39
323.0,2017-03-30 11:59:00,1,0,-1,27,12,39
323.0,2017-03-30 12:02:00,0,0,0,27,12,39
323.0,2017-03-30 12:05:00,0,0,0,27,12,39
323.0,2017-03-30 12:07:00,0,0,0,3,36,39
323.0,2017-03-30 12:10:00,0,0,0,3,36,39
323.0,2017-03-30 12:13:00,0,0,0,3,36,39
323.0,2017-03-30 12:16:00,0,0,0,3,36,39
323.0,2017-03-30 12:19:00,0,0,0,3,36,39
323.0,2017-03-30 12:22:00,0,0,0,3,36,39
323.0,2017-03-30 12:25:00,0,0,0,3,36,39
323.0,2017-03-30 12:28:00,0,0,0,3,36,39
323.0,2017-03-30 12:31:00,0,0,0,3,36,39
323.0,2017-03-30 12:34:00,0,0,0,3,36,39
323.0,2017-03-30 12:37:00,0,0,0,3,36,39
323.0,2017-03-30 12:40:00,0,0,0,3,36,39
323.0,2017-03-30 12:42:00,0,0,0,3,36,39
323.0,2017-03-30 12:45:00,0,1,1,4,35,39
323.0,2017-03-30 12:48:00,0,0,0,4,35,39
323.0,2017-03-30 12:51:00,0,1,1,5,34,39
323.0,2017-03-30 12:54:00,0,0,0,5,34,39
323.0,2017-03-30 12:57:00,0,0,0,5,34,39
323.0,2017-03-30 13:00:00,1,1,0,5,34,39
323.0,2017-03-30 13:03:00,1,0,-1,4,35,39
323.0,2017-03-30 13:06:00,0,0,0,4,35,39
323.0,2017-03-30 13:09:00,0,1,1,5,34,39
323.0,2017-03-30 13:12:00,1,0,-1,4,35,39
323.0,2017-03-30 13:15:00,0,0,0,4,35,39
323.0,2017-03-30 13:18:00,0,0,0,4,35,39
323.0,2017-03-30 13:21:00,0,1,1,5,34,39
323.0,2017-03-30 13:24:00,0,0,0,29,10,39
323.0,2017-03-30 13:27:00,0,0,0,29,10,39
323.0,2017-03-30 13:30:00,0,1,1,30,9,39
323.0,2017-03-30 13:33:00,0,0,0,30,9,39
323.0,2017-03-30 13:36:00,0,0,0,30,9,39
323.0,2017-03-30 13:39:00,0,0,0,30,9,39
323.0,2017-03-30 13:42:00,0,0,0,30,9,39
323.0,2017-03-30 13:45:00,0,0,0,30,9,39
323.0,2017-03-30 13:48:00,0,0,0,30,9,39
323.0,2017-03-30 13:51:00,0,0,0,30,9,39
323.0,2017-03-30 13:54:00,0,0,0,30,9,39
323.0,2017-03-30 13:57:00,0,0,0,30,9,39
323.0,2017-03-30 14:00:00,1,0,-1,29,10,39
323.0,2017-03-30 14:01:00,1,0,-1,29,10,39
323.0,2017-03-30 14:04:00,1,0,-1,28,11,39
323.0,2017-03-30 14:07:00,0,2,2,30,9,39
323.0,2017-03-30 14:10:00,1,0,-1,29,10,39
323.0,2017-03-30 14:13:00,0,0,0,29,10,39
323.0,2017-03-30 14:16:00,1,0,-1,28,11,39
323.0,2017-03-30 14:19:00,0,0,0,28,11,39
323.0,2017-03-30 14:22:00,0,0,0,28,11,39
323.0,2017-03-30 14:25:00,1,0,-1,27,12,39
323.0,2017-03-30 14:28:00,0,2,2,29,10,39
323.0,2017-03-30 14:31:00,0,0,0,29,10,39
323.0,2017-03-30 14:34:00,0,0,0,29,10,39
323.0,2017-03-30 14:37:00,0,0,0,29,10,39
323.0,2017-03-30 14:39:00,0,0,0,29,10,39
323.0,2017-03-30 14:42:00,0,0,0,29,10,39
323.0,2017-03-30 14:45:00,0,0,0,29,10,39
323.0,2017-03-30 14:48:00,0,0,0,29,10,39
323.0,2017-03-30 14:51:00,0,1,1,30,9,39
323.0,2017-03-30 14:54:00,0,0,0,30,9,39
323.0,2017-03-30 14:57:00,0,0,0,30,9,39
323.0,2017-03-30 15:00:00,0,0,0,30,9,39
323.0,2017-03-30 15:03:00,0,0,0,30,9,39
323.0,2017-03-30 15:06:00,0,0,0,30,9,39
323.0,2017-03-30 15:09:00,0,0,0,30,9,39
323.0,2017-03-30 15:12:00,0,1,1,31,8,39
323.0,2017-03-30 15:15:00,1,0,-1,30,9,39
323.0,2017-03-30 15:17:00,1,1,0,30,9,39
323.0,2017-03-30 15:20:00,0,0,0,30,9,39
323.0,2017-03-30 15:23:00,0,1,1,31,8,39
323.0,2017-03-30 15:26:00,0,0,0,31,8,39
323.0,2017-03-30 15:29:00,1,0,-1,30,9,39
323.0,2017-03-30 15:32:00,0,0,0,30,9,39
323.0,2017-03-30 15:35:00,0,0,0,30,9,39
323.0,2017-03-30 15:38:00,0,0,0,30,9,39
323.0,2017-03-30 15:41:00,0,0,0,30,9,39
323.0,2017-03-30 15:44:00,0,0,0,30,9,39
323.0,2017-03-30 15:47:00,0,1,1,31,8,39
323.0,2017-03-30 15:50:00,0,1,1,32,7,39
323.0,2017-03-30 15:53:00,0,0,0,32,7,39
323.0,2017-03-30 15:55:00,0,0,0,32,7,39
323.0,2017-03-30 15:58:00,1,0,-1,31,8,39
323.0,2017-03-30 16:01:00,1,0,-1,30,9,39
323.0,2017-03-30 16:04:00,0,1,1,31,8,39
323.0,2017-03-30 16:07:00,0,0,0,31,8,39
323.0,2017-03-30 16:10:00,1,0,-1,30,9,39
323.0,2017-03-30 16:13:00,0,0,0,30,9,39
323.0,2017-03-30 16:16:00,0,0,0,30,9,39
323.0,2017-03-30 16:19:00,0,0,0,30,9,39
323.0,2017-03-30 16:22:00,0,0,0,30,9,39
323.0,2017-03-30 16:25:00,0,0,0,30,9,39
323.0,2017-03-30 16:28:00,0,0,0,30,9,39
323.0,2017-03-30 16:31:00,1,0,-1,29,10,39
323.0,2017-03-30 16:33:00,1,0,-1,28,11,39
323.0,2017-03-30 16:36:00,0,0,0,28,11,39
323.0,2017-03-30 16:39:00,0,0,0,28,11,39
323.0,2017-03-30 16:42:00,0,0,0,28,11,39
323.0,2017-03-30 16:45:00,1,0,-1,27,12,39
323.0,2017-03-30 16:48:00,2,0,-2,25,14,39
323.0,2017-03-30 16:51:00,0,0,0,25,14,39
323.0,2017-03-30 16:54:00,1,1,0,25,14,39
323.0,2017-03-30 16:57:00,0,0,0,25,14,39
323.0,2017-03-30 17:00:00,1,1,0,25,14,39
323.0,2017-03-30 17:03:00,0,0,0,25,14,39
323.0,2017-03-30 17:06:00,0,0,0,25,14,39
323.0,2017-03-30 17:09:00,0,0,0,25,14,39
323.0,2017-03-30 17:11:00,0,0,0,26,13,39
323.0,2017-03-30 17:14:00,1,0,-1,25,14,39
323.0,2017-03-30 17:17:00,0,1,1,26,13,39
323.0,2017-03-30 17:20:00,1,0,-1,25,14,39
323.0,2017-03-30 17:23:00,1,0,-1,24,15,39
323.0,2017-03-30 17:26:00,0,0,0,24,15,39
323.0,2017-03-30 17:29:00,0,0,0,24,15,39
323.0,2017-03-30 17:32:00,0,0,0,24,15,39
323.0,2017-03-30 17:35:00,0,0,0,24,15,39
323.0,2017-03-30 17:38:00,0,0,0,24,15,39
323.0,2017-03-30 17:41:00,0,0,0,24,15,39
323.0,2017-03-30 17:44:00,0,0,0,24,15,39
323.0,2017-03-30 17:47:00,4,0,-4,20,19,39
323.0,2017-03-30 17:50:00,0,0,0,19,20,39
323.0,2017-03-30 17:53:00,1,1,0,19,20,39
323.0,2017-03-30 17:56:00,0,1,1,20,19,39
323.0,2017-03-30 17:59:00,0,0,0,20,19,39
323.0,2017-03-30 18:02:00,1,0,-1,19,20,39
323.0,2017-03-30 18:05:00,1,0,-1,18,21,39
323.0,2017-03-30 18:08:00,0,0,0,18,21,39
323.0,2017-03-30 18:11:00,0,0,0,18,21,39
323.0,2017-03-30 18:14:00,0,1,1,19,20,39
323.0,2017-03-30 18:17:00,0,0,0,19,20,39
323.0,2017-03-30 18:20:00,2,1,-1,18,21,39
323.0,2017-03-30 18:23:00,1,0,-1,17,22,39
323.0,2017-03-30 18:26:00,0,0,0,17,22,39
323.0,2017-03-30 18:29:00,1,1,0,16,23,39
323.0,2017-03-30 18:32:00,0,1,1,17,22,39
323.0,2017-03-30 18:35:00,0,0,0,17,22,39
323.0,2017-03-30 18:38:00,1,0,-1,16,23,39
323.0,2017-03-30 18:41:00,0,0,0,16,23,39
323.0,2017-03-30 18:44:00,0,1,1,17,22,39
323.0,2017-03-30 18:47:00,0,0,0,17,22,39
323.0,2017-03-30 18:50:00,0,0,0,17,22,39
323.0,2017-03-30 18:53:00,0,0,0,17,22,39
323.0,2017-03-30 18:56:00,0,0,0,17,22,39
323.0,2017-03-30 18:59:00,0,0,0,17,22,39
323.0,2017-03-30 19:02:00,1,1,0,17,22,39
323.0,2017-03-30 19:05:00,1,0,-1,16,23,39
323.0,2017-03-30 19:07:00,0,0,0,16,23,39
323.0,2017-03-30 19:10:00,0,0,0,16,23,39
323.0,2017-03-30 19:13:00,1,0,-1,15,24,39
323.0,2017-03-30 19:16:00,0,0,0,15,24,39
323.0,2017-03-30 19:19:00,0,0,0,15,24,39
323.0,2017-03-30 19:22:00,0,0,0,15,24,39
323.0,2017-03-30 19:25:00,0,0,0,15,24,39
323.0,2017-03-30 19:28:00,0,0,0,15,24,39
323.0,2017-03-30 19:31:00,0,0,0,15,24,39
323.0,2017-03-30 19:34:00,0,0,0,15,24,39
323.0,2017-03-30 19:37:00,0,0,0,15,24,39
323.0,2017-03-30 19:40:00,0,0,0,15,24,39
323.0,2017-03-30 19:43:00,0,0,0,15,24,39
323.0,2017-03-30 19:46:00,0,0,0,15,24,39
323.0,2017-03-30 19:49:00,0,0,0,15,24,39
323.0,2017-03-30 19:52:00,0,0,0,15,24,39
323.0,2017-03-30 19:55:00,1,0,-1,14,25,39
323.0,2017-03-30 19:58:00,0,0,0,14,25,39
323.0,2017-03-30 20:01:00,0,0,0,14,25,39
323.0,2017-03-30 20:04:00,0,0,0,14,25,39
323.0,2017-03-30 20:07:00,0,0,0,14,25,39
323.0,2017-03-30 20:10:00,0,0,0,14,25,39
323.0,2017-03-30 20:13:00,0,0,0,14,25,39
323.0,2017-03-30 20:16:00,0,0,0,14,25,39
323.0,2017-03-30 20:19:00,0,0,0,14,25,39
323.0,2017-03-30 20:22:00,1,0,-1,13,26,39
323.0,2017-03-30 20:25:00,0,0,0,13,26,39
323.0,2017-03-30 20:28:00,0,0,0,13,26,39
323.0,2017-03-30 20:31:00,1,0,-1,12,27,39
323.0,2017-03-30 20:34:00,1,0,-1,11,28,39
323.0,2017-03-30 20:37:00,0,0,0,11,28,39
323.0,2017-03-30 20:40:00,0,0,0,11,28,39
323.0,2017-03-30 20:43:00,0,0,0,11,28,39
323.0,2017-03-30 20:46:00,0,0,0,11,28,39
323.0,2017-03-30 20:48:00,0,0,0,11,28,39
323.0,2017-03-30 20:51:00,0,0,0,11,28,39
323.0,2017-03-30 20:54:00,0,0,0,11,28,39
323.0,2017-03-30 20:57:00,0,1,1,12,27,39
323.0,2017-03-30 21:00:00,0,0,0,12,27,39
323.0,2017-03-30 21:03:00,0,0,0,12,27,39
323.0,2017-03-30 21:06:00,0,0,0,12,27,39
323.0,2017-03-30 21:09:00,0,0,0,12,27,39
323.0,2017-03-30 21:12:00,0,0,0,12,27,39
323.0,2017-03-30 21:15:00,0,0,0,12,27,39
323.0,2017-03-30 21:18:00,0,0,0,12,27,39
323.0,2017-03-30 21:21:00,0,1,1,13,26,39
323.0,2017-03-30 21:24:00,0,0,0,13,26,39
323.0,2017-03-30 21:27:00,0,0,0,13,26,39
323.0,2017-03-30 21:30:00,0,0,0,13,26,39
323.0,2017-03-30 21:33:00,0,0,0,13,26,39
323.0,2017-03-30 21:36:00,1,0,-1,12,27,39
323.0,2017-03-30 21:39:00,0,0,0,12,27,39
323.0,2017-03-30 21:42:00,0,0,0,12,27,39
323.0,2017-03-30 21:45:00,0,0,0,12,27,39
323.0,2017-03-30 21:48:00,0,1,1,13,26,39
323.0,2017-03-30 21:51:00,0,0,0,13,26,39
323.0,2017-03-30 21:54:00,0,0,0,13,26,39
323.0,2017-03-30 21:57:00,0,0,0,13,26,39
323.0,2017-03-30 22:00:00,0,0,0,13,26,39
323.0,2017-03-30 22:03:00,0,0,0,13,26,39
323.0,2017-03-30 22:06:00,0,0,0,13,26,39
323.0,2017-03-30 22:09:00,0,0,0,13,26,39
323.0,2017-03-30 22:12:00,0,0,0,13,26,39
323.0,2017-03-30 22:15:00,0,0,0,13,26,39
323.0,2017-03-30 22:18:00,0,0,0,13,26,39
323.0,2017-03-30 22:21:00,0,0,0,13,26,39
323.0,2017-03-30 22:24:00,0,0,0,13,26,39
323.0,2017-03-30 22:27:00,0,0,0,13,26,39
323.0,2017-03-30 22:30:00,0,1,1,14,25,39
323.0,2017-03-30 22:33:00,0,0,0,14,25,39
323.0,2017-03-30 22:34:00,0,0,0,14,25,39
323.0,2017-03-30 22:37:00,0,0,0,14,25,39
323.0,2017-03-30 22:40:00,0,0,0,14,25,39
323.0,2017-03-30 22:43:00,0,0,0,14,25,39
323.0,2017-03-30 22:46:00,0,0,0,14,25,39
323.0,2017-03-30 22:49:00,0,0,0,14,25,39
323.0,2017-03-30 22:52:00,0,0,0,14,25,39
323.0,2017-03-30 22:55:00,0,0,0,14,25,39
323.0,2017-03-30 22:58:00,0,0,0,14,25,39
323.0,2017-03-30 23:01:00,0,0,0,14,25,39
323.0,2017-03-30 23:04:00,0,0,0,14,25,39
323.0,2017-03-30 23:07:00,0,0,0,14,25,39
323.0,2017-03-30 23:08:00,0,0,0,14,25,39
323.0,2017-03-30 23:11:00,1,1,0,14,25,39
323.0,2017-03-30 23:14:00,0,0,0,14,25,39
323.0,2017-03-30 23:17:00,1,0,-1,13,26,39
323.0,2017-03-30 23:20:00,0,0,0,13,26,39
323.0,2017-03-30 23:23:00,0,0,0,13,26,39
323.0,2017-03-30 23:26:00,0,0,0,13,26,39
323.0,2017-03-30 23:29:00,0,0,0,13,26,39
323.0,2017-03-30 23:32:00,0,0,0,13,26,39
323.0,2017-03-30 23:35:00,0,0,0,13,26,39
323.0,2017-03-30 23:38:00,0,0,0,13,26,39
323.0,2017-03-30 23:41:00,0,0,0,13,26,39
323.0,2017-03-30 23:42:00,0,0,0,13,26,39
323.0,2017-03-30 23:45:00,0,0,0,13,26,39
323.0,2017-03-30 23:48:00,0,0,0,13,26,39
323.0,2017-03-30 23:51:00,0,0,0,13,26,39
323.0,2017-03-30 23:54:00,0,0,0,13,26,39
323.0,2017-03-30 23:57:00,0,0,0,13,26,39
323.0,2017-03-31 00:00:00,0,0,0,13,26,39
323.0,2017-03-31 00:03:00,0,0,0,13,26,39
323.0,2017-03-31 00:06:00,0,0,0,13,26,39
323.0,2017-03-31 00:09:00,0,0,0,13,26,39
323.0,2017-03-31 00:11:00,0,0,0,27,12,39
323.0,2017-03-31 00:14:00,0,0,0,27,12,39
323.0,2017-03-31 00:17:00,0,0,0,27,12,39
323.0,2017-03-31 00:20:00,1,0,-1,26,13,39
323.0,2017-03-31 00:23:00,0,0,0,26,13,39
323.0,2017-03-31 00:26:00,0,0,0,26,13,39
323.0,2017-03-31 00:29:00,0,0,0,26,13,39
323.0,2017-03-31 00:32:00,0,0,0,26,13,39
323.0,2017-03-31 00:35:00,0,0,0,26,13,39
323.0,2017-03-31 00:38:00,0,0,0,26,13,39
323.0,2017-03-31 00:41:00,0,0,0,26,13,39
323.0,2017-03-31 00:44:00,0,0,0,26,13,39
323.0,2017-03-31 00:47:00,0,0,0,28,11,39
323.0,2017-03-31 00:50:00,0,0,0,28,11,39
323.0,2017-03-31 00:53:00,0,0,0,28,11,39
323.0,2017-03-31 00:56:00,0,0,0,28,11,39
323.0,2017-03-31 00:59:00,0,0,0,28,11,39
323.0,2017-03-31 01:02:00,0,0,0,28,11,39
323.0,2017-03-31 01:05:00,0,0,0,28,11,39
323.0,2017-03-31 01:08:00,0,0,0,28,11,39
323.0,2017-03-31 01:10:00,0,0,0,12,27,39
323.0,2017-03-31 01:13:00,0,0,0,12,27,39
323.0,2017-03-31 01:16:00,0,0,0,12,27,39
323.0,2017-03-31 01:19:00,0,0,0,12,27,39
323.0,2017-03-31 01:22:00,0,0,0,12,27,39
323.0,2017-03-31 01:25:00,0,0,0,12,27,39
323.0,2017-03-31 01:28:00,0,0,0,12,27,39
323.0,2017-03-31 01:31:00,0,0,0,12,27,39
323.0,2017-03-31 01:34:00,0,0,0,12,27,39
323.0,2017-03-31 01:37:00,0,0,0,12,27,39
323.0,2017-03-31 01:40:00,0,0,0,12,27,39
323.0,2017-03-31 01:43:00,0,0,0,12,27,39
323.0,2017-03-31 01:46:00,0,0,0,12,27,39
323.0,2017-03-31 01:49:00,0,0,0,12,27,39
323.0,2017-03-31 01:52:00,0,0,0,12,27,39
323.0,2017-03-31 01:55:00,0,0,0,12,27,39
323.0,2017-03-31 01:58:00,0,0,0,12,27,39
323.0,2017-03-31 02:01:00,0,0,0,12,27,39
323.0,2017-03-31 02:04:00,0,0,0,12,27,39
323.0,2017-03-31 02:07:00,0,0,0,12,27,39
323.0,2017-03-31 02:10:00,0,0,0,12,27,39
323.0,2017-03-31 02:13:00,0,0,0,12,27,39
323.0,2017-03-31 02:16:00,0,0,0,12,27,39
323.0,2017-03-31 02:19:00,0,0,0,12,27,39
323.0,2017-03-31 02:22:00,0,0,0,12,27,39
323.0,2017-03-31 02:25:00,0,0,0,12,27,39
323.0,2017-03-31 02:28:00,0,0,0,12,27,39
323.0,2017-03-31 02:31:00,0,0,0,12,27,39
323.0,2017-03-31 02:34:00,0,0,0,12,27,39
323.0,2017-03-31 02:37:00,0,0,0,12,27,39
323.0,2017-03-31 02:40:00,0,0,0,12,27,39
323.0,2017-03-31 02:43:00,0,0,0,12,27,39
323.0,2017-03-31 02:46:00,0,0,0,12,27,39
323.0,2017-03-31 02:49:00,0,0,0,12,27,39
323.0,2017-03-31 02:52:00,0,0,0,12,27,39
323.0,2017-03-31 02:55:00,0,0,0,12,27,39
323.0,2017-03-31 02:58:00,0,0,0,12,27,39
323.0,2017-03-31 03:01:00,0,0,0,12,27,39
323.0,2017-03-31 03:04:00,0,0,0,12,27,39
323.0,2017-03-31 03:07:00,0,0,0,12,27,39
323.0,2017-03-31 03:10:00,0,0,0,12,27,39
323.0,2017-03-31 03:13:00,0,0,0,12,27,39
323.0,2017-03-31 03:16:00,0,0,0,12,27,39
323.0,2017-03-31 03:19:00,0,0,0,12,27,39
323.0,2017-03-31 03:22:00,0,0,0,12,27,39
323.0,2017-03-31 03:25:00,0,0,0,12,27,39
323.0,2017-03-31 03:28:00,0,0,0,12,27,39
323.0,2017-03-31 03:31:00,0,0,0,12,27,39
323.0,2017-03-31 03:34:00,0,0,0,12,27,39
323.0,2017-03-31 03:37:00,0,0,0,12,27,39
323.0,2017-03-31 03:40:00,0,0,0,12,27,39
323.0,2017-03-31 03:43:00,0,0,0,12,27,39
323.0,2017-03-31 03:46:00,0,0,0,12,27,39
323.0,2017-03-31 03:49:00,0,0,0,12,27,39
323.0,2017-03-31 03:52:00,0,0,0,12,27,39
323.0,2017-03-31 03:55:00,0,0,0,12,27,39
323.0,2017-03-31 03:58:00,0,0,0,12,27,39
323.0,2017-03-31 04:01:00,0,0,0,12,27,39
323.0,2017-03-31 04:04:00,0,0,0,12,27,39
323.0,2017-03-31 04:07:00,0,0,0,12,27,39
323.0,2017-03-31 04:10:00,0,0,0,12,27,39
323.0,2017-03-31 04:13:00,0,0,0,12,27,39
323.0,2017-03-31 04:16:00,0,0,0,12,27,39
323.0,2017-03-31 04:19:00,0,0,0,12,27,39
323.0,2017-03-31 04:22:00,0,0,0,12,27,39
323.0,2017-03-31 04:25:00,0,0,0,12,27,39
323.0,2017-03-31 04:28:00,0,0,0,12,27,39
323.0,2017-03-31 04:31:00,0,0,0,12,27,39
323.0,2017-03-31 04:34:00,0,0,0,12,27,39
323.0,2017-03-31 04:37:00,0,0,0,12,27,39
323.0,2017-03-31 04:40:00,0,0,0,12,27,39
323.0,2017-03-31 04:43:00,0,0,0,12,27,39
323.0,2017-03-31 04:46:00,0,0,0,12,27,39
323.0,2017-03-31 04:49:00,0,0,0,12,27,39
323.0,2017-03-31 04:52:00,0,0,0,12,27,39
323.0,2017-03-31 04:55:00,0,0,0,12,27,39
323.0,2017-03-31 04:58:00,0,0,0,12,27,39
323.0,2017-03-31 05:01:00,0,0,0,12,27,39
323.0,2017-03-31 05:04:00,0,0,0,12,27,39
323.0,2017-03-31 05:07:00,0,0,0,12,27,39
323.0,2017-03-31 05:10:00,0,0,0,12,27,39
323.0,2017-03-31 05:13:00,0,0,0,12,27,39
323.0,2017-03-31 05:16:00,0,0,0,12,27,39
323.0,2017-03-31 05:19:00,0,0,0,12,27,39
323.0,2017-03-31 05:22:00,0,0,0,12,27,39
323.0,2017-03-31 05:25:00,0,0,0,12,27,39
323.0,2017-03-31 05:28:00,0,0,0,12,27,39
323.0,2017-03-31 05:31:00,0,0,0,12,27,39
323.0,2017-03-31 05:34:00,0,0,0,12,27,39
323.0,2017-03-31 05:37:00,0,0,0,12,27,39
323.0,2017-03-31 05:40:00,0,0,0,12,27,39
323.0,2017-03-31 05:43:00,0,0,0,12,27,39
323.0,2017-03-31 05:46:00,0,0,0,12,27,39
323.0,2017-03-31 05:49:00,0,0,0,12,27,39
323.0,2017-03-31 05:52:00,0,0,0,12,27,39
323.0,2017-03-31 05:55:00,0,0,0,12,27,39
323.0,2017-03-31 05:58:00,0,0,0,12,27,39
323.0,2017-03-31 06:01:00,0,0,0,12,27,39
323.0,2017-03-31 06:04:00,0,0,0,12,27,39
323.0,2017-03-31 06:07:00,0,0,0,12,27,39
323.0,2017-03-31 06:10:00,0,0,0,12,27,39
323.0,2017-03-31 06:13:00,0,0,0,12,27,39
323.0,2017-03-31 06:16:00,0,0,0,12,27,39
323.0,2017-03-31 06:19:00,0,0,0,12,27,39
323.0,2017-03-31 06:22:00,0,0,0,12,27,39
323.0,2017-03-31 06:25:00,0,1,1,13,26,39
323.0,2017-03-31 06:28:00,0,0,0,13,26,39
323.0,2017-03-31 06:31:00,0,0,0,13,26,39
323.0,2017-03-31 06:34:00,0,0,0,13,26,39
323.0,2017-03-31 06:37:00,0,0,0,13,26,39
323.0,2017-03-31 06:40:00,0,0,0,13,26,39
323.0,2017-03-31 06:43:00,0,1,1,14,25,39
323.0,2017-03-31 06:46:00,0,0,0,14,25,39
323.0,2017-03-31 06:49:00,0,0,0,14,25,39
323.0,2017-03-31 06:52:00,0,0,0,14,25,39
323.0,2017-03-31 06:55:00,0,0,0,14,25,39
323.0,2017-03-31 06:58:00,0,0,0,14,25,39
323.0,2017-03-31 07:01:00,0,0,0,14,25,39
323.0,2017-03-31 07:04:00,0,0,0,14,25,39
323.0,2017-03-31 07:07:00,0,0,0,14,25,39
323.0,2017-03-31 07:10:00,0,0,0,14,25,39
323.0,2017-03-31 07:13:00,0,0,0,14,25,39
323.0,2017-03-31 07:16:00,0,0,0,14,25,39
323.0,2017-03-31 07:19:00,0,0,0,14,25,39
323.0,2017-03-31 07:22:00,0,0,0,14,25,39
323.0,2017-03-31 07:25:00,0,0,0,14,25,39
323.0,2017-03-31 07:28:00,0,0,0,14,25,39
323.0,2017-03-31 07:31:00,0,0,0,14,25,39
323.0,2017-03-31 07:34:00,0,0,0,14,25,39
323.0,2017-03-31 07:37:00,0,0,0,14,25,39
323.0,2017-03-31 07:40:00,0,0,0,14,25,39
323.0,2017-03-31 07:43:00,0,0,0,14,25,39
323.0,2017-03-31 07:46:00,0,0,0,14,25,39
323.0,2017-03-31 07:49:00,0,0,0,14,25,39
323.0,2017-03-31 07:52:00,0,0,0,14,25,39
323.0,2017-03-31 07:55:00,0,0,0,14,25,39
323.0,2017-03-31 07:58:00,0,0,0,14,25,39
323.0,2017-03-31 08:01:00,0,0,0,14,25,39
323.0,2017-03-31 08:04:00,0,0,0,14,25,39
323.0,2017-03-31 08:07:00,0,0,0,14,25,39
323.0,2017-03-31 08:10:00,0,0,0,14,25,39
323.0,2017-03-31 08:13:00,0,1,1,15,24,39
323.0,2017-03-31 08:16:00,0,0,0,15,24,39
323.0,2017-03-31 08:19:00,0,0,0,15,24,39
323.0,2017-03-31 08:22:00,0,0,0,15,24,39
323.0,2017-03-31 08:25:00,0,0,0,15,24,39
323.0,2017-03-31 08:28:00,1,0,-1,14,25,39
323.0,2017-03-31 08:31:00,0,2,2,16,23,39
323.0,2017-03-31 08:34:00,0,0,0,16,23,39
323.0,2017-03-31 08:37:00,0,0,0,16,23,39
323.0,2017-03-31 08:40:00,0,0,0,16,23,39
323.0,2017-03-31 08:43:00,0,0,0,16,23,39
323.0,2017-03-31 08:46:00,1,0,-1,15,24,39
323.0,2017-03-31 08:49:00,0,0,0,15,24,39
323.0,2017-03-31 08:52:00,0,0,0,15,24,39
323.0,2017-03-31 08:55:00,0,1,1,16,23,39
323.0,2017-03-31 08:58:00,0,0,0,16,23,39
323.0,2017-03-31 09:01:00,0,0,0,16,23,39
323.0,2017-03-31 09:04:00,0,0,0,16,23,39
323.0,2017-03-31 09:07:00,0,0,0,16,23,39
323.0,2017-03-31 09:10:00,0,0,0,16,23,39
323.0,2017-03-31 09:13:00,0,0,0,16,23,39
323.0,2017-03-31 09:16:00,0,0,0,16,23,39
323.0,2017-03-31 09:19:00,0,0,0,16,23,39
323.0,2017-03-31 09:22:00,0,0,0,16,23,39
323.0,2017-03-31 09:25:00,0,0,0,16,23,39
323.0,2017-03-31 09:28:00,0,0,0,16,23,39
323.0,2017-03-31 09:31:00,0,0,0,16,23,39
323.0,2017-03-31 09:34:00,0,0,0,16,23,39
323.0,2017-03-31 09:37:00,0,0,0,16,23,39
323.0,2017-03-31 09:40:00,0,0,0,16,23,39
323.0,2017-03-31 09:43:00,0,0,0,16,23,39
323.0,2017-03-31 09:46:00,0,0,0,16,23,39
323.0,2017-03-31 09:49:00,0,0,0,16,23,39
323.0,2017-03-31 09:52:00,0,0,0,16,23,39
323.0,2017-03-31 09:55:00,0,0,0,16,23,39
323.0,2017-03-31 09:58:00,0,0,0,16,23,39
323.0,2017-03-31 10:01:00,0,0,0,16,23,39
323.0,2017-03-31 10:04:00,0,0,0,16,23,39
323.0,2017-03-31 10:07:00,1,0,-1,15,24,39
323.0,2017-03-31 10:10:00,0,1,1,16,23,39
323.0,2017-03-31 10:13:00,0,0,0,16,23,39
323.0,2017-03-31 10:16:00,0,0,0,16,23,39
323.0,2017-03-31 10:18:00,0,0,0,16,23,39
323.0,2017-03-31 10:21:00,0,0,0,16,23,39
323.0,2017-03-31 10:24:00,0,0,0,16,23,39
323.0,2017-03-31 10:27:00,0,0,0,16,23,39
323.0,2017-03-31 10:30:00,0,0,0,16,23,39
323.0,2017-03-31 10:33:00,0,0,0,16,23,39
323.0,2017-03-31 10:36:00,0,0,0,16,23,39
323.0,2017-03-31 10:39:00,0,0,0,16,23,39
323.0,2017-03-31 10:42:00,0,1,1,17,22,39
323.0,2017-03-31 10:45:00,0,0,0,17,22,39
323.0,2017-03-31 10:48:00,0,0,0,17,22,39
323.0,2017-03-31 10:51:00,0,0,0,17,22,39
323.0,2017-03-31 10:54:00,0,0,0,17,22,39
323.0,2017-03-31 10:57:00,0,0,0,17,22,39
323.0,2017-03-31 11:00:00,0,0,0,17,22,39
323.0,2017-03-31 11:03:00,0,0,0,17,22,39
323.0,2017-03-31 11:06:00,0,0,0,17,22,39
323.0,2017-03-31 11:09:00,0,0,0,17,22,39
323.0,2017-03-31 11:12:00,0,0,0,17,22,39
323.0,2017-03-31 11:15:00,0,0,0,17,22,39
323.0,2017-03-31 11:18:00,0,0,0,17,22,39
323.0,2017-03-31 11:21:00,0,0,0,17,22,39
323.0,2017-03-31 11:24:00,0,0,0,17,22,39
323.0,2017-03-31 11:27:00,0,0,0,17,22,39
323.0,2017-03-31 11:30:00,0,0,0,17,22,39
323.0,2017-03-31 11:33:00,0,0,0,17,22,39
323.0,2017-03-31 11:36:00,0,0,0,17,22,39
323.0,2017-03-31 11:39:00,0,0,0,17,22,39
323.0,2017-03-31 11:42:00,0,0,0,17,22,39
323.0,2017-03-31 11:45:00,0,0,0,17,22,39
323.0,2017-03-31 11:48:00,0,0,0,17,22,39
323.0,2017-03-31 11:51:00,0,0,0,17,22,39
323.0,2017-03-31 11:54:00,0,0,0,17,22,39
323.0,2017-03-31 11:57:00,0,0,0,17,22,39
323.0,2017-03-31 12:00:00,0,0,0,17,22,39
323.0,2017-03-31 12:03:00,0,0,0,17,22,39
323.0,2017-03-31 12:06:00,0,0,0,17,22,39
323.0,2017-03-31 12:09:00,0,0,0,17,22,39
323.0,2017-03-31 12:12:00,0,0,0,17,22,39
323.0,2017-03-31 12:15:00,0,0,0,17,22,39
323.0,2017-03-31 12:18:00,0,0,0,17,22,39
323.0,2017-03-31 12:20:00,0,0,0,13,26,39
323.0,2017-03-31 12:23:00,0,0,0,13,26,39
323.0,2017-03-31 12:26:00,0,0,0,13,26,39
323.0,2017-03-31 12:29:00,0,0,0,13,26,39
323.0,2017-03-31 12:32:00,0,0,0,13,26,39
323.0,2017-03-31 12:35:00,0,0,0,13,26,39
323.0,2017-03-31 12:38:00,0,0,0,13,26,39
323.0,2017-03-31 12:41:00,0,0,0,13,26,39
323.0,2017-03-31 12:44:00,0,0,0,13,26,39
323.0,2017-03-31 12:47:00,0,1,1,14,25,39
323.0,2017-03-31 12:50:00,0,0,0,14,25,39
323.0,2017-03-31 12:53:00,0,0,0,12,27,39
323.0,2017-03-31 12:56:00,0,0,0,12,27,39
323.0,2017-03-31 12:59:00,0,0,0,12,27,39
323.0,2017-03-31 13:02:00,0,0,0,12,27,39
323.0,2017-03-31 13:05:00,0,1,1,13,26,39
323.0,2017-03-31 13:08:00,0,0,0,13,26,39
323.0,2017-03-31 13:11:00,0,0,0,13,26,39
323.0,2017-03-31 13:14:00,0,0,0,13,26,39
323.0,2017-03-31 13:17:00,0,0,0,13,26,39
323.0,2017-03-31 13:19:00,0,0,0,19,20,39
323.0,2017-03-31 13:22:00,0,0,0,19,20,39
323.0,2017-03-31 13:25:00,0,0,0,19,20,39
323.0,2017-03-31 13:28:00,0,0,0,19,20,39
323.0,2017-03-31 13:31:00,0,0,0,19,20,39
323.0,2017-03-31 13:34:00,0,0,0,19,20,39
323.0,2017-03-31 13:37:00,0,0,0,19,20,39
323.0,2017-03-31 13:40:00,0,0,0,19,20,39
323.0,2017-03-31 13:43:00,0,0,0,19,20,39
323.0,2017-03-31 13:46:00,1,0,-1,18,21,39
323.0,2017-03-31 13:49:00,0,0,0,18,21,39
323.0,2017-03-31 13:52:00,0,0,0,18,21,39
323.0,2017-03-31 13:55:00,0,0,0,18,21,39
323.0,2017-03-31 13:56:00,0,0,0,18,21,39
323.0,2017-03-31 13:59:00,0,0,0,18,21,39
323.0,2017-03-31 14:02:00,0,0,0,18,21,39
323.0,2017-03-31 14:05:00,0,0,0,18,21,39
323.0,2017-03-31 14:08:00,0,0,0,18,21,39
323.0,2017-03-31 14:11:00,0,0,0,18,21,39
323.0,2017-03-31 14:14:00,0,0,0,18,21,39
323.0,2017-03-31 14:17:00,0,0,0,18,21,39
323.0,2017-03-31 14:20:00,0,0,0,18,21,39
323.0,2017-03-31 14:23:00,0,0,0,18,21,39
323.0,2017-03-31 14:26:00,0,0,0,18,21,39
323.0,2017-03-31 14:29:00,0,0,0,18,21,39
323.0,2017-03-31 14:32:00,0,0,0,18,21,39
323.0,2017-03-31 14:34:00,0,0,0,18,21,39
323.0,2017-03-31 14:37:00,0,0,0,18,21,39
323.0,2017-03-31 14:40:00,0,0,0,18,21,39
323.0,2017-03-31 14:43:00,0,0,0,18,21,39
323.0,2017-03-31 14:46:00,0,0,0,18,21,39
323.0,2017-03-31 14:49:00,0,0,0,18,21,39
323.0,2017-03-31 14:52:00,0,0,0,18,21,39
323.0,2017-03-31 14:55:00,0,0,0,18,21,39
323.0,2017-03-31 14:58:00,0,0,0,18,21,39
323.0,2017-03-31 15:01:00,0,0,0,18,21,39
323.0,2017-03-31 15:04:00,0,0,0,18,21,39
323.0,2017-03-31 15:07:00,0,0,0,18,21,39
323.0,2017-03-31 15:10:00,0,0,0,18,21,39
323.0,2017-03-31 15:13:00,0,0,0,18,21,39
323.0,2017-03-31 15:16:00,0,0,0,18,21,39
323.0,2017-03-31 15:19:00,0,0,0,18,21,39
323.0,2017-03-31 15:22:00,0,0,0,18,21,39
323.0,2017-03-31 15:25:00,0,0,0,18,21,39
323.0,2017-03-31 15:28:00,0,0,0,18,21,39
323.0,2017-03-31 15:31:00,0,0,0,18,21,39
323.0,2017-03-31 15:34:00,0,0,0,18,21,39
323.0,2017-03-31 15:37:00,0,0,0,18,21,39
323.0,2017-03-31 15:40:00,0,0,0,18,21,39
323.0,2017-03-31 15:43:00,0,0,0,18,21,39
323.0,2017-03-31 15:46:00,0,0,0,18,21,39
323.0,2017-03-31 15:49:00,0,0,0,18,21,39
323.0,2017-03-31 15:52:00,0,0,0,18,21,39
323.0,2017-03-31 15:55:00,0,0,0,18,21,39
323.0,2017-03-31 15:58:00,0,0,0,18,21,39
323.0,2017-03-31 16:01:00,0,0,0,18,21,39
323.0,2017-03-31 16:04:00,0,0,0,18,21,39
323.0,2017-03-31 16:07:00,0,0,0,18,21,39
323.0,2017-03-31 16:10:00,0,0,0,18,21,39
323.0,2017-03-31 16:13:00,0,0,0,18,21,39
323.0,2017-03-31 16:16:00,0,0,0,18,21,39
323.0,2017-03-31 16:19:00,1,0,-1,17,22,39
323.0,2017-03-31 16:22:00,0,0,0,17,22,39
323.0,2017-03-31 16:25:00,0,0,0,17,22,39
323.0,2017-03-31 16:28:00,0,0,0,17,22,39
323.0,2017-03-31 16:31:00,2,0,-2,15,24,39
323.0,2017-03-31 16:34:00,0,0,0,15,24,39
323.0,2017-03-31 16:37:00,0,0,0,15,24,39
323.0,2017-03-31 16:40:00,0,0,0,15,24,39
323.0,2017-03-31 16:43:00,0,0,0,15,24,39
323.0,2017-03-31 16:46:00,0,0,0,15,24,39
323.0,2017-03-31 16:49:00,1,0,-1,14,25,39
323.0,2017-03-31 16:52:00,0,0,0,14,25,39
323.0,2017-03-31 16:55:00,0,0,0,14,25,39
323.0,2017-03-31 16:58:00,0,0,0,14,25,39
323.0,2017-03-31 17:01:00,0,0,0,14,25,39
323.0,2017-03-31 17:04:00,0,0,0,14,25,39
323.0,2017-03-31 17:07:00,0,0,0,14,25,39
323.0,2017-03-31 17:10:00,0,0,0,14,25,39
323.0,2017-03-31 17:13:00,0,0,0,14,25,39
323.0,2017-03-31 17:16:00,0,0,0,14,25,39
323.0,2017-03-31 17:19:00,0,0,0,14,25,39
323.0,2017-03-31 17:22:00,0,0,0,14,25,39
323.0,2017-03-31 17:25:00,1,0,-1,13,26,39
323.0,2017-03-31 17:28:00,0,0,0,13,26,39
323.0,2017-03-31 17:31:00,0,0,0,13,26,39
323.0,2017-03-31 17:34:00,0,0,0,13,26,39
323.0,2017-03-31 17:37:00,0,0,0,13,26,39
323.0,2017-03-31 17:40:00,0,0,0,13,26,39
323.0,2017-03-31 17:43:00,0,0,0,13,26,39
323.0,2017-03-31 17:46:00,0,0,0,13,26,39
323.0,2017-03-31 17:49:00,0,0,0,13,26,39
323.0,2017-03-31 17:52:00,0,0,0,13,26,39
323.0,2017-03-31 17:55:00,0,0,0,13,26,39
323.0,2017-03-31 17:58:00,0,0,0,13,26,39
323.0,2017-03-31 18:01:00,0,0,0,13,26,39
323.0,2017-03-31 18:04:00,0,0,0,13,26,39
323.0,2017-03-31 18:07:00,0,0,0,13,26,39
323.0,2017-03-31 18:10:00,0,0,0,13,26,39
323.0,2017-03-31 18:13:00,0,0,0,13,26,39
323.0,2017-03-31 18:16:00,1,0,-1,12,27,39
323.0,2017-03-31 18:19:00,0,0,0,12,27,39
323.0,2017-03-31 18:22:00,0,0,0,12,27,39
323.0,2017-03-31 18:25:00,0,0,0,12,27,39
323.0,2017-03-31 18:28:00,0,0,0,12,27,39
323.0,2017-03-31 18:31:00,0,0,0,12,27,39
323.0,2017-03-31 18:34:00,0,0,0,12,27,39
323.0,2017-03-31 18:37:00,0,0,0,12,27,39
323.0,2017-03-31 18:40:00,0,0,0,12,27,39
323.0,2017-03-31 18:43:00,0,0,0,12,27,39
323.0,2017-03-31 18:46:00,0,0,0,12,27,39
323.0,2017-03-31 18:49:00,0,0,0,12,27,39
323.0,2017-03-31 18:52:00,1,0,-1,11,28,39
323.0,2017-03-31 18:55:00,0,0,0,11,28,39
323.0,2017-03-31 18:58:00,1,0,-1,10,29,39
323.0,2017-03-31 19:01:00,0,0,0,10,29,39
323.0,2017-03-31 19:04:00,0,0,0,10,29,39
323.0,2017-03-31 19:07:00,0,0,0,10,29,39
323.0,2017-03-31 19:10:00,0,0,0,10,29,39
323.0,2017-03-31 19:13:00,0,0,0,10,29,39
323.0,2017-03-31 19:16:00,0,0,0,10,29,39
323.0,2017-03-31 19:19:00,0,0,0,10,29,39
323.0,2017-03-31 19:22:00,0,0,0,10,29,39
323.0,2017-03-31 19:25:00,0,0,0,10,29,39
323.0,2017-03-31 19:28:00,0,0,0,10,29,39
323.0,2017-03-31 19:31:00,0,0,0,10,29,39
323.0,2017-03-31 19:34:00,0,0,0,10,29,39
323.0,2017-03-31 19:37:00,0,0,0,10,29,39
323.0,2017-03-31 19:40:00,0,0,0,10,29,39
323.0,2017-03-31 19:43:00,0,0,0,10,29,39
323.0,2017-03-31 19:46:00,0,0,0,10,29,39
323.0,2017-03-31 19:49:00,0,0,0,10,29,39
323.0,2017-03-31 19:52:00,0,0,0,10,29,39
323.0,2017-03-31 19:55:00,0,0,0,10,29,39
323.0,2017-03-31 19:58:00,0,0,0,10,29,39
323.0,2017-03-31 20:01:00,0,0,0,10,29,39
323.0,2017-03-31 20:04:00,0,0,0,10,29,39
323.0,2017-03-31 20:07:00,0,0,0,10,29,39
323.0,2017-03-31 20:10:00,0,0,0,10,29,39
323.0,2017-03-31 20:13:00,0,0,0,10,29,39
323.0,2017-03-31 20:16:00,0,0,0,10,29,39
323.0,2017-03-31 20:19:00,0,0,0,10,29,39
323.0,2017-03-31 20:22:00,0,0,0,10,29,39
323.0,2017-03-31 20:25:00,0,0,0,10,29,39
323.0,2017-03-31 20:28:00,0,0,0,10,29,39
323.0,2017-03-31 20:31:00,0,0,0,10,29,39
323.0,2017-03-31 20:34:00,0,0,0,10,29,39
323.0,2017-03-31 20:37:00,0,0,0,10,29,39
323.0,2017-03-31 20:40:00,0,0,0,10,29,39
323.0,2017-03-31 20:43:00,0,0,0,10,29,39
323.0,2017-03-31 20:46:00,0,0,0,10,29,39
323.0,2017-03-31 20:49:00,0,0,0,10,29,39
323.0,2017-03-31 20:52:00,0,0,0,10,29,39
323.0,2017-03-31 20:55:00,0,0,0,10,29,39
323.0,2017-03-31 20:58:00,0,0,0,10,29,39
323.0,2017-03-31 21:01:00,0,0,0,10,29,39
323.0,2017-03-31 21:04:00,0,0,0,10,29,39
323.0,2017-03-31 21:07:00,0,0,0,10,29,39
323.0,2017-03-31 21:10:00,0,0,0,10,29,39
323.0,2017-03-31 21:13:00,0,0,0,10,29,39
323.0,2017-03-31 21:16:00,0,0,0,10,29,39
323.0,2017-03-31 21:19:00,0,0,0,10,29,39
323.0,2017-03-31 21:22:00,0,0,0,10,29,39
323.0,2017-03-31 21:25:00,0,0,0,10,29,39
323.0,2017-03-31 21:28:00,0,0,0,10,29,39
323.0,2017-03-31 21:31:00,0,0,0,10,29,39
323.0,2017-03-31 21:34:00,0,0,0,10,29,39
323.0,2017-03-31 21:37:00,0,0,0,10,29,39
323.0,2017-03-31 21:40:00,0,0,0,10,29,39
323.0,2017-03-31 21:43:00,0,0,0,10,29,39
323.0,2017-03-31 21:46:00,0,0,0,10,29,39
323.0,2017-03-31 21:49:00,0,0,0,10,29,39
323.0,2017-03-31 21:52:00,0,0,0,10,29,39
323.0,2017-03-31 21:55:00,0,0,0,10,29,39
323.0,2017-03-31 21:58:00,0,0,0,10,29,39
323.0,2017-03-31 22:01:00,0,0,0,10,29,39
323.0,2017-03-31 22:04:00,0,0,0,10,29,39
323.0,2017-03-31 22:07:00,0,0,0,10,29,39
323.0,2017-03-31 22:10:00,0,0,0,10,29,39
323.0,2017-03-31 22:13:00,0,0,0,10,29,39
323.0,2017-03-31 22:16:00,0,0,0,10,29,39
323.0,2017-03-31 22:19:00,0,0,0,10,29,39
323.0,2017-03-31 22:22:00,0,0,0,10,29,39
323.0,2017-03-31 22:25:00,0,0,0,10,29,39
323.0,2017-03-31 22:28:00,0,0,0,10,29,39
323.0,2017-03-31 22:31:00,0,0,0,10,29,39
323.0,2017-03-31 22:34:00,0,0,0,10,29,39
323.0,2017-03-31 22:37:00,0,0,0,10,29,39
323.0,2017-03-31 22:40:00,0,0,0,10,29,39
323.0,2017-03-31 22:43:00,0,0,0,10,29,39
323.0,2017-03-31 22:46:00,0,0,0,10,29,39
323.0,2017-03-31 22:49:00,0,0,0,10,29,39
323.0,2017-03-31 22:52:00,0,0,0,10,29,39
323.0,2017-03-31 22:55:00,0,0,0,10,29,39
323.0,2017-03-31 22:58:00,0,0,0,10,29,39
323.0,2017-03-31 23:01:00,0,0,0,10,29,39
323.0,2017-03-31 23:04:00,0,0,0,10,29,39
323.0,2017-03-31 23:07:00,0,0,0,10,29,39
323.0,2017-03-31 23:10:00,0,0,0,10,29,39
323.0,2017-03-31 23:13:00,0,0,0,10,29,39
323.0,2017-03-31 23:16:00,0,0,0,10,29,39
323.0,2017-03-31 23:19:00,0,0,0,10,29,39
323.0,2017-03-31 23:22:00,0,0,0,10,29,39
323.0,2017-03-31 23:25:00,0,0,0,10,29,39
323.0,2017-03-31 23:28:00,0,0,0,10,29,39
323.0,2017-03-31 23:31:00,0,0,0,10,29,39
323.0,2017-03-31 23:34:00,0,0,0,10,29,39
323.0,2017-03-31 23:37:00,0,0,0,10,29,39
323.0,2017-03-31 23:40:00,0,0,0,10,29,39
323.0,2017-03-31 23:43:00,0,0,0,10,29,39
323.0,2017-03-31 23:46:00,0,0,0,10,29,39
323.0,2017-03-31 23:49:00,0,0,0,10,29,39
323.0,2017-03-31 23:52:00,0,0,0,10,29,39
323.0,2017-03-31 23:55:00,0,0,0,10,29,39
323.0,2017-03-31 23:58:00,0,0,0,10,29,39
323.0,2017-04-01 00:01:00,0,0,0,10,29,39
323.0,2017-04-01 00:04:00,0,0,0,10,29,39
323.0,2017-04-01 00:07:00,0,0,0,17,22,39
323.0,2017-04-01 00:10:00,0,0,0,17,22,39
323.0,2017-04-01 00:13:00,0,0,0,17,22,39
323.0,2017-04-01 00:16:00,0,0,0,17,22,39
323.0,2017-04-01 00:19:00,0,0,0,17,22,39
323.0,2017-04-01 00:22:00,0,0,0,17,22,39
323.0,2017-04-01 00:25:00,0,0,0,17,22,39
323.0,2017-04-01 00:28:00,0,0,0,17,22,39
323.0,2017-04-01 00:31:00,0,0,0,17,22,39
323.0,2017-04-01 00:34:00,0,0,0,17,22,39
323.0,2017-04-01 00:37:00,0,0,0,17,22,39
323.0,2017-04-01 00:40:00,0,0,0,17,22,39
323.0,2017-04-01 00:43:00,0,0,0,17,22,39
