target_station_id,nearby_station_id_1,date,hour,period,pickup,dropoff,"is_empty_(0, 0)","is_empty_(0, 1)","is_empty_(1, 0)","is_empty_(1, 1)","is_full_(0, 0)","is_full_(0, 1)","is_full_(1, 0)","is_full_(1, 1)"
3163,3165,2017-01-01,1,1,0,0,9,0,0,0,9,0,0,0
3163,3165,2017-01-01,1,2,1,1,30,0,0,0,30,0,0,0
3163,3165,2017-01-01,2,1,0,0,30,0,0,0,30,0,0,0
3163,3165,2017-01-01,2,2,0,0,30,0,0,0,30,0,0,0
3163,3165,2017-01-01,3,1,1,0,30,0,0,0,30,0,0,0
3163,3165,2017-01-01,3,2,0,0,30,0,0,0,30,0,0,0
3163,3165,2017-01-01,4,1,0,0,30,0,0,0,30,0,0,0
3163,3165,2017-01-01,4,2,0,0,30,0,0,0,30,0,0,0
3163,3165,2017-01-01,5,1,0,0,30,0,0,0,30,0,0,0
3163,3165,2017-01-01,5,2,0,0,30,0,0,0,30,0,0,0
3163,3165,2017-01-01,6,1,0,0,30,0,0,0,30,0,0,0
3163,3165,2017-01-01,6,2,0,0,30,0,0,0,30,0,0,0
3163,3165,2017-01-01,7,1,1,0,30,0,0,0,30,0,0,0
3163,3165,2017-01-01,7,2,1,0,30,0,0,0,30,0,0,0
3163,3165,2017-01-01,8,1,0,0,30,0,0,0,30,0,0,0
3163,3165,2017-01-01,8,2,0,3,30,0,0,0,30,0,0,0
3163,3165,2017-01-01,9,1,6,2,30,0,0,0,30,0,0,0
3163,3165,2017-01-01,9,2,0,0,30,0,0,0,30,0,0,0
3163,3165,2017-01-01,10,1,0,1,30,0,0,0,30,0,0,0
3163,3165,2017-01-01,10,2,0,0,30,0,0,0,30,0,0,0
3163,3165,2017-01-01,11,1,0,1,30,0,0,0,30,0,0,0
3163,3165,2017-01-01,11,2,4,0,30,0,0,0,30,0,0,0
3163,3165,2017-01-01,12,1,13,0,30,0,0,0,18,12,0,0
3163,3165,2017-01-01,12,2,1,7,30,0,0,0,21,9,0,0
3163,3165,2017-01-01,13,1,3,4,30,0,0,0,30,0,0,0
3163,3165,2017-01-01,13,2,4,1,30,0,0,0,30,0,0,0
3163,3165,2017-01-01,14,1,7,9,30,0,0,0,23,7,0,0
3163,3165,2017-01-01,14,2,7,5,30,0,0,0,30,0,0,0
3163,3165,2017-01-01,15,1,4,9,30,0,0,0,30,0,0,0
3163,3165,2017-01-01,15,2,6,4,30,0,0,0,30,0,0,0
3163,3165,2017-01-01,16,1,3,3,30,0,0,0,30,0,0,0
3163,3165,2017-01-01,16,2,2,1,30,0,0,0,30,0,0,0
3163,3165,2017-01-01,17,1,5,2,30,0,0,0,30,0,0,0
3163,3165,2017-01-01,17,2,7,8,30,0,0,0,30,0,0,0
3163,3165,2017-01-01,18,1,0,1,30,0,0,0,30,0,0,0
3163,3165,2017-01-01,18,2,1,0,30,0,0,0,30,0,0,0
3163,3165,2017-01-01,19,1,0,1,30,0,0,0,30,0,0,0
3163,3165,2017-01-01,19,2,1,2,30,0,0,0,30,0,0,0
3163,3165,2017-01-01,20,1,0,1,30,0,0,0,30,0,0,0
3163,3165,2017-01-01,20,2,0,0,30,0,0,0,30,0,0,0
3163,3165,2017-01-01,21,1,1,0,30,0,0,0,30,0,0,0
3163,3165,2017-01-01,21,2,1,1,30,0,0,0,30,0,0,0
3163,3165,2017-01-01,22,1,1,0,30,0,0,0,30,0,0,0
3163,3165,2017-01-01,22,2,0,0,30,0,0,0,30,0,0,0
3163,3165,2017-01-01,23,1,0,0,30,0,0,0,30,0,0,0
3163,3165,2017-01-01,23,2,0,0,30,0,0,0,30,0,0,0
3163,3165,2017-01-02,0,1,0,0,30,0,0,0,30,0,0,0
3163,3165,2017-01-02,0,2,0,0,30,0,0,0,30,0,0,0
3163,3165,2017-01-02,1,1,1,0,30,0,0,0,30,0,0,0
3163,3165,2017-01-02,1,2,0,0,30,0,0,0,30,0,0,0
3163,3165,2017-01-02,2,1,0,0,30,0,0,0,30,0,0,0
3163,3165,2017-01-02,2,2,0,0,30,0,0,0,30,0,0,0
3163,3165,2017-01-02,3,1,0,0,30,0,0,0,30,0,0,0
3163,3165,2017-01-02,3,2,0,0,30,0,0,0,30,0,0,0
3163,3165,2017-01-02,4,1,0,0,30,0,0,0,30,0,0,0
3163,3165,2017-01-02,4,2,0,0,30,0,0,0,30,0,0,0
3163,3165,2017-01-02,5,1,0,0,30,0,0,0,30,0,0,0
3163,3165,2017-01-02,5,2,0,0,30,0,0,0,30,0,0,0
3163,3165,2017-01-02,6,1,0,0,30,0,0,0,30,0,0,0
3163,3165,2017-01-02,6,2,0,1,30,0,0,0,30,0,0,0
3163,3165,2017-01-02,7,1,0,0,30,0,0,0,30,0,0,0
3163,3165,2017-01-02,7,2,0,0,30,0,0,0,30,0,0,0
3163,3165,2017-01-02,8,1,2,0,30,0,0,0,30,0,0,0
3163,3165,2017-01-02,8,2,0,1,30,0,0,0,30,0,0,0
3163,3165,2017-01-02,9,1,0,0,30,0,0,0,30,0,0,0
3163,3165,2017-01-02,9,2,1,0,30,0,0,0,30,0,0,0
3163,3165,2017-01-02,10,1,1,0,30,0,0,0,30,0,0,0
3163,3165,2017-01-02,10,2,2,0,30,0,0,0,30,0,0,0
3163,3165,2017-01-02,11,1,4,1,30,0,0,0,30,0,0,0
3163,3165,2017-01-02,11,2,1,1,30,0,0,0,30,0,0,0
3163,3165,2017-01-02,12,1,2,1,30,0,0,0,30,0,0,0
3163,3165,2017-01-02,12,2,1,0,30,0,0,0,30,0,0,0
3163,3165,2017-01-02,13,1,0,1,30,0,0,0,30,0,0,0
3163,3165,2017-01-02,13,2,0,0,30,0,0,0,30,0,0,0
3163,3165,2017-01-02,14,1,0,1,30,0,0,0,30,0,0,0
3163,3165,2017-01-02,14,2,0,1,30,0,0,0,30,0,0,0
3163,3165,2017-01-02,15,1,0,0,30,0,0,0,30,0,0,0
3163,3165,2017-01-02,15,2,0,0,30,0,0,0,30,0,0,0
3163,3165,2017-01-02,16,1,0,0,30,0,0,0,30,0,0,0
3163,3165,2017-01-02,16,2,0,0,30,0,0,0,30,0,0,0
3163,3165,2017-01-02,17,1,0,0,30,0,0,0,30,0,0,0
3163,3165,2017-01-02,17,2,0,0,30,0,0,0,30,0,0,0
3163,3165,2017-01-02,18,1,0,1,30,0,0,0,30,0,0,0
3163,3165,2017-01-02,18,2,0,0,30,0,0,0,30,0,0,0
3163,3165,2017-01-02,19,1,0,0,30,0,0,0,30,0,0,0
3163,3165,2017-01-02,19,2,1,0,30,0,0,0,30,0,0,0
3163,3165,2017-01-02,20,1,0,0,30,0,0,0,30,0,0,0
3163,3165,2017-01-02,20,2,0,0,30,0,0,0,30,0,0,0
3163,3165,2017-01-02,21,1,1,0,30,0,0,0,30,0,0,0
3163,3165,2017-01-02,21,2,0,0,30,0,0,0,30,0,0,0
3163,3165,2017-01-02,22,1,0,0,30,0,0,0,30,0,0,0
3163,3165,2017-01-02,22,2,1,1,30,0,0,0,30,0,0,0
3163,3165,2017-01-02,23,1,0,0,30,0,0,0,30,0,0,0
3163,3165,2017-01-02,23,2,0,0,30,0,0,0,30,0,0,0
3163,3165,2017-01-03,0,1,0,0,30,0,0,0,30,0,0,0
3163,3165,2017-01-03,0,2,0,0,30,0,0,0,30,0,0,0
3163,3165,2017-01-03,1,1,0,0,30,0,0,0,30,0,0,0
3163,3165,2017-01-03,1,2,0,0,30,0,0,0,30,0,0,0
3163,3165,2017-01-03,2,1,0,0,30,0,0,0,30,0,0,0
3163,3165,2017-01-03,2,2,0,0,30,0,0,0,30,0,0,0
3163,3165,2017-01-03,3,1,0,0,30,0,0,0,30,0,0,0
3163,3165,2017-01-03,3,2,0,0,30,0,0,0,30,0,0,0
3163,3165,2017-01-03,4,1,0,0,30,0,0,0,30,0,0,0
3163,3165,2017-01-03,4,2,0,0,30,0,0,0,30,0,0,0
3163,3165,2017-01-03,5,1,0,0,30,0,0,0,30,0,0,0
3163,3165,2017-01-03,5,2,0,0,30,0,0,0,30,0,0,0
3163,3165,2017-01-03,6,1,0,0,30,0,0,0,30,0,0,0
3163,3165,2017-01-03,6,2,0,1,30,0,0,0,30,0,0,0
3163,3165,2017-01-03,7,1,2,1,30,0,0,0,30,0,0,0
3163,3165,2017-01-03,7,2,5,0,30,0,0,0,30,0,0,0
3163,3165,2017-01-03,8,1,1,0,30,0,0,0,30,0,0,0
3163,3165,2017-01-03,8,2,1,3,30,0,0,0,30,0,0,0
3163,3165,2017-01-03,9,1,1,2,30,0,0,0,30,0,0,0
3163,3165,2017-01-03,9,2,0,0,30,0,0,0,30,0,0,0
3163,3165,2017-01-03,10,1,0,1,30,0,0,0,30,0,0,0
3163,3165,2017-01-03,10,2,1,0,30,0,0,0,30,0,0,0
3163,3165,2017-01-03,11,1,0,0,30,0,0,0,30,0,0,0
3163,3165,2017-01-03,11,2,0,0,30,0,0,0,30,0,0,0
3163,3165,2017-01-03,12,1,2,0,30,0,0,0,30,0,0,0
3163,3165,2017-01-03,12,2,1,0,30,0,0,0,30,0,0,0
3163,3165,2017-01-03,13,1,0,0,30,0,0,0,30,0,0,0
3163,3165,2017-01-03,13,2,0,1,30,0,0,0,30,0,0,0
3163,3165,2017-01-03,14,1,0,0,30,0,0,0,30,0,0,0
3163,3165,2017-01-03,14,2,0,0,30,0,0,0,30,0,0,0
3163,3165,2017-01-03,15,1,0,0,30,0,0,0,30,0,0,0
3163,3165,2017-01-03,15,2,0,0,30,0,0,0,30,0,0,0
3163,3165,2017-01-03,16,1,0,0,30,0,0,0,30,0,0,0
3163,3165,2017-01-03,16,2,0,0,30,0,0,0,30,0,0,0
3163,3165,2017-01-03,17,1,0,0,30,0,0,0,30,0,0,0
3163,3165,2017-01-03,17,2,2,1,30,0,0,0,30,0,0,0
3163,3165,2017-01-03,18,1,0,0,30,0,0,0,30,0,0,0
3163,3165,2017-01-03,18,2,0,1,30,0,0,0,30,0,0,0
3163,3165,2017-01-03,19,1,0,0,30,0,0,0,30,0,0,0
3163,3165,2017-01-03,19,2,1,0,30,0,0,0,30,0,0,0
3163,3165,2017-01-03,20,1,0,0,30,0,0,0,30,0,0,0
3163,3165,2017-01-03,20,2,0,0,30,0,0,0,30,0,0,0
3163,3165,2017-01-03,21,1,0,0,30,0,0,0,30,0,0,0
3163,3165,2017-01-03,21,2,0,0,30,0,0,0,30,0,0,0
3163,3165,2017-01-03,22,1,1,0,30,0,0,0,30,0,0,0
3163,3165,2017-01-03,22,2,0,0,30,0,0,0,30,0,0,0
3163,3165,2017-01-03,23,1,0,1,30,0,0,0,30,0,0,0
3163,3165,2017-01-03,23,2,0,0,30,0,0,0,30,0,0,0
3163,3165,2017-01-04,0,1,0,0,30,0,0,0,30,0,0,0
3163,3165,2017-01-04,0,2,1,0,30,0,0,0,30,0,0,0
3163,3165,2017-01-04,1,1,0,0,30,0,0,0,30,0,0,0
3163,3165,2017-01-04,1,2,0,0,30,0,0,0,30,0,0,0
3163,3165,2017-01-04,2,1,0,0,30,0,0,0,30,0,0,0
3163,3165,2017-01-04,2,2,0,0,30,0,0,0,30,0,0,0
3163,3165,2017-01-04,3,1,0,0,30,0,0,0,30,0,0,0
3163,3165,2017-01-04,3,2,0,0,30,0,0,0,30,0,0,0
3163,3165,2017-01-04,4,1,0,0,30,0,0,0,30,0,0,0
3163,3165,2017-01-04,4,2,0,0,30,0,0,0,30,0,0,0
3163,3165,2017-01-04,5,1,1,0,30,0,0,0,30,0,0,0
3163,3165,2017-01-04,5,2,1,0,30,0,0,0,30,0,0,0
3163,3165,2017-01-04,6,1,0,0,30,0,0,0,30,0,0,0
3163,3165,2017-01-04,6,2,1,0,30,0,0,0,30,0,0,0
3163,3165,2017-01-04,7,1,1,0,30,0,0,0,30,0,0,0
3163,3165,2017-01-04,7,2,3,0,30,0,0,0,30,0,0,0
3163,3165,2017-01-04,8,1,3,1,30,0,0,0,30,0,0,0
3163,3165,2017-01-04,8,2,5,5,30,0,0,0,30,0,0,0
3163,3165,2017-01-04,9,1,3,3,30,0,0,0,30,0,0,0
3163,3165,2017-01-04,9,2,2,1,30,0,0,0,30,0,0,0
3163,3165,2017-01-04,10,1,3,1,30,0,0,0,30,0,0,0
3163,3165,2017-01-04,10,2,5,1,30,0,0,0,30,0,0,0
3163,3165,2017-01-04,11,1,1,2,30,0,0,0,30,0,0,0
3163,3165,2017-01-04,11,2,2,1,30,0,0,0,30,0,0,0
3163,3165,2017-01-04,12,1,1,4,30,0,0,0,30,0,0,0
3163,3165,2017-01-04,12,2,2,0,30,0,0,0,30,0,0,0
3163,3165,2017-01-04,13,1,0,0,30,0,0,0,30,0,0,0
3163,3165,2017-01-04,13,2,3,4,30,0,0,0,30,0,0,0
3163,3165,2017-01-04,14,1,4,1,30,0,0,0,30,0,0,0
3163,3165,2017-01-04,14,2,0,0,30,0,0,0,30,0,0,0
3163,3165,2017-01-04,15,1,4,5,30,0,0,0,30,0,0,0
3163,3165,2017-01-04,15,2,3,1,30,0,0,0,30,0,0,0
3163,3165,2017-01-04,16,1,4,1,30,0,0,0,30,0,0,0
3163,3165,2017-01-04,16,2,0,3,30,0,0,0,30,0,0,0
3163,3165,2017-01-04,17,1,2,1,30,0,0,0,30,0,0,0
3163,3165,2017-01-04,17,2,0,4,30,0,0,0,30,0,0,0
3163,3165,2017-01-04,18,1,3,3,30,0,0,0,30,0,0,0
3163,3165,2017-01-04,18,2,2,3,30,0,0,0,30,0,0,0
3163,3165,2017-01-04,19,1,1,3,30,0,0,0,30,0,0,0
3163,3165,2017-01-04,19,2,3,1,30,0,0,0,30,0,0,0
3163,3165,2017-01-04,20,1,2,0,30,0,0,0,30,0,0,0
3163,3165,2017-01-04,20,2,1,2,30,0,0,0,30,0,0,0
3163,3165,2017-01-04,21,1,0,2,30,0,0,0,30,0,0,0
3163,3165,2017-01-04,21,2,0,0,30,0,0,0,30,0,0,0
3163,3165,2017-01-04,22,1,0,0,30,0,0,0,30,0,0,0
3163,3165,2017-01-04,22,2,0,1,30,0,0,0,30,0,0,0
3163,3165,2017-01-04,23,1,0,1,30,0,0,0,30,0,0,0
3163,3165,2017-01-04,23,2,0,1,30,0,0,0,30,0,0,0
3163,3165,2017-01-05,0,1,0,2,30,0,0,0,30,0,0,0
3163,3165,2017-01-05,0,2,2,1,30,0,0,0,30,0,0,0
3163,3165,2017-01-05,1,1,1,0,30,0,0,0,30,0,0,0
3163,3165,2017-01-05,1,2,0,0,30,0,0,0,30,0,0,0
3163,3165,2017-01-05,2,1,0,0,30,0,0,0,30,0,0,0
3163,3165,2017-01-05,2,2,0,0,30,0,0,0,30,0,0,0
3163,3165,2017-01-05,3,1,0,0,30,0,0,0,30,0,0,0
3163,3165,2017-01-05,3,2,0,0,30,0,0,0,30,0,0,0
3163,3165,2017-01-05,4,1,0,0,30,0,0,0,30,0,0,0
3163,3165,2017-01-05,4,2,0,0,30,0,0,0,30,0,0,0
3163,3165,2017-01-05,5,1,0,0,30,0,0,0,30,0,0,0
3163,3165,2017-01-05,5,2,1,0,30,0,0,0,30,0,0,0
3163,3165,2017-01-05,6,1,0,0,30,0,0,0,30,0,0,0
3163,3165,2017-01-05,6,2,1,4,30,0,0,0,30,0,0,0
3163,3165,2017-01-05,7,1,2,0,30,0,0,0,30,0,0,0
3163,3165,2017-01-05,7,2,4,1,30,0,0,0,30,0,0,0
3163,3165,2017-01-05,8,1,3,1,30,0,0,0,30,0,0,0
3163,3165,2017-01-05,8,2,4,1,30,0,0,0,30,0,0,0
3163,3165,2017-01-05,9,1,2,3,30,0,0,0,30,0,0,0
3163,3165,2017-01-05,9,2,0,3,30,0,0,0,30,0,0,0
3163,3165,2017-01-05,10,1,0,1,30,0,0,0,30,0,0,0
3163,3165,2017-01-05,10,2,1,2,30,0,0,0,30,0,0,0
3163,3165,2017-01-05,11,1,2,1,30,0,0,0,30,0,0,0
3163,3165,2017-01-05,11,2,2,1,30,0,0,0,30,0,0,0
3163,3165,2017-01-05,12,1,2,1,30,0,0,0,30,0,0,0
3163,3165,2017-01-05,12,2,0,1,30,0,0,0,30,0,0,0
3163,3165,2017-01-05,13,1,1,1,30,0,0,0,30,0,0,0
3163,3165,2017-01-05,13,2,0,2,30,0,0,0,30,0,0,0
3163,3165,2017-01-05,14,1,0,1,30,0,0,0,30,0,0,0
3163,3165,2017-01-05,14,2,2,2,30,0,0,0,30,0,0,0
3163,3165,2017-01-05,15,1,3,0,30,0,0,0,30,0,0,0
3163,3165,2017-01-05,15,2,1,1,30,0,0,0,30,0,0,0
3163,3165,2017-01-05,16,1,1,3,30,0,0,0,30,0,0,0
3163,3165,2017-01-05,16,2,3,3,30,0,0,0,30,0,0,0
3163,3165,2017-01-05,17,1,3,4,30,0,0,0,30,0,0,0
3163,3165,2017-01-05,17,2,1,1,30,0,0,0,30,0,0,0
3163,3165,2017-01-05,18,1,3,0,30,0,0,0,30,0,0,0
3163,3165,2017-01-05,18,2,3,3,30,0,0,0,30,0,0,0
3163,3165,2017-01-05,19,1,0,3,30,0,0,0,30,0,0,0
3163,3165,2017-01-05,19,2,2,2,30,0,0,0,30,0,0,0
3163,3165,2017-01-05,20,1,1,0,30,0,0,0,30,0,0,0
3163,3165,2017-01-05,20,2,2,0,30,0,0,0,30,0,0,0
3163,3165,2017-01-05,21,1,1,0,30,0,0,0,30,0,0,0
3163,3165,2017-01-05,21,2,1,1,30,0,0,0,30,0,0,0
3163,3165,2017-01-05,22,1,2,2,30,0,0,0,30,0,0,0
3163,3165,2017-01-05,22,2,0,0,30,0,0,0,30,0,0,0
3163,3165,2017-01-05,23,1,0,0,30,0,0,0,30,0,0,0
3163,3165,2017-01-05,23,2,0,0,30,0,0,0,30,0,0,0
3163,3165,2017-01-06,0,1,1,0,30,0,0,0,30,0,0,0
3163,3165,2017-01-06,0,2,3,0,30,0,0,0,30,0,0,0
3163,3165,2017-01-06,1,1,0,0,30,0,0,0,30,0,0,0
3163,3165,2017-01-06,1,2,0,0,30,0,0,0,30,0,0,0
3163,3165,2017-01-06,2,1,0,0,30,0,0,0,30,0,0,0
3163,3165,2017-01-06,2,2,0,0,30,0,0,0,30,0,0,0
3163,3165,2017-01-06,3,1,0,0,30,0,0,0,30,0,0,0
3163,3165,2017-01-06,3,2,0,0,30,0,0,0,30,0,0,0
3163,3165,2017-01-06,4,1,0,0,30,0,0,0,30,0,0,0
3163,3165,2017-01-06,4,2,0,0,30,0,0,0,30,0,0,0
3163,3165,2017-01-06,5,1,0,0,30,0,0,0,30,0,0,0
3163,3165,2017-01-06,5,2,0,0,30,0,0,0,30,0,0,0
3163,3165,2017-01-06,6,1,0,0,30,0,0,0,30,0,0,0
3163,3165,2017-01-06,6,2,0,0,30,0,0,0,30,0,0,0
3163,3165,2017-01-06,7,1,0,1,30,0,0,0,30,0,0,0
3163,3165,2017-01-06,7,2,1,2,30,0,0,0,30,0,0,0
3163,3165,2017-01-06,8,1,0,1,30,0,0,0,30,0,0,0
3163,3165,2017-01-06,8,2,1,3,30,0,0,0,30,0,0,0
3163,3165,2017-01-06,9,1,3,2,30,0,0,0,30,0,0,0
3163,3165,2017-01-06,9,2,3,0,30,0,0,0,30,0,0,0
3163,3165,2017-01-06,10,1,0,1,30,0,0,0,30,0,0,0
3163,3165,2017-01-06,10,2,1,2,30,0,0,0,30,0,0,0
3163,3165,2017-01-06,11,1,4,2,30,0,0,0,30,0,0,0
3163,3165,2017-01-06,11,2,0,0,30,0,0,0,30,0,0,0
3163,3165,2017-01-06,12,1,0,3,30,0,0,0,30,0,0,0
3163,3165,2017-01-06,12,2,2,0,30,0,0,0,30,0,0,0
3163,3165,2017-01-06,13,1,1,0,30,0,0,0,30,0,0,0
3163,3165,2017-01-06,13,2,0,0,30,0,0,0,30,0,0,0
3163,3165,2017-01-06,14,1,4,1,30,0,0,0,30,0,0,0
3163,3165,2017-01-06,14,2,1,2,30,0,0,0,30,0,0,0
3163,3165,2017-01-06,15,1,2,1,30,0,0,0,30,0,0,0
3163,3165,2017-01-06,15,2,3,0,30,0,0,0,30,0,0,0
3163,3165,2017-01-06,16,1,4,2,30,0,0,0,30,0,0,0
3163,3165,2017-01-06,16,2,1,0,30,0,0,0,30,0,0,0
3163,3165,2017-01-06,17,1,0,1,30,0,0,0,30,0,0,0
3163,3165,2017-01-06,17,2,2,0,30,0,0,0,30,0,0,0
3163,3165,2017-01-06,18,1,2,1,30,0,0,0,30,0,0,0
3163,3165,2017-01-06,18,2,3,2,30,0,0,0,30,0,0,0
3163,3165,2017-01-06,19,1,1,1,30,0,0,0,30,0,0,0
3163,3165,2017-01-06,19,2,3,0,30,0,0,0,30,0,0,0
3163,3165,2017-01-06,20,1,0,0,30,0,0,0,30,0,0,0
3163,3165,2017-01-06,20,2,1,0,30,0,0,0,30,0,0,0
3163,3165,2017-01-06,21,1,0,0,30,0,0,0,30,0,0,0
3163,3165,2017-01-06,21,2,1,1,30,0,0,0,30,0,0,0
3163,3165,2017-01-06,22,1,1,0,30,0,0,0,30,0,0,0
3163,3165,2017-01-06,22,2,0,0,30,0,0,0,30,0,0,0
3163,3165,2017-01-06,23,1,0,0,30,0,0,0,30,0,0,0
3163,3165,2017-01-06,23,2,0,0,30,0,0,0,30,0,0,0
3163,3165,2017-01-07,0,1,0,1,30,0,0,0,30,0,0,0
3163,3165,2017-01-07,0,2,1,0,30,0,0,0,30,0,0,0
3163,3165,2017-01-07,1,1,0,0,30,0,0,0,30,0,0,0
3163,3165,2017-01-07,1,2,1,0,30,0,0,0,30,0,0,0
3163,3165,2017-01-07,2,1,0,0,30,0,0,0,30,0,0,0
3163,3165,2017-01-07,2,2,0,0,30,0,0,0,30,0,0,0
3163,3165,2017-01-07,3,1,0,0,30,0,0,0,30,0,0,0
3163,3165,2017-01-07,3,2,0,0,30,0,0,0,30,0,0,0
3163,3165,2017-01-07,4,1,0,0,30,0,0,0,30,0,0,0
3163,3165,2017-01-07,4,2,0,0,30,0,0,0,30,0,0,0
3163,3165,2017-01-07,5,1,0,0,30,0,0,0,30,0,0,0
3163,3165,2017-01-07,5,2,0,0,30,0,0,0,30,0,0,0
3163,3165,2017-01-07,6,1,0,0,30,0,0,0,30,0,0,0
3163,3165,2017-01-07,6,2,0,0,30,0,0,0,30,0,0,0
3163,3165,2017-01-07,7,1,0,1,30,0,0,0,30,0,0,0
3163,3165,2017-01-07,7,2,1,0,30,0,0,0,30,0,0,0
3163,3165,2017-01-07,8,1,0,0,30,0,0,0,30,0,0,0
3163,3165,2017-01-07,8,2,0,0,30,0,0,0,30,0,0,0
3163,3165,2017-01-07,9,1,0,0,30,0,0,0,30,0,0,0
3163,3165,2017-01-07,9,2,0,0,30,0,0,0,30,0,0,0
3163,3165,2017-01-07,10,1,0,0,30,0,0,0,30,0,0,0
3163,3165,2017-01-07,10,2,0,0,30,0,0,0,30,0,0,0
3163,3165,2017-01-07,11,1,0,0,30,0,0,0,30,0,0,0
3163,3165,2017-01-07,11,2,0,0,30,0,0,0,30,0,0,0
3163,3165,2017-01-07,12,1,1,1,30,0,0,0,30,0,0,0
3163,3165,2017-01-07,12,2,0,1,30,0,0,0,30,0,0,0
3163,3165,2017-01-07,13,1,0,0,30,0,0,0,30,0,0,0
3163,3165,2017-01-07,13,2,0,1,30,0,0,0,30,0,0,0
3163,3165,2017-01-07,14,1,1,0,30,0,0,0,30,0,0,0
3163,3165,2017-01-07,14,2,0,0,30,0,0,0,30,0,0,0
3163,3165,2017-01-07,15,1,0,1,30,0,0,0,30,0,0,0
3163,3165,2017-01-07,15,2,0,0,30,0,0,0,30,0,0,0
3163,3165,2017-01-07,16,1,0,2,30,0,0,0,30,0,0,0
3163,3165,2017-01-07,16,2,0,0,30,0,0,0,30,0,0,0
3163,3165,2017-01-07,17,1,0,0,30,0,0,0,30,0,0,0
3163,3165,2017-01-07,17,2,0,0,30,0,0,0,30,0,0,0
3163,3165,2017-01-07,18,1,0,0,30,0,0,0,30,0,0,0
3163,3165,2017-01-07,18,2,0,0,30,0,0,0,30,0,0,0
3163,3165,2017-01-07,19,1,0,0,30,0,0,0,30,0,0,0
3163,3165,2017-01-07,19,2,0,0,30,0,0,0,30,0,0,0
3163,3165,2017-01-07,20,1,0,2,30,0,0,0,30,0,0,0
3163,3165,2017-01-07,20,2,0,0,30,0,0,0,30,0,0,0
3163,3165,2017-01-07,21,1,0,0,30,0,0,0,30,0,0,0
3163,3165,2017-01-07,21,2,0,0,30,0,0,0,30,0,0,0
3163,3165,2017-01-07,22,1,0,0,30,0,0,0,30,0,0,0
3163,3165,2017-01-07,22,2,0,0,30,0,0,0,30,0,0,0
3163,3165,2017-01-07,23,1,0,0,30,0,0,0,30,0,0,0
3163,3165,2017-01-07,23,2,0,0,30,0,0,0,30,0,0,0
3163,3165,2017-01-08,0,1,0,0,30,0,0,0,30,0,0,0
3163,3165,2017-01-08,0,2,0,0,30,0,0,0,30,0,0,0
3163,3165,2017-01-08,1,1,0,0,30,0,0,0,30,0,0,0
3163,3165,2017-01-08,1,2,0,0,30,0,0,0,30,0,0,0
3163,3165,2017-01-08,2,1,0,0,30,0,0,0,30,0,0,0
3163,3165,2017-01-08,2,2,0,0,30,0,0,0,30,0,0,0
3163,3165,2017-01-08,3,1,0,0,30,0,0,0,30,0,0,0
3163,3165,2017-01-08,3,2,0,0,30,0,0,0,30,0,0,0
3163,3165,2017-01-08,4,1,0,0,30,0,0,0,30,0,0,0
3163,3165,2017-01-08,4,2,0,0,30,0,0,0,30,0,0,0
3163,3165,2017-01-08,5,1,0,0,30,0,0,0,30,0,0,0
3163,3165,2017-01-08,5,2,0,0,30,0,0,0,30,0,0,0
3163,3165,2017-01-08,6,1,0,0,30,0,0,0,30,0,0,0
3163,3165,2017-01-08,6,2,0,0,30,0,0,0,30,0,0,0
3163,3165,2017-01-08,7,1,0,0,30,0,0,0,30,0,0,0
3163,3165,2017-01-08,7,2,0,0,30,0,0,0,30,0,0,0
3163,3165,2017-01-08,8,1,0,0,30,0,0,0,30,0,0,0
3163,3165,2017-01-08,8,2,0,0,30,0,0,0,30,0,0,0
3163,3165,2017-01-08,9,1,0,0,30,0,0,0,30,0,0,0
3163,3165,2017-01-08,9,2,1,0,30,0,0,0,30,0,0,0
3163,3165,2017-01-08,10,1,0,0,30,0,0,0,30,0,0,0
3163,3165,2017-01-08,10,2,1,1,30,0,0,0,30,0,0,0
3163,3165,2017-01-08,11,1,0,0,30,0,0,0,30,0,0,0
3163,3165,2017-01-08,11,2,0,1,30,0,0,0,30,0,0,0
3163,3165,2017-01-08,12,1,0,1,30,0,0,0,30,0,0,0
3163,3165,2017-01-08,12,2,0,0,30,0,0,0,30,0,0,0
3163,3165,2017-01-08,13,1,1,0,30,0,0,0,30,0,0,0
3163,3165,2017-01-08,13,2,3,0,30,0,0,0,30,0,0,0
3163,3165,2017-01-08,14,1,0,2,30,0,0,0,30,0,0,0
3163,3165,2017-01-08,14,2,0,1,30,0,0,0,30,0,0,0
3163,3165,2017-01-08,15,1,1,1,30,0,0,0,30,0,0,0
3163,3165,2017-01-08,15,2,0,0,30,0,0,0,30,0,0,0
3163,3165,2017-01-08,16,1,0,1,30,0,0,0,30,0,0,0
3163,3165,2017-01-08,16,2,2,1,30,0,0,0,30,0,0,0
3163,3165,2017-01-08,17,1,1,2,30,0,0,0,30,0,0,0
3163,3165,2017-01-08,17,2,2,0,30,0,0,0,30,0,0,0
3163,3165,2017-01-08,18,1,0,1,30,0,0,0,30,0,0,0
3163,3165,2017-01-08,18,2,0,0,30,0,0,0,30,0,0,0
3163,3165,2017-01-08,19,1,0,0,30,0,0,0,30,0,0,0
3163,3165,2017-01-08,19,2,0,0,30,0,0,0,30,0,0,0
3163,3165,2017-01-08,20,1,0,0,30,0,0,0,30,0,0,0
3163,3165,2017-01-08,20,2,0,0,30,0,0,0,30,0,0,0
3163,3165,2017-01-08,21,1,1,0,30,0,0,0,30,0,0,0
3163,3165,2017-01-08,21,2,0,1,30,0,0,0,30,0,0,0
3163,3165,2017-01-08,22,1,0,0,30,0,0,0,30,0,0,0
3163,3165,2017-01-08,22,2,0,0,30,0,0,0,30,0,0,0
3163,3165,2017-01-08,23,1,1,0,30,0,0,0,30,0,0,0
3163,3165,2017-01-08,23,2,0,0,30,0,0,0,30,0,0,0
3163,3165,2017-01-09,0,1,0,0,30,0,0,0,30,0,0,0
3163,3165,2017-01-09,0,2,0,0,30,0,0,0,30,0,0,0
3163,3165,2017-01-09,1,1,0,0,30,0,0,0,30,0,0,0
3163,3165,2017-01-09,1,2,0,0,30,0,0,0,30,0,0,0
3163,3165,2017-01-09,2,1,0,0,30,0,0,0,30,0,0,0
3163,3165,2017-01-09,2,2,0,0,30,0,0,0,30,0,0,0
3163,3165,2017-01-09,3,1,0,0,30,0,0,0,30,0,0,0
3163,3165,2017-01-09,3,2,0,0,30,0,0,0,30,0,0,0
3163,3165,2017-01-09,4,1,0,0,30,0,0,0,30,0,0,0
3163,3165,2017-01-09,4,2,0,0,30,0,0,0,30,0,0,0
3163,3165,2017-01-09,5,1,1,0,30,0,0,0,30,0,0,0
3163,3165,2017-01-09,5,2,0,0,30,0,0,0,30,0,0,0
3163,3165,2017-01-09,6,1,0,0,30,0,0,0,30,0,0,0
3163,3165,2017-01-09,6,2,0,0,30,0,0,0,30,0,0,0
3163,3165,2017-01-09,7,1,1,0,30,0,0,0,30,0,0,0
3163,3165,2017-01-09,7,2,2,1,30,0,0,0,30,0,0,0
3163,3165,2017-01-09,8,1,2,0,30,0,0,0,30,0,0,0
3163,3165,2017-01-09,8,2,1,0,30,0,0,0,30,0,0,0
3163,3165,2017-01-09,9,1,1,1,30,0,0,0,30,0,0,0
3163,3165,2017-01-09,9,2,1,0,30,0,0,0,30,0,0,0
3163,3165,2017-01-09,10,1,0,1,30,0,0,0,30,0,0,0
3163,3165,2017-01-09,10,2,1,1,30,0,0,0,30,0,0,0
3163,3165,2017-01-09,11,1,0,0,30,0,0,0,30,0,0,0
3163,3165,2017-01-09,11,2,0,0,30,0,0,0,30,0,0,0
3163,3165,2017-01-09,12,1,3,1,30,0,0,0,30,0,0,0
3163,3165,2017-01-09,12,2,1,1,30,0,0,0,30,0,0,0
3163,3165,2017-01-09,13,1,0,0,30,0,0,0,30,0,0,0
3163,3165,2017-01-09,13,2,3,0,30,0,0,0,30,0,0,0
3163,3165,2017-01-09,14,1,0,2,30,0,0,0,30,0,0,0
3163,3165,2017-01-09,14,2,0,1,30,0,0,0,30,0,0,0
3163,3165,2017-01-09,15,1,2,0,30,0,0,0,30,0,0,0
3163,3165,2017-01-09,15,2,0,0,30,0,0,0,30,0,0,0
3163,3165,2017-01-09,16,1,1,0,30,0,0,0,30,0,0,0
3163,3165,2017-01-09,16,2,1,2,30,0,0,0,30,0,0,0
3163,3165,2017-01-09,17,1,1,0,30,0,0,0,30,0,0,0
3163,3165,2017-01-09,17,2,2,1,30,0,0,0,30,0,0,0
3163,3165,2017-01-09,18,1,1,3,30,0,0,0,30,0,0,0
3163,3165,2017-01-09,18,2,0,1,30,0,0,0,30,0,0,0
3163,3165,2017-01-09,19,1,1,0,30,0,0,0,30,0,0,0
3163,3165,2017-01-09,19,2,0,0,30,0,0,0,30,0,0,0
3163,3165,2017-01-09,20,1,1,0,30,0,0,0,30,0,0,0
3163,3165,2017-01-09,20,2,0,0,30,0,0,0,30,0,0,0
3163,3165,2017-01-09,21,1,0,0,30,0,0,0,30,0,0,0
3163,3165,2017-01-09,21,2,0,0,30,0,0,0,30,0,0,0
3163,3165,2017-01-09,22,1,0,0,30,0,0,0,30,0,0,0
3163,3165,2017-01-09,22,2,0,0,30,0,0,0,30,0,0,0
3163,3165,2017-01-09,23,1,1,0,30,0,0,0,30,0,0,0
3163,3165,2017-01-09,23,2,0,0,30,0,0,0,30,0,0,0
3163,3165,2017-01-10,0,1,1,1,30,0,0,0,30,0,0,0
3163,3165,2017-01-10,0,2,0,1,30,0,0,0,30,0,0,0
3163,3165,2017-01-10,1,1,0,0,30,0,0,0,30,0,0,0
3163,3165,2017-01-10,1,2,0,0,30,0,0,0,30,0,0,0
3163,3165,2017-01-10,2,1,0,0,30,0,0,0,30,0,0,0
3163,3165,2017-01-10,2,2,0,0,30,0,0,0,30,0,0,0
3163,3165,2017-01-10,3,1,0,0,30,0,0,0,30,0,0,0
3163,3165,2017-01-10,3,2,0,0,30,0,0,0,30,0,0,0
3163,3165,2017-01-10,4,1,0,0,30,0,0,0,30,0,0,0
3163,3165,2017-01-10,4,2,0,0,30,0,0,0,30,0,0,0
3163,3165,2017-01-10,5,1,0,0,30,0,0,0,30,0,0,0
3163,3165,2017-01-10,5,2,0,0,30,0,0,0,30,0,0,0
3163,3165,2017-01-10,6,1,0,0,30,0,0,0,30,0,0,0
3163,3165,2017-01-10,6,2,0,0,30,0,0,0,30,0,0,0
3163,3165,2017-01-10,7,1,2,0,30,0,0,0,30,0,0,0
3163,3165,2017-01-10,7,2,3,1,30,0,0,0,30,0,0,0
3163,3165,2017-01-10,8,1,4,2,30,0,0,0,30,0,0,0
3163,3165,2017-01-10,8,2,3,2,30,0,0,0,30,0,0,0
3163,3165,2017-01-10,9,1,4,2,30,0,0,0,30,0,0,0
3163,3165,2017-01-10,9,2,0,0,30,0,0,0,30,0,0,0
3163,3165,2017-01-10,10,1,0,4,30,0,0,0,30,0,0,0
3163,3165,2017-01-10,10,2,0,0,30,0,0,0,30,0,0,0
3163,3165,2017-01-10,11,1,2,1,30,0,0,0,30,0,0,0
3163,3165,2017-01-10,11,2,1,1,30,0,0,0,30,0,0,0
3163,3165,2017-01-10,12,1,0,0,30,0,0,0,30,0,0,0
3163,3165,2017-01-10,12,2,1,1,30,0,0,0,30,0,0,0
3163,3165,2017-01-10,13,1,0,0,30,0,0,0,30,0,0,0
3163,3165,2017-01-10,13,2,1,1,30,0,0,0,30,0,0,0
3163,3165,2017-01-10,14,1,2,2,30,0,0,0,30,0,0,0
3163,3165,2017-01-10,14,2,1,0,30,0,0,0,30,0,0,0
3163,3165,2017-01-10,15,1,2,1,30,0,0,0,30,0,0,0
3163,3165,2017-01-10,15,2,2,1,30,0,0,0,30,0,0,0
3163,3165,2017-01-10,16,1,0,0,30,0,0,0,30,0,0,0
3163,3165,2017-01-10,16,2,1,3,30,0,0,0,30,0,0,0
3163,3165,2017-01-10,17,1,3,2,30,0,0,0,30,0,0,0
3163,3165,2017-01-10,17,2,1,3,30,0,0,0,30,0,0,0
3163,3165,2017-01-10,18,1,2,1,30,0,0,0,30,0,0,0
3163,3165,2017-01-10,18,2,3,1,30,0,0,0,30,0,0,0
3163,3165,2017-01-10,19,1,0,2,30,0,0,0,30,0,0,0
3163,3165,2017-01-10,19,2,1,2,30,0,0,0,30,0,0,0
3163,3165,2017-01-10,20,1,0,1,30,0,0,0,30,0,0,0
3163,3165,2017-01-10,20,2,1,0,30,0,0,0,30,0,0,0
3163,3165,2017-01-10,21,1,0,1,30,0,0,0,30,0,0,0
3163,3165,2017-01-10,21,2,0,0,30,0,0,0,30,0,0,0
3163,3165,2017-01-10,22,1,0,0,30,0,0,0,30,0,0,0
3163,3165,2017-01-10,22,2,0,0,30,0,0,0,30,0,0,0
3163,3165,2017-01-10,23,1,1,2,30,0,0,0,30,0,0,0
3163,3165,2017-01-10,23,2,0,0,30,0,0,0,30,0,0,0
3163,3165,2017-01-11,0,1,0,0,30,0,0,0,30,0,0,0
3163,3165,2017-01-11,0,2,0,0,30,0,0,0,30,0,0,0
3163,3165,2017-01-11,1,1,0,0,30,0,0,0,30,0,0,0
3163,3165,2017-01-11,1,2,0,0,30,0,0,0,30,0,0,0
3163,3165,2017-01-11,2,1,0,0,30,0,0,0,30,0,0,0
3163,3165,2017-01-11,2,2,0,0,30,0,0,0,30,0,0,0
3163,3165,2017-01-11,3,1,0,0,30,0,0,0,30,0,0,0
3163,3165,2017-01-11,3,2,0,0,30,0,0,0,30,0,0,0
3163,3165,2017-01-11,4,1,0,0,30,0,0,0,30,0,0,0
3163,3165,2017-01-11,4,2,0,0,30,0,0,0,30,0,0,0
3163,3165,2017-01-11,5,1,0,0,30,0,0,0,30,0,0,0
3163,3165,2017-01-11,5,2,1,0,30,0,0,0,30,0,0,0
3163,3165,2017-01-11,6,1,0,1,30,0,0,0,30,0,0,0
3163,3165,2017-01-11,6,2,0,0,30,0,0,0,30,0,0,0
3163,3165,2017-01-11,7,1,0,3,30,0,0,0,30,0,0,0
3163,3165,2017-01-11,7,2,3,1,30,0,0,0,30,0,0,0
3163,3165,2017-01-11,8,1,5,2,30,0,0,0,30,0,0,0
3163,3165,2017-01-11,8,2,2,0,30,0,0,0,30,0,0,0
3163,3165,2017-01-11,9,1,4,3,30,0,0,0,30,0,0,0
3163,3165,2017-01-11,9,2,2,1,30,0,0,0,30,0,0,0
3163,3165,2017-01-11,10,1,5,1,30,0,0,0,30,0,0,0
3163,3165,2017-01-11,10,2,2,0,30,0,0,0,30,0,0,0
3163,3165,2017-01-11,11,1,2,1,30,0,0,0,30,0,0,0
3163,3165,2017-01-11,11,2,1,1,30,0,0,0,30,0,0,0
3163,3165,2017-01-11,12,1,5,1,30,0,0,0,30,0,0,0
3163,3165,2017-01-11,12,2,1,2,30,0,0,0,30,0,0,0
3163,3165,2017-01-11,13,1,1,1,30,0,0,0,30,0,0,0
3163,3165,2017-01-11,13,2,2,3,30,0,0,0,30,0,0,0
3163,3165,2017-01-11,14,1,4,2,30,0,0,0,30,0,0,0
3163,3165,2017-01-11,14,2,4,3,30,0,0,0,30,0,0,0
3163,3165,2017-01-11,15,1,1,1,30,0,0,0,30,0,0,0
3163,3165,2017-01-11,15,2,2,0,30,0,0,0,30,0,0,0
3163,3165,2017-01-11,16,1,2,2,30,0,0,0,30,0,0,0
3163,3165,2017-01-11,16,2,1,4,30,0,0,0,30,0,0,0
3163,3165,2017-01-11,17,1,1,2,30,0,0,0,30,0,0,0
3163,3165,2017-01-11,17,2,3,1,30,0,0,0,30,0,0,0
3163,3165,2017-01-11,18,1,0,5,30,0,0,0,30,0,0,0
3163,3165,2017-01-11,18,2,3,2,30,0,0,0,30,0,0,0
3163,3165,2017-01-11,19,1,2,2,30,0,0,0,30,0,0,0
3163,3165,2017-01-11,19,2,0,0,30,0,0,0,30,0,0,0
3163,3165,2017-01-11,20,1,0,1,30,0,0,0,30,0,0,0
3163,3165,2017-01-11,20,2,3,3,30,0,0,0,30,0,0,0
3163,3165,2017-01-11,21,1,0,0,30,0,0,0,30,0,0,0
3163,3165,2017-01-11,21,2,0,0,30,0,0,0,30,0,0,0
3163,3165,2017-01-11,22,1,0,0,30,0,0,0,30,0,0,0
3163,3165,2017-01-11,22,2,0,0,30,0,0,0,30,0,0,0
3163,3165,2017-01-11,23,1,0,0,30,0,0,0,30,0,0,0
3163,3165,2017-01-11,23,2,0,0,30,0,0,0,30,0,0,0
3163,3165,2017-01-12,0,1,0,0,30,0,0,0,30,0,0,0
3163,3165,2017-01-12,0,2,0,1,30,0,0,0,30,0,0,0
3163,3165,2017-01-12,1,1,0,0,30,0,0,0,30,0,0,0
3163,3165,2017-01-12,1,2,0,0,30,0,0,0,30,0,0,0
3163,3165,2017-01-12,2,1,0,0,30,0,0,0,30,0,0,0
3163,3165,2017-01-12,2,2,0,0,30,0,0,0,30,0,0,0
3163,3165,2017-01-12,3,1,0,0,30,0,0,0,30,0,0,0
3163,3165,2017-01-12,3,2,0,0,30,0,0,0,30,0,0,0
3163,3165,2017-01-12,4,1,0,0,30,0,0,0,30,0,0,0
3163,3165,2017-01-12,4,2,0,0,30,0,0,0,30,0,0,0
3163,3165,2017-01-12,5,1,0,0,30,0,0,0,30,0,0,0
3163,3165,2017-01-12,5,2,1,0,30,0,0,0,30,0,0,0
3163,3165,2017-01-12,6,1,1,0,30,0,0,0,30,0,0,0
3163,3165,2017-01-12,6,2,1,2,30,0,0,0,30,0,0,0
3163,3165,2017-01-12,7,1,4,0,30,0,0,0,30,0,0,0
3163,3165,2017-01-12,7,2,5,2,30,0,0,0,30,0,0,0
3163,3165,2017-01-12,8,1,4,2,30,0,0,0,30,0,0,0
3163,3165,2017-01-12,8,2,5,0,30,0,0,0,30,0,0,0
3163,3165,2017-01-12,9,1,4,5,30,0,0,0,30,0,0,0
3163,3165,2017-01-12,9,2,1,2,30,0,0,0,30,0,0,0
3163,3165,2017-01-12,10,1,3,3,30,0,0,0,30,0,0,0
3163,3165,2017-01-12,10,2,3,0,30,0,0,0,30,0,0,0
3163,3165,2017-01-12,11,1,5,0,30,0,0,0,30,0,0,0
3163,3165,2017-01-12,11,2,3,3,30,0,0,0,30,0,0,0
3163,3165,2017-01-12,12,1,3,2,30,0,0,0,30,0,0,0
3163,3165,2017-01-12,12,2,0,3,30,0,0,0,30,0,0,0
3163,3165,2017-01-12,13,1,5,1,27,3,0,0,30,0,0,0
3163,3165,2017-01-12,13,2,6,5,9,21,0,0,30,0,0,0
3163,3165,2017-01-12,14,1,2,2,30,0,0,0,30,0,0,0
3163,3165,2017-01-12,14,2,8,1,30,0,0,0,30,0,0,0
3163,3165,2017-01-12,15,1,3,2,30,0,0,0,30,0,0,0
3163,3165,2017-01-12,15,2,4,1,30,0,0,0,30,0,0,0
3163,3165,2017-01-12,16,1,2,4,30,0,0,0,30,0,0,0
3163,3165,2017-01-12,16,2,3,3,30,0,0,0,30,0,0,0
3163,3165,2017-01-12,17,1,2,4,30,0,0,0,30,0,0,0
3163,3165,2017-01-12,17,2,7,2,30,0,0,0,30,0,0,0
3163,3165,2017-01-12,18,1,5,7,30,0,0,0,30,0,0,0
3163,3165,2017-01-12,18,2,2,2,30,0,0,0,30,0,0,0
3163,3165,2017-01-12,19,1,2,3,30,0,0,0,30,0,0,0
3163,3165,2017-01-12,19,2,6,3,18,0,12,0,30,0,0,0
3163,3165,2017-01-12,20,1,2,3,15,0,15,0,30,0,0,0
3163,3165,2017-01-12,20,2,2,0,30,0,0,0,30,0,0,0
3163,3165,2017-01-12,21,1,4,4,6,0,24,0,30,0,0,0
3163,3165,2017-01-12,21,2,0,0,0,0,30,0,30,0,0,0
3163,3165,2017-01-12,22,1,0,1,26,0,4,0,30,0,0,0
3163,3165,2017-01-12,22,2,1,0,26,0,4,0,30,0,0,0
3163,3165,2017-01-12,23,1,0,0,0,0,30,0,30,0,0,0
3163,3165,2017-01-12,23,2,0,0,0,0,30,0,30,0,0,0
3163,3165,2017-01-13,0,1,0,0,0,12,18,0,30,0,0,0
3163,3165,2017-01-13,0,2,0,0,8,22,0,0,30,0,0,0
3163,3165,2017-01-13,1,1,0,0,17,0,13,0,30,0,0,0
3163,3165,2017-01-13,1,2,0,0,11,0,19,0,30,0,0,0
3163,3165,2017-01-13,2,1,0,0,30,0,0,0,30,0,0,0
3163,3165,2017-01-13,2,2,1,1,30,0,0,0,30,0,0,0
3163,3165,2017-01-13,3,1,0,0,30,0,0,0,30,0,0,0
3163,3165,2017-01-13,3,2,0,0,30,0,0,0,30,0,0,0
3163,3165,2017-01-13,4,1,0,0,30,0,0,0,30,0,0,0
3163,3165,2017-01-13,4,2,0,0,30,0,0,0,30,0,0,0
3163,3165,2017-01-13,5,1,1,0,30,0,0,0,30,0,0,0
3163,3165,2017-01-13,5,2,2,0,30,0,0,0,30,0,0,0
3163,3165,2017-01-13,6,1,1,0,30,0,0,0,30,0,0,0
3163,3165,2017-01-13,6,2,1,1,30,0,0,0,30,0,0,0
3163,3165,2017-01-13,7,1,1,0,30,0,0,0,30,0,0,0
3163,3165,2017-01-13,7,2,3,1,30,0,0,0,30,0,0,0
3163,3165,2017-01-13,8,1,7,2,30,0,0,0,30,0,0,0
3163,3165,2017-01-13,8,2,7,6,4,26,0,0,30,0,0,0
3163,3165,2017-01-13,9,1,5,4,6,21,3,0,30,0,0,0
3163,3165,2017-01-13,9,2,0,3,0,11,19,0,30,0,0,0
3163,3165,2017-01-13,10,1,3,5,8,22,0,0,30,0,0,0
3163,3165,2017-01-13,10,2,3,2,30,0,0,0,30,0,0,0
3163,3165,2017-01-13,11,1,2,1,30,0,0,0,30,0,0,0
3163,3165,2017-01-13,11,2,3,1,17,13,0,0,30,0,0,0
3163,3165,2017-01-13,12,1,1,0,0,8,22,0,30,0,0,0
3163,3165,2017-01-13,12,2,0,4,9,0,21,0,30,0,0,0
3163,3165,2017-01-13,13,1,1,2,9,5,16,0,30,0,0,0
3163,3165,2017-01-13,13,2,3,2,6,24,0,0,30,0,0,0
3163,3165,2017-01-13,14,1,6,3,21,3,6,0,30,0,0,0
3163,3165,2017-01-13,14,2,0,0,30,0,0,0,30,0,0,0
3163,3165,2017-01-13,15,1,1,2,30,0,0,0,30,0,0,0
3163,3165,2017-01-13,15,2,1,3,30,0,0,0,30,0,0,0
3163,3165,2017-01-13,16,1,4,0,30,0,0,0,30,0,0,0
3163,3165,2017-01-13,16,2,2,4,12,0,18,0,30,0,0,0
3163,3165,2017-01-13,17,1,5,6,30,0,0,0,30,0,0,0
3163,3165,2017-01-13,17,2,1,6,30,0,0,0,30,0,0,0
3163,3165,2017-01-13,18,1,1,2,30,0,0,0,30,0,0,0
3163,3165,2017-01-13,18,2,2,1,30,0,0,0,30,0,0,0
3163,3165,2017-01-13,19,1,0,2,30,0,0,0,30,0,0,0
3163,3165,2017-01-13,19,2,0,1,30,0,0,0,30,0,0,0
3163,3165,2017-01-13,20,1,1,1,30,0,0,0,30,0,0,0
3163,3165,2017-01-13,20,2,0,0,30,0,0,0,30,0,0,0
3163,3165,2017-01-13,21,1,0,0,30,0,0,0,30,0,0,0
3163,3165,2017-01-13,21,2,0,2,30,0,0,0,30,0,0,0
3163,3165,2017-01-13,22,1,0,0,30,0,0,0,30,0,0,0
3163,3165,2017-01-13,22,2,0,1,30,0,0,0,30,0,0,0
3163,3165,2017-01-13,23,1,2,0,30,0,0,0,30,0,0,0
3163,3165,2017-01-13,23,2,0,0,30,0,0,0,30,0,0,0
3163,3165,2017-01-14,0,1,0,2,19,5,6,0,30,0,0,0
3163,3165,2017-01-14,0,2,0,0,0,30,0,0,30,0,0,0
3163,3165,2017-01-14,1,1,0,0,0,30,0,0,30,0,0,0
3163,3165,2017-01-14,1,2,0,0,30,0,0,0,30,0,0,0
3163,3165,2017-01-14,2,1,0,0,30,0,0,0,30,0,0,0
3163,3165,2017-01-14,2,2,0,0,30,0,0,0,30,0,0,0
3163,3165,2017-01-14,3,1,0,0,30,0,0,0,30,0,0,0
3163,3165,2017-01-14,3,2,0,0,30,0,0,0,30,0,0,0
3163,3165,2017-01-14,4,1,0,0,30,0,0,0,30,0,0,0
3163,3165,2017-01-14,4,2,0,0,30,0,0,0,30,0,0,0
3163,3165,2017-01-14,5,1,0,0,30,0,0,0,30,0,0,0
3163,3165,2017-01-14,5,2,0,0,30,0,0,0,30,0,0,0
3163,3165,2017-01-14,6,1,0,0,30,0,0,0,30,0,0,0
3163,3165,2017-01-14,6,2,0,0,30,0,0,0,30,0,0,0
3163,3165,2017-01-14,7,1,0,1,30,0,0,0,30,0,0,0
3163,3165,2017-01-14,7,2,1,0,30,0,0,0,30,0,0,0
3163,3165,2017-01-14,8,1,1,0,30,0,0,0,30,0,0,0
3163,3165,2017-01-14,8,2,0,1,30,0,0,0,30,0,0,0
3163,3165,2017-01-14,9,1,0,0,30,0,0,0,30,0,0,0
3163,3165,2017-01-14,9,2,2,1,30,0,0,0,30,0,0,0
3163,3165,2017-01-14,10,1,1,2,30,0,0,0,30,0,0,0
3163,3165,2017-01-14,10,2,2,0,30,0,0,0,30,0,0,0
3163,3165,2017-01-14,11,1,0,4,30,0,0,0,30,0,0,0
3163,3165,2017-01-14,11,2,0,1,30,0,0,0,30,0,0,0
3163,3165,2017-01-14,12,1,3,1,30,0,0,0,30,0,0,0
3163,3165,2017-01-14,12,2,0,1,30,0,0,0,30,0,0,0
3163,3165,2017-01-14,13,1,3,0,30,0,0,0,30,0,0,0
3163,3165,2017-01-14,13,2,0,0,30,0,0,0,30,0,0,0
3163,3165,2017-01-14,14,1,0,4,30,0,0,0,30,0,0,0
3163,3165,2017-01-14,14,2,0,0,30,0,0,0,30,0,0,0
3163,3165,2017-01-14,15,1,0,0,30,0,0,0,30,0,0,0
3163,3165,2017-01-14,15,2,1,2,30,0,0,0,30,0,0,0
3163,3165,2017-01-14,16,1,1,0,30,0,0,0,30,0,0,0
3163,3165,2017-01-14,16,2,0,0,30,0,0,0,30,0,0,0
3163,3165,2017-01-14,17,1,0,0,30,0,0,0,30,0,0,0
3163,3165,2017-01-14,17,2,0,0,30,0,0,0,30,0,0,0
3163,3165,2017-01-14,18,1,1,0,30,0,0,0,30,0,0,0
3163,3165,2017-01-14,18,2,1,0,30,0,0,0,30,0,0,0
3163,3165,2017-01-14,19,1,0,0,30,0,0,0,30,0,0,0
3163,3165,2017-01-14,19,2,0,3,30,0,0,0,30,0,0,0
3163,3165,2017-01-14,20,1,0,0,30,0,0,0,30,0,0,0
3163,3165,2017-01-14,20,2,0,0,30,0,0,0,30,0,0,0
3163,3165,2017-01-14,21,1,0,0,30,0,0,0,30,0,0,0
3163,3165,2017-01-14,21,2,0,0,30,0,0,0,30,0,0,0
3163,3165,2017-01-14,22,1,0,0,30,0,0,0,30,0,0,0
3163,3165,2017-01-14,22,2,0,0,30,0,0,0,30,0,0,0
3163,3165,2017-01-14,23,1,0,0,30,0,0,0,30,0,0,0
3163,3165,2017-01-14,23,2,0,0,30,0,0,0,30,0,0,0
3163,3165,2017-01-15,0,1,0,0,30,0,0,0,30,0,0,0
3163,3165,2017-01-15,0,2,0,0,30,0,0,0,30,0,0,0
3163,3165,2017-01-15,1,1,0,2,30,0,0,0,30,0,0,0
3163,3165,2017-01-15,1,2,0,0,30,0,0,0,30,0,0,0
3163,3165,2017-01-15,2,1,0,0,30,0,0,0,30,0,0,0
3163,3165,2017-01-15,2,2,0,0,30,0,0,0,30,0,0,0
3163,3165,2017-01-15,3,1,0,0,30,0,0,0,30,0,0,0
3163,3165,2017-01-15,3,2,0,0,30,0,0,0,30,0,0,0
3163,3165,2017-01-15,4,1,0,0,30,0,0,0,30,0,0,0
3163,3165,2017-01-15,4,2,0,0,30,0,0,0,30,0,0,0
3163,3165,2017-01-15,5,1,0,0,30,0,0,0,30,0,0,0
3163,3165,2017-01-15,5,2,0,0,30,0,0,0,30,0,0,0
3163,3165,2017-01-15,6,1,0,0,30,0,0,0,30,0,0,0
3163,3165,2017-01-15,6,2,0,0,30,0,0,0,30,0,0,0
3163,3165,2017-01-15,7,1,0,0,30,0,0,0,30,0,0,0
3163,3165,2017-01-15,7,2,1,0,30,0,0,0,30,0,0,0
3163,3165,2017-01-15,8,1,0,1,30,0,0,0,30,0,0,0
3163,3165,2017-01-15,8,2,1,2,30,0,0,0,30,0,0,0
3163,3165,2017-01-15,9,1,2,1,30,0,0,0,30,0,0,0
3163,3165,2017-01-15,9,2,1,0,30,0,0,0,30,0,0,0
3163,3165,2017-01-15,10,1,1,1,30,0,0,0,30,0,0,0
3163,3165,2017-01-15,10,2,8,4,30,0,0,0,30,0,0,0
3163,3165,2017-01-15,11,1,3,5,30,0,0,0,30,0,0,0
3163,3165,2017-01-15,11,2,1,2,30,0,0,0,30,0,0,0
3163,3165,2017-01-15,12,1,6,3,30,0,0,0,30,0,0,0
3163,3165,2017-01-15,12,2,3,2,30,0,0,0,30,0,0,0
3163,3165,2017-01-15,13,1,1,0,30,0,0,0,30,0,0,0
3163,3165,2017-01-15,13,2,1,2,30,0,0,0,30,0,0,0
3163,3165,2017-01-15,14,1,5,1,30,0,0,0,30,0,0,0
3163,3165,2017-01-15,14,2,5,5,30,0,0,0,30,0,0,0
3163,3165,2017-01-15,15,1,4,2,30,0,0,0,30,0,0,0
3163,3165,2017-01-15,15,2,3,2,30,0,0,0,30,0,0,0
3163,3165,2017-01-15,16,1,1,3,30,0,0,0,30,0,0,0
3163,3165,2017-01-15,16,2,1,4,30,0,0,0,30,0,0,0
3163,3165,2017-01-15,17,1,0,2,30,0,0,0,30,0,0,0
3163,3165,2017-01-15,17,2,0,2,30,0,0,0,30,0,0,0
3163,3165,2017-01-15,18,1,1,0,30,0,0,0,30,0,0,0
3163,3165,2017-01-15,18,2,0,0,30,0,0,0,30,0,0,0
3163,3165,2017-01-15,19,1,0,0,30,0,0,0,30,0,0,0
3163,3165,2017-01-15,19,2,0,0,30,0,0,0,30,0,0,0
3163,3165,2017-01-15,20,1,0,0,30,0,0,0,30,0,0,0
3163,3165,2017-01-15,20,2,0,0,30,0,0,0,30,0,0,0
3163,3165,2017-01-15,21,1,0,0,30,0,0,0,30,0,0,0
3163,3165,2017-01-15,21,2,1,0,30,0,0,0,30,0,0,0
3163,3165,2017-01-15,22,1,1,1,30,0,0,0,30,0,0,0
3163,3165,2017-01-15,22,2,0,0,30,0,0,0,30,0,0,0
3163,3165,2017-01-15,23,1,0,0,30,0,0,0,30,0,0,0
3163,3165,2017-01-15,23,2,1,0,30,0,0,0,30,0,0,0
3163,3165,2017-01-16,0,1,0,0,30,0,0,0,30,0,0,0
3163,3165,2017-01-16,0,2,0,1,30,0,0,0,30,0,0,0
3163,3165,2017-01-16,1,1,0,0,30,0,0,0,30,0,0,0
3163,3165,2017-01-16,1,2,0,0,30,0,0,0,30,0,0,0
3163,3165,2017-01-16,2,1,0,0,30,0,0,0,30,0,0,0
3163,3165,2017-01-16,2,2,0,1,30,0,0,0,30,0,0,0
3163,3165,2017-01-16,3,1,0,0,30,0,0,0,30,0,0,0
3163,3165,2017-01-16,3,2,0,0,30,0,0,0,30,0,0,0
3163,3165,2017-01-16,4,1,0,0,30,0,0,0,30,0,0,0
3163,3165,2017-01-16,4,2,0,0,30,0,0,0,30,0,0,0
3163,3165,2017-01-16,5,1,1,0,30,0,0,0,30,0,0,0
3163,3165,2017-01-16,5,2,0,0,30,0,0,0,30,0,0,0
3163,3165,2017-01-16,6,1,0,0,30,0,0,0,30,0,0,0
3163,3165,2017-01-16,6,2,0,0,30,0,0,0,30,0,0,0
3163,3165,2017-01-16,7,1,2,0,30,0,0,0,30,0,0,0
3163,3165,2017-01-16,7,2,1,1,30,0,0,0,30,0,0,0
3163,3165,2017-01-16,8,1,0,1,30,0,0,0,30,0,0,0
3163,3165,2017-01-16,8,2,0,0,30,0,0,0,30,0,0,0
3163,3165,2017-01-16,9,1,1,2,30,0,0,0,30,0,0,0
3163,3165,2017-01-16,9,2,0,1,30,0,0,0,30,0,0,0
3163,3165,2017-01-16,10,1,7,9,30,0,0,0,30,0,0,0
3163,3165,2017-01-16,10,2,11,6,30,0,0,0,30,0,0,0
3163,3165,2017-01-16,11,1,0,4,30,0,0,0,30,0,0,0
3163,3165,2017-01-16,11,2,0,0,30,0,0,0,30,0,0,0
3163,3165,2017-01-16,12,1,0,0,30,0,0,0,30,0,0,0
3163,3165,2017-01-16,12,2,4,3,30,0,0,0,30,0,0,0
3163,3165,2017-01-16,13,1,3,2,18,12,0,0,30,0,0,0
3163,3165,2017-01-16,13,2,3,1,30,0,0,0,30,0,0,0
3163,3165,2017-01-16,14,1,4,2,30,0,0,0,30,0,0,0
3163,3165,2017-01-16,14,2,3,4,30,0,0,0,30,0,0,0
3163,3165,2017-01-16,15,1,5,1,30,0,0,0,30,0,0,0
3163,3165,2017-01-16,15,2,2,1,30,0,0,0,30,0,0,0
3163,3165,2017-01-16,16,1,3,2,30,0,0,0,30,0,0,0
3163,3165,2017-01-16,16,2,1,0,4,0,26,0,30,0,0,0
3163,3165,2017-01-16,17,1,1,2,4,0,26,0,30,0,0,0
3163,3165,2017-01-16,17,2,0,3,13,0,17,0,30,0,0,0
3163,3165,2017-01-16,18,1,3,2,30,0,0,0,30,0,0,0
3163,3165,2017-01-16,18,2,0,0,30,0,0,0,30,0,0,0
3163,3165,2017-01-16,19,1,1,0,30,0,0,0,30,0,0,0
3163,3165,2017-01-16,19,2,0,1,30,0,0,0,30,0,0,0
3163,3165,2017-01-16,20,1,0,1,30,0,0,0,30,0,0,0
3163,3165,2017-01-16,20,2,1,0,30,0,0,0,30,0,0,0
3163,3165,2017-01-16,21,1,0,0,30,0,0,0,30,0,0,0
3163,3165,2017-01-16,21,2,1,0,30,0,0,0,30,0,0,0
3163,3165,2017-01-16,22,1,0,0,30,0,0,0,30,0,0,0
3163,3165,2017-01-16,22,2,0,0,30,0,0,0,30,0,0,0
3163,3165,2017-01-16,23,1,0,0,30,0,0,0,30,0,0,0
3163,3165,2017-01-16,23,2,0,0,30,0,0,0,30,0,0,0
3163,3165,2017-01-17,0,1,0,0,30,0,0,0,30,0,0,0
3163,3165,2017-01-17,0,2,1,0,30,0,0,0,30,0,0,0
3163,3165,2017-01-17,1,1,0,0,4,0,26,0,30,0,0,0
3163,3165,2017-01-17,1,2,0,0,0,0,30,0,30,0,0,0
3163,3165,2017-01-17,2,1,0,0,0,0,30,0,10,20,0,0
3163,3165,2017-01-17,2,2,0,0,0,0,30,0,0,30,0,0
3163,3165,2017-01-17,3,1,0,0,0,0,30,0,0,30,0,0
3163,3165,2017-01-17,3,2,0,0,0,0,30,0,0,30,0,0
3163,3165,2017-01-17,4,1,0,0,0,0,30,0,0,30,0,0
3163,3165,2017-01-17,4,2,0,0,0,0,30,0,0,30,0,0
3163,3165,2017-01-17,5,1,0,0,0,0,30,0,0,30,0,0
3163,3165,2017-01-17,5,2,0,1,3,0,27,0,0,30,0,0
3163,3165,2017-01-17,6,1,1,0,10,0,20,0,0,30,0,0
3163,3165,2017-01-17,6,2,1,1,6,0,24,0,23,7,0,0
3163,3165,2017-01-17,7,1,1,1,9,0,21,0,30,0,0,0
3163,3165,2017-01-17,7,2,0,0,0,0,30,0,30,0,0,0
3163,3165,2017-01-17,8,1,3,4,24,0,6,0,30,0,0,0
3163,3165,2017-01-17,8,2,1,2,27,0,3,0,30,0,0,0
3163,3165,2017-01-17,9,1,2,2,30,0,0,0,30,0,0,0
3163,3165,2017-01-17,9,2,0,1,30,0,0,0,30,0,0,0
3163,3165,2017-01-17,10,1,0,1,30,0,0,0,30,0,0,0
3163,3165,2017-01-17,10,2,1,3,30,0,0,0,30,0,0,0
3163,3165,2017-01-17,11,1,1,1,30,0,0,0,30,0,0,0
3163,3165,2017-01-17,11,2,0,0,30,0,0,0,30,0,0,0
3163,3165,2017-01-17,12,1,1,0,30,0,0,0,30,0,0,0
3163,3165,2017-01-17,12,2,0,0,30,0,0,0,30,0,0,0
3163,3165,2017-01-17,13,1,0,0,30,0,0,0,30,0,0,0
3163,3165,2017-01-17,13,2,2,1,30,0,0,0,30,0,0,0
3163,3165,2017-01-17,14,1,0,2,30,0,0,0,30,0,0,0
3163,3165,2017-01-17,14,2,1,0,30,0,0,0,30,0,0,0
3163,3165,2017-01-17,15,1,0,0,30,0,0,0,30,0,0,0
3163,3165,2017-01-17,15,2,0,0,30,0,0,0,30,0,0,0
3163,3165,2017-01-17,16,1,1,1,30,0,0,0,30,0,0,0
3163,3165,2017-01-17,16,2,1,1,30,0,0,0,30,0,0,0
3163,3165,2017-01-17,17,1,1,2,30,0,0,0,30,0,0,0
3163,3165,2017-01-17,17,2,1,0,30,0,0,0,30,0,0,0
3163,3165,2017-01-17,18,1,1,0,30,0,0,0,30,0,0,0
3163,3165,2017-01-17,18,2,1,1,30,0,0,0,30,0,0,0
3163,3165,2017-01-17,19,1,1,0,30,0,0,0,30,0,0,0
3163,3165,2017-01-17,19,2,0,1,30,0,0,0,30,0,0,0
3163,3165,2017-01-17,20,1,1,0,30,0,0,0,30,0,0,0
3163,3165,2017-01-17,20,2,0,0,30,0,0,0,30,0,0,0
3163,3165,2017-01-17,21,1,0,0,30,0,0,0,30,0,0,0
3163,3165,2017-01-17,21,2,0,0,30,0,0,0,30,0,0,0
3163,3165,2017-01-17,22,1,1,1,30,0,0,0,30,0,0,0
3163,3165,2017-01-17,22,2,0,0,30,0,0,0,30,0,0,0
3163,3165,2017-01-17,23,1,0,1,30,0,0,0,30,0,0,0
3163,3165,2017-01-17,23,2,0,0,30,0,0,0,30,0,0,0
3163,3165,2017-01-18,0,1,0,0,30,0,0,0,30,0,0,0
3163,3165,2017-01-18,0,2,1,0,30,0,0,0,30,0,0,0
3163,3165,2017-01-18,1,1,0,0,30,0,0,0,30,0,0,0
3163,3165,2017-01-18,1,2,0,0,30,0,0,0,30,0,0,0
3163,3165,2017-01-18,2,1,0,0,30,0,0,0,30,0,0,0
3163,3165,2017-01-18,2,2,0,1,30,0,0,0,30,0,0,0
3163,3165,2017-01-18,3,1,0,0,30,0,0,0,30,0,0,0
3163,3165,2017-01-18,3,2,0,0,30,0,0,0,30,0,0,0
3163,3165,2017-01-18,4,1,0,0,30,0,0,0,30,0,0,0
3163,3165,2017-01-18,4,2,0,0,30,0,0,0,30,0,0,0
3163,3165,2017-01-18,5,1,1,0,30,0,0,0,30,0,0,0
3163,3165,2017-01-18,5,2,0,0,30,0,0,0,30,0,0,0
3163,3165,2017-01-18,6,1,0,0,30,0,0,0,30,0,0,0
3163,3165,2017-01-18,6,2,0,0,30,0,0,0,30,0,0,0
3163,3165,2017-01-18,7,1,3,1,30,0,0,0,30,0,0,0
3163,3165,2017-01-18,7,2,5,4,30,0,0,0,30,0,0,0
3163,3165,2017-01-18,8,1,0,0,30,0,0,0,30,0,0,0
3163,3165,2017-01-18,8,2,3,3,30,0,0,0,30,0,0,0
3163,3165,2017-01-18,9,1,4,1,30,0,0,0,30,0,0,0
3163,3165,2017-01-18,9,2,1,1,30,0,0,0,30,0,0,0
3163,3165,2017-01-18,10,1,1,1,30,0,0,0,30,0,0,0
3163,3165,2017-01-18,10,2,1,0,30,0,0,0,30,0,0,0
3163,3165,2017-01-18,11,1,0,0,30,0,0,0,30,0,0,0
3163,3165,2017-01-18,11,2,0,0,30,0,0,0,30,0,0,0
3163,3165,2017-01-18,12,1,2,1,30,0,0,0,30,0,0,0
3163,3165,2017-01-18,12,2,0,2,30,0,0,0,30,0,0,0
3163,3165,2017-01-18,13,1,4,0,30,0,0,0,30,0,0,0
3163,3165,2017-01-18,13,2,1,2,30,0,0,0,30,0,0,0
3163,3165,2017-01-18,14,1,1,3,30,0,0,0,30,0,0,0
3163,3165,2017-01-18,14,2,0,1,30,0,0,0,30,0,0,0
3163,3165,2017-01-18,15,1,3,0,30,0,0,0,30,0,0,0
3163,3165,2017-01-18,15,2,1,0,30,0,0,0,30,0,0,0
3163,3165,2017-01-18,16,1,3,2,30,0,0,0,30,0,0,0
3163,3165,2017-01-18,16,2,4,2,30,0,0,0,30,0,0,0
3163,3165,2017-01-18,17,1,1,2,30,0,0,0,30,0,0,0
3163,3165,2017-01-18,17,2,3,2,30,0,0,0,30,0,0,0
3163,3165,2017-01-18,18,1,2,2,30,0,0,0,30,0,0,0
3163,3165,2017-01-18,18,2,0,2,30,0,0,0,30,0,0,0
3163,3165,2017-01-18,19,1,1,0,30,0,0,0,30,0,0,0
3163,3165,2017-01-18,19,2,0,0,30,0,0,0,30,0,0,0
3163,3165,2017-01-18,20,1,2,2,30,0,0,0,30,0,0,0
3163,3165,2017-01-18,20,2,3,0,30,0,0,0,30,0,0,0
3163,3165,2017-01-18,21,1,0,0,30,0,0,0,30,0,0,0
3163,3165,2017-01-18,21,2,0,0,30,0,0,0,30,0,0,0
3163,3165,2017-01-18,22,1,1,1,30,0,0,0,30,0,0,0
3163,3165,2017-01-18,22,2,1,0,30,0,0,0,30,0,0,0
3163,3165,2017-01-18,23,1,1,0,30,0,0,0,30,0,0,0
3163,3165,2017-01-18,23,2,1,0,30,0,0,0,30,0,0,0
3163,3165,2017-01-19,0,1,0,0,30,0,0,0,30,0,0,0
3163,3165,2017-01-19,0,2,1,0,30,0,0,0,30,0,0,0
3163,3165,2017-01-19,1,1,1,1,30,0,0,0,30,0,0,0
3163,3165,2017-01-19,1,2,0,0,30,0,0,0,30,0,0,0
3163,3165,2017-01-19,2,1,0,0,30,0,0,0,30,0,0,0
3163,3165,2017-01-19,2,2,0,0,30,0,0,0,30,0,0,0
3163,3165,2017-01-19,3,1,0,0,30,0,0,0,30,0,0,0
3163,3165,2017-01-19,3,2,0,1,30,0,0,0,30,0,0,0
3163,3165,2017-01-19,4,1,0,0,30,0,0,0,30,0,0,0
3163,3165,2017-01-19,4,2,0,0,30,0,0,0,30,0,0,0
3163,3165,2017-01-19,5,1,1,0,30,0,0,0,30,0,0,0
3163,3165,2017-01-19,5,2,0,1,30,0,0,0,30,0,0,0
3163,3165,2017-01-19,6,1,1,0,30,0,0,0,30,0,0,0
3163,3165,2017-01-19,6,2,0,2,30,0,0,0,30,0,0,0
3163,3165,2017-01-19,7,1,4,0,30,0,0,0,30,0,0,0
3163,3165,2017-01-19,7,2,3,1,30,0,0,0,30,0,0,0
3163,3165,2017-01-19,8,1,5,4,30,0,0,0,30,0,0,0
3163,3165,2017-01-19,8,2,8,2,9,21,0,0,30,0,0,0
3163,3165,2017-01-19,9,1,13,3,0,30,0,0,30,0,0,0
3163,3165,2017-01-19,9,2,3,2,0,29,1,0,30,0,0,0
3163,3165,2017-01-19,10,1,0,3,0,25,5,0,30,0,0,0
3163,3165,2017-01-19,10,2,4,4,21,9,0,0,30,0,0,0
3163,3165,2017-01-19,11,1,3,0,20,0,10,0,30,0,0,0
3163,3165,2017-01-19,11,2,0,1,0,30,0,0,30,0,0,0
3163,3165,2017-01-19,12,1,2,3,13,17,0,0,30,0,0,0
3163,3165,2017-01-19,12,2,0,0,30,0,0,0,30,0,0,0
3163,3165,2017-01-19,13,1,2,1,30,0,0,0,30,0,0,0
3163,3165,2017-01-19,13,2,1,1,18,0,12,0,30,0,0,0
3163,3165,2017-01-19,14,1,3,3,30,0,0,0,30,0,0,0
3163,3165,2017-01-19,14,2,2,2,21,0,9,0,30,0,0,0
3163,3165,2017-01-19,15,1,3,3,30,0,0,0,30,0,0,0
3163,3165,2017-01-19,15,2,2,1,6,0,24,0,30,0,0,0
3163,3165,2017-01-19,16,1,1,2,12,0,18,0,30,0,0,0
3163,3165,2017-01-19,16,2,1,1,22,8,0,0,30,0,0,0
3163,3165,2017-01-19,17,1,2,1,18,0,12,0,30,0,0,0
3163,3165,2017-01-19,17,2,3,5,30,0,0,0,30,0,0,0
3163,3165,2017-01-19,18,1,3,0,25,0,5,0,30,0,0,0
3163,3165,2017-01-19,18,2,0,1,30,0,0,0,30,0,0,0
3163,3165,2017-01-19,19,1,2,1,21,0,9,0,30,0,0,0
3163,3165,2017-01-19,19,2,0,1,9,0,21,0,30,0,0,0
3163,3165,2017-01-19,20,1,2,2,30,0,0,0,30,0,0,0
3163,3165,2017-01-19,20,2,1,1,30,0,0,0,30,0,0,0
3163,3165,2017-01-19,21,1,0,1,30,0,0,0,30,0,0,0
3163,3165,2017-01-19,21,2,0,0,30,0,0,0,30,0,0,0
3163,3165,2017-01-19,22,1,3,0,28,0,2,0,30,0,0,0
3163,3165,2017-01-19,22,2,0,0,0,0,30,0,30,0,0,0
3163,3165,2017-01-19,23,1,0,0,0,0,30,0,30,0,0,0
3163,3165,2017-01-19,23,2,0,0,0,0,30,0,30,0,0,0
3163,3165,2017-01-20,0,1,0,0,0,19,11,0,30,0,0,0
3163,3165,2017-01-20,0,2,0,0,0,30,0,0,30,0,0,0
3163,3165,2017-01-20,1,1,0,0,0,11,19,0,30,0,0,0
3163,3165,2017-01-20,1,2,0,0,0,0,30,0,30,0,0,0
3163,3165,2017-01-20,2,1,0,0,0,0,30,0,30,0,0,0
3163,3165,2017-01-20,2,2,0,0,0,0,30,0,30,0,0,0
3163,3165,2017-01-20,3,1,0,0,0,0,30,0,30,0,0,0
3163,3165,2017-01-20,3,2,0,0,0,0,30,0,30,0,0,0
3163,3165,2017-01-20,4,1,0,0,21,0,9,0,30,0,0,0
3163,3165,2017-01-20,4,2,0,0,30,0,0,0,30,0,0,0
3163,3165,2017-01-20,5,1,0,0,30,0,0,0,30,0,0,0
3163,3165,2017-01-20,5,2,0,0,30,0,0,0,30,0,0,0
3163,3165,2017-01-20,6,1,1,0,30,0,0,0,30,0,0,0
3163,3165,2017-01-20,6,2,1,1,30,0,0,0,30,0,0,0
3163,3165,2017-01-20,7,1,3,0,30,0,0,0,30,0,0,0
3163,3165,2017-01-20,7,2,4,4,30,0,0,0,30,0,0,0
3163,3165,2017-01-20,8,1,2,2,30,0,0,0,30,0,0,0
3163,3165,2017-01-20,8,2,4,2,30,0,0,0,30,0,0,0
3163,3165,2017-01-20,9,1,6,2,30,0,0,0,30,0,0,0
3163,3165,2017-01-20,9,2,6,2,30,0,0,0,30,0,0,0
3163,3165,2017-01-20,10,1,1,2,30,0,0,0,30,0,0,0
3163,3165,2017-01-20,10,2,3,0,30,0,0,0,30,0,0,0
3163,3165,2017-01-20,11,1,2,1,30,0,0,0,30,0,0,0
3163,3165,2017-01-20,11,2,2,0,30,0,0,0,30,0,0,0
3163,3165,2017-01-20,12,1,4,2,12,0,18,0,30,0,0,0
3163,3165,2017-01-20,12,2,1,3,24,0,6,0,30,0,0,0
3163,3165,2017-01-20,13,1,1,4,30,0,0,0,30,0,0,0
3163,3165,2017-01-20,13,2,4,0,30,0,0,0,30,0,0,0
3163,3165,2017-01-20,14,1,0,3,30,0,0,0,30,0,0,0
3163,3165,2017-01-20,14,2,2,0,30,0,0,0,30,0,0,0
3163,3165,2017-01-20,15,1,1,3,30,0,0,0,30,0,0,0
3163,3165,2017-01-20,15,2,1,0,30,0,0,0,30,0,0,0
3163,3165,2017-01-20,16,1,2,0,30,0,0,0,30,0,0,0
3163,3165,2017-01-20,16,2,2,0,30,0,0,0,30,0,0,0
3163,3165,2017-01-20,17,1,0,0,30,0,0,0,30,0,0,0
3163,3165,2017-01-20,17,2,1,2,30,0,0,0,30,0,0,0
3163,3165,2017-01-20,18,1,1,0,30,0,0,0,30,0,0,0
3163,3165,2017-01-20,18,2,1,0,30,0,0,0,30,0,0,0
3163,3165,2017-01-20,19,1,0,1,30,0,0,0,30,0,0,0
3163,3165,2017-01-20,19,2,1,2,30,0,0,0,30,0,0,0
3163,3165,2017-01-20,20,1,2,0,30,0,0,0,30,0,0,0
3163,3165,2017-01-20,20,2,0,1,30,0,0,0,30,0,0,0
3163,3165,2017-01-20,21,1,1,0,30,0,0,0,30,0,0,0
3163,3165,2017-01-20,21,2,0,1,30,0,0,0,30,0,0,0
3163,3165,2017-01-20,22,1,0,0,30,0,0,0,30,0,0,0
3163,3165,2017-01-20,22,2,1,1,30,0,0,0,30,0,0,0
3163,3165,2017-01-20,23,1,0,0,30,0,0,0,30,0,0,0
3163,3165,2017-01-20,23,2,0,1,30,0,0,0,30,0,0,0
3163,3165,2017-01-21,0,1,1,0,30,0,0,0,30,0,0,0
3163,3165,2017-01-21,0,2,0,1,30,0,0,0,30,0,0,0
3163,3165,2017-01-21,1,1,2,0,30,0,0,0,30,0,0,0
3163,3165,2017-01-21,1,2,0,0,30,0,0,0,30,0,0,0
3163,3165,2017-01-21,2,1,0,0,30,0,0,0,30,0,0,0
3163,3165,2017-01-21,2,2,0,0,30,0,0,0,30,0,0,0
3163,3165,2017-01-21,3,1,0,0,30,0,0,0,30,0,0,0
3163,3165,2017-01-21,3,2,0,0,30,0,0,0,30,0,0,0
3163,3165,2017-01-21,4,1,0,0,30,0,0,0,30,0,0,0
3163,3165,2017-01-21,4,2,0,1,30,0,0,0,30,0,0,0
3163,3165,2017-01-21,5,1,0,0,30,0,0,0,30,0,0,0
3163,3165,2017-01-21,5,2,0,0,30,0,0,0,30,0,0,0
3163,3165,2017-01-21,6,1,0,0,30,0,0,0,30,0,0,0
3163,3165,2017-01-21,6,2,0,0,30,0,0,0,30,0,0,0
3163,3165,2017-01-21,7,1,0,1,30,0,0,0,30,0,0,0
3163,3165,2017-01-21,7,2,0,0,30,0,0,0,30,0,0,0
3163,3165,2017-01-21,8,1,1,0,30,0,0,0,30,0,0,0
3163,3165,2017-01-21,8,2,1,1,30,0,0,0,30,0,0,0
3163,3165,2017-01-21,9,1,3,0,30,0,0,0,30,0,0,0
3163,3165,2017-01-21,9,2,2,1,30,0,0,0,30,0,0,0
3163,3165,2017-01-21,10,1,0,3,30,0,0,0,30,0,0,0
3163,3165,2017-01-21,10,2,5,1,30,0,0,0,30,0,0,0
3163,3165,2017-01-21,11,1,1,5,30,0,0,0,30,0,0,0
3163,3165,2017-01-21,11,2,2,1,30,0,0,0,30,0,0,0
3163,3165,2017-01-21,12,1,3,3,30,0,0,0,30,0,0,0
3163,3165,2017-01-21,12,2,2,2,30,0,0,0,30,0,0,0
3163,3165,2017-01-21,13,1,10,10,30,0,0,0,30,0,0,0
3163,3165,2017-01-21,13,2,11,3,30,0,0,0,30,0,0,0
3163,3165,2017-01-21,14,1,3,2,30,0,0,0,30,0,0,0
3163,3165,2017-01-21,14,2,3,9,26,4,0,0,30,0,0,0
3163,3165,2017-01-21,15,1,7,5,30,0,0,0,30,0,0,0
3163,3165,2017-01-21,15,2,12,3,27,0,3,0,30,0,0,0
3163,3165,2017-01-21,16,1,12,8,27,0,3,0,30,0,0,0
3163,3165,2017-01-21,16,2,0,0,27,0,3,0,30,0,0,0
3163,3165,2017-01-21,17,1,1,1,24,0,6,0,30,0,0,0
3163,3165,2017-01-21,17,2,1,6,22,0,8,0,30,0,0,0
3163,3165,2017-01-21,18,1,3,1,30,0,0,0,30,0,0,0
3163,3165,2017-01-21,18,2,2,2,26,4,0,0,30,0,0,0
3163,3165,2017-01-21,19,1,2,1,30,0,0,0,30,0,0,0
3163,3165,2017-01-21,19,2,0,2,30,0,0,0,30,0,0,0
3163,3165,2017-01-21,20,1,0,0,30,0,0,0,30,0,0,0
3163,3165,2017-01-21,20,2,0,1,30,0,0,0,30,0,0,0
3163,3165,2017-01-21,21,1,0,1,30,0,0,0,30,0,0,0
3163,3165,2017-01-21,21,2,0,0,30,0,0,0,30,0,0,0
3163,3165,2017-01-21,22,1,0,2,30,0,0,0,30,0,0,0
3163,3165,2017-01-21,22,2,1,0,30,0,0,0,30,0,0,0
3163,3165,2017-01-21,23,1,2,0,30,0,0,0,30,0,0,0
3163,3165,2017-01-21,23,2,0,0,30,0,0,0,30,0,0,0
3163,3165,2017-01-22,0,1,0,0,30,0,0,0,30,0,0,0
3163,3165,2017-01-22,0,2,0,0,30,0,0,0,30,0,0,0
3163,3165,2017-01-22,1,1,0,0,0,30,0,0,30,0,0,0
3163,3165,2017-01-22,1,2,0,0,0,30,0,0,30,0,0,0
3163,3165,2017-01-22,2,1,0,1,0,30,0,0,30,0,0,0
3163,3165,2017-01-22,2,2,0,0,0,30,0,0,30,0,0,0
3163,3165,2017-01-22,3,1,0,0,0,30,0,0,30,0,0,0
3163,3165,2017-01-22,3,2,0,0,0,30,0,0,30,0,0,0
3163,3165,2017-01-22,4,1,0,0,0,30,0,0,30,0,0,0
3163,3165,2017-01-22,4,2,0,0,0,30,0,0,30,0,0,0
3163,3165,2017-01-22,5,1,0,0,0,30,0,0,30,0,0,0
3163,3165,2017-01-22,5,2,0,0,0,30,0,0,30,0,0,0
3163,3165,2017-01-22,6,1,0,0,0,30,0,0,30,0,0,0
3163,3165,2017-01-22,6,2,0,0,16,14,0,0,30,0,0,0
3163,3165,2017-01-22,7,1,0,0,30,0,0,0,30,0,0,0
3163,3165,2017-01-22,7,2,1,0,15,15,0,0,30,0,0,0
3163,3165,2017-01-22,8,1,0,0,0,30,0,0,30,0,0,0
3163,3165,2017-01-22,8,2,5,0,0,27,3,0,30,0,0,0
3163,3165,2017-01-22,9,1,0,0,0,0,30,0,30,0,0,0
3163,3165,2017-01-22,9,2,0,0,0,0,30,0,30,0,0,0
3163,3165,2017-01-22,10,1,1,2,14,0,16,0,30,0,0,0
3163,3165,2017-01-22,10,2,1,1,18,3,9,0,30,0,0,0
3163,3165,2017-01-22,11,1,1,0,11,0,19,0,30,0,0,0
3163,3165,2017-01-22,11,2,2,3,20,0,10,0,30,0,0,0
3163,3165,2017-01-22,12,1,0,3,28,2,0,0,30,0,0,0
3163,3165,2017-01-22,12,2,4,1,12,18,0,0,30,0,0,0
3163,3165,2017-01-22,13,1,2,1,0,7,23,0,30,0,0,0
3163,3165,2017-01-22,13,2,3,8,12,0,18,0,30,0,0,0
3163,3165,2017-01-22,14,1,3,4,30,0,0,0,30,0,0,0
3163,3165,2017-01-22,14,2,3,2,10,20,0,0,30,0,0,0
3163,3165,2017-01-22,15,1,0,1,13,17,0,0,30,0,0,0
3163,3165,2017-01-22,15,2,0,0,30,0,0,0,30,0,0,0
3163,3165,2017-01-22,16,1,1,0,30,0,0,0,30,0,0,0
3163,3165,2017-01-22,16,2,0,0,30,0,0,0,30,0,0,0
3163,3165,2017-01-22,17,1,1,0,30,0,0,0,30,0,0,0
3163,3165,2017-01-22,17,2,0,0,30,0,0,0,30,0,0,0
3163,3165,2017-01-22,18,1,2,1,30,0,0,0,30,0,0,0
3163,3165,2017-01-22,18,2,1,1,30,0,0,0,30,0,0,0
3163,3165,2017-01-22,19,1,0,1,30,0,0,0,30,0,0,0
3163,3165,2017-01-22,19,2,1,0,30,0,0,0,30,0,0,0
3163,3165,2017-01-22,20,1,2,0,21,0,9,0,30,0,0,0
3163,3165,2017-01-22,20,2,0,0,0,0,30,0,30,0,0,0
3163,3165,2017-01-22,21,1,0,0,0,0,30,0,30,0,0,0
3163,3165,2017-01-22,21,2,0,1,12,0,18,0,30,0,0,0
3163,3165,2017-01-22,22,1,0,0,30,0,0,0,30,0,0,0
3163,3165,2017-01-22,22,2,0,0,30,0,0,0,30,0,0,0
3163,3165,2017-01-22,23,1,0,1,30,0,0,0,30,0,0,0
3163,3165,2017-01-22,23,2,0,0,30,0,0,0,30,0,0,0
3163,3165,2017-01-23,0,1,0,0,30,0,0,0,30,0,0,0
3163,3165,2017-01-23,0,2,0,1,30,0,0,0,30,0,0,0
3163,3165,2017-01-23,1,1,0,0,30,0,0,0,30,0,0,0
3163,3165,2017-01-23,1,2,0,0,30,0,0,0,30,0,0,0
3163,3165,2017-01-23,2,1,0,0,30,0,0,0,30,0,0,0
3163,3165,2017-01-23,2,2,0,0,30,0,0,0,30,0,0,0
3163,3165,2017-01-23,3,1,0,0,30,0,0,0,30,0,0,0
3163,3165,2017-01-23,3,2,0,0,30,0,0,0,30,0,0,0
3163,3165,2017-01-23,4,1,0,0,30,0,0,0,30,0,0,0
3163,3165,2017-01-23,4,2,0,0,30,0,0,0,30,0,0,0
3163,3165,2017-01-23,5,1,0,0,30,0,0,0,30,0,0,0
3163,3165,2017-01-23,5,2,0,0,30,0,0,0,30,0,0,0
3163,3165,2017-01-23,6,1,1,0,30,0,0,0,30,0,0,0
3163,3165,2017-01-23,6,2,0,1,30,0,0,0,30,0,0,0
3163,3165,2017-01-23,7,1,1,0,30,0,0,0,30,0,0,0
3163,3165,2017-01-23,7,2,4,1,7,19,4,0,30,0,0,0
3163,3165,2017-01-23,8,1,2,2,9,6,15,0,30,0,0,0
3163,3165,2017-01-23,8,2,0,1,0,4,26,0,30,0,0,0
3163,3165,2017-01-23,9,1,2,1,11,17,2,0,30,0,0,0
3163,3165,2017-01-23,9,2,0,2,0,11,19,0,30,0,0,0
3163,3165,2017-01-23,10,1,0,0,0,30,0,0,30,0,0,0
3163,3165,2017-01-23,10,2,1,1,0,30,0,0,30,0,0,0
3163,3165,2017-01-23,11,1,1,1,20,10,0,0,30,0,0,0
3163,3165,2017-01-23,11,2,1,0,15,0,15,0,30,0,0,0
3163,3165,2017-01-23,12,1,0,1,3,0,27,0,30,0,0,0
3163,3165,2017-01-23,12,2,0,0,30,0,0,0,30,0,0,0
3163,3165,2017-01-23,13,1,0,0,30,0,0,0,30,0,0,0
3163,3165,2017-01-23,13,2,1,1,12,0,18,0,30,0,0,0
3163,3165,2017-01-23,14,1,1,1,30,0,0,0,30,0,0,0
3163,3165,2017-01-23,14,2,1,0,17,0,13,0,30,0,0,0
3163,3165,2017-01-23,15,1,0,1,17,0,13,0,30,0,0,0
3163,3165,2017-01-23,15,2,0,0,30,0,0,0,30,0,0,0
3163,3165,2017-01-23,16,1,0,1,30,0,0,0,30,0,0,0
3163,3165,2017-01-23,16,2,0,0,30,0,0,0,30,0,0,0
3163,3165,2017-01-23,17,1,1,0,30,0,0,0,30,0,0,0
3163,3165,2017-01-23,17,2,0,0,30,0,0,0,30,0,0,0
3163,3165,2017-01-23,18,1,0,0,30,0,0,0,30,0,0,0
3163,3165,2017-01-23,18,2,0,0,30,0,0,0,30,0,0,0
3163,3165,2017-01-23,19,1,0,0,30,0,0,0,30,0,0,0
3163,3165,2017-01-23,19,2,0,0,30,0,0,0,30,0,0,0
3163,3165,2017-01-23,20,1,0,2,30,0,0,0,30,0,0,0
3163,3165,2017-01-23,20,2,1,0,30,0,0,0,30,0,0,0
3163,3165,2017-01-23,21,1,0,0,30,0,0,0,30,0,0,0
3163,3165,2017-01-23,21,2,0,0,30,0,0,0,30,0,0,0
3163,3165,2017-01-23,22,1,0,0,30,0,0,0,30,0,0,0
3163,3165,2017-01-23,22,2,0,0,30,0,0,0,30,0,0,0
3163,3165,2017-01-23,23,1,0,0,30,0,0,0,30,0,0,0
3163,3165,2017-01-23,23,2,0,0,30,0,0,0,30,0,0,0
3163,3165,2017-01-24,0,1,0,1,18,0,12,0,30,0,0,0
3163,3165,2017-01-24,0,2,0,0,6,0,24,0,30,0,0,0
3163,3165,2017-01-24,1,1,0,0,30,0,0,0,30,0,0,0
3163,3165,2017-01-24,1,2,0,0,30,0,0,0,30,0,0,0
3163,3165,2017-01-24,2,1,0,0,30,0,0,0,30,0,0,0
3163,3165,2017-01-24,2,2,0,0,30,0,0,0,30,0,0,0
3163,3165,2017-01-24,3,1,0,0,30,0,0,0,30,0,0,0
3163,3165,2017-01-24,3,2,0,0,30,0,0,0,30,0,0,0
3163,3165,2017-01-24,4,1,0,0,30,0,0,0,30,0,0,0
3163,3165,2017-01-24,4,2,0,0,30,0,0,0,30,0,0,0
3163,3165,2017-01-24,5,1,0,0,30,0,0,0,30,0,0,0
3163,3165,2017-01-24,5,2,0,0,30,0,0,0,30,0,0,0
3163,3165,2017-01-24,6,1,0,0,30,0,0,0,30,0,0,0
3163,3165,2017-01-24,6,2,1,1,30,0,0,0,30,0,0,0
3163,3165,2017-01-24,7,1,3,0,30,0,0,0,30,0,0,0
3163,3165,2017-01-24,7,2,1,1,30,0,0,0,30,0,0,0
3163,3165,2017-01-24,8,1,3,2,30,0,0,0,30,0,0,0
3163,3165,2017-01-24,8,2,0,2,30,0,0,0,30,0,0,0
3163,3165,2017-01-24,9,1,0,2,30,0,0,0,30,0,0,0
3163,3165,2017-01-24,9,2,1,1,30,0,0,0,30,0,0,0
3163,3165,2017-01-24,10,1,0,1,30,0,0,0,30,0,0,0
3163,3165,2017-01-24,10,2,0,1,30,0,0,0,30,0,0,0
3163,3165,2017-01-24,11,1,1,1,30,0,0,0,30,0,0,0
3163,3165,2017-01-24,11,2,0,0,30,0,0,0,30,0,0,0
3163,3165,2017-01-24,12,1,1,0,30,0,0,0,30,0,0,0
3163,3165,2017-01-24,12,2,0,0,30,0,0,0,30,0,0,0
3163,3165,2017-01-24,13,1,1,0,30,0,0,0,30,0,0,0
3163,3165,2017-01-24,13,2,1,1,30,0,0,0,30,0,0,0
3163,3165,2017-01-24,14,1,0,1,30,0,0,0,30,0,0,0
3163,3165,2017-01-24,14,2,1,2,30,0,0,0,30,0,0,0
3163,3165,2017-01-24,15,1,1,0,30,0,0,0,30,0,0,0
3163,3165,2017-01-24,15,2,0,0,30,0,0,0,30,0,0,0
3163,3165,2017-01-24,16,1,1,1,30,0,0,0,30,0,0,0
3163,3165,2017-01-24,16,2,0,1,30,0,0,0,30,0,0,0
3163,3165,2017-01-24,17,1,2,0,30,0,0,0,30,0,0,0
3163,3165,2017-01-24,17,2,0,0,30,0,0,0,30,0,0,0
3163,3165,2017-01-24,18,1,4,0,30,0,0,0,30,0,0,0
3163,3165,2017-01-24,18,2,1,2,30,0,0,0,30,0,0,0
3163,3165,2017-01-24,19,1,2,1,30,0,0,0,30,0,0,0
3163,3165,2017-01-24,19,2,0,0,30,0,0,0,30,0,0,0
3163,3165,2017-01-24,20,1,2,2,30,0,0,0,30,0,0,0
3163,3165,2017-01-24,20,2,1,0,30,0,0,0,30,0,0,0
3163,3165,2017-01-24,21,1,0,0,30,0,0,0,30,0,0,0
3163,3165,2017-01-24,21,2,0,0,30,0,0,0,30,0,0,0
3163,3165,2017-01-24,22,1,0,0,30,0,0,0,30,0,0,0
3163,3165,2017-01-24,22,2,0,0,30,0,0,0,30,0,0,0
3163,3165,2017-01-24,23,1,2,0,30,0,0,0,30,0,0,0
3163,3165,2017-01-24,23,2,0,0,30,0,0,0,30,0,0,0
3163,3165,2017-01-25,0,1,0,0,30,0,0,0,30,0,0,0
3163,3165,2017-01-25,0,2,0,0,30,0,0,0,30,0,0,0
3163,3165,2017-01-25,1,1,0,2,30,0,0,0,30,0,0,0
3163,3165,2017-01-25,1,2,1,1,30,0,0,0,30,0,0,0
3163,3165,2017-01-25,2,1,0,0,30,0,0,0,30,0,0,0
3163,3165,2017-01-25,2,2,0,1,30,0,0,0,30,0,0,0
3163,3165,2017-01-25,3,1,0,0,30,0,0,0,30,0,0,0
3163,3165,2017-01-25,3,2,0,0,30,0,0,0,30,0,0,0
3163,3165,2017-01-25,4,1,0,0,30,0,0,0,30,0,0,0
3163,3165,2017-01-25,4,2,0,0,30,0,0,0,30,0,0,0
3163,3165,2017-01-25,5,1,1,0,30,0,0,0,30,0,0,0
3163,3165,2017-01-25,5,2,0,0,30,0,0,0,30,0,0,0
3163,3165,2017-01-25,6,1,0,0,30,0,0,0,30,0,0,0
3163,3165,2017-01-25,6,2,0,0,30,0,0,0,30,0,0,0
3163,3165,2017-01-25,7,1,5,0,30,0,0,0,30,0,0,0
3163,3165,2017-01-25,7,2,6,2,30,0,0,0,30,0,0,0
3163,3165,2017-01-25,8,1,6,1,30,0,0,0,30,0,0,0
3163,3165,2017-01-25,8,2,14,2,18,12,0,0,30,0,0,0
3163,3165,2017-01-25,9,1,7,4,0,30,0,0,30,0,0,0
3163,3165,2017-01-25,9,2,7,3,0,27,3,0,30,0,0,0
3163,3165,2017-01-25,10,1,1,2,0,3,27,0,30,0,0,0
3163,3165,2017-01-25,10,2,2,2,0,22,8,0,30,0,0,0
3163,3165,2017-01-25,11,1,0,0,0,0,30,0,30,0,0,0
3163,3165,2017-01-25,11,2,1,2,18,1,11,0,30,0,0,0
3163,3165,2017-01-25,12,1,1,1,6,0,24,0,30,0,0,0
3163,3165,2017-01-25,12,2,0,1,30,0,0,0,30,0,0,0
3163,3165,2017-01-25,13,1,2,4,30,0,0,0,30,0,0,0
3163,3165,2017-01-25,13,2,5,2,18,0,12,0,30,0,0,0
3163,3165,2017-01-25,14,1,3,4,30,0,0,0,30,0,0,0
3163,3165,2017-01-25,14,2,2,0,12,0,18,0,30,0,0,0
3163,3165,2017-01-25,15,1,0,3,20,10,0,0,30,0,0,0
3163,3165,2017-01-25,15,2,3,2,30,0,0,0,30,0,0,0
3163,3165,2017-01-25,16,1,5,5,27,3,0,0,30,0,0,0
3163,3165,2017-01-25,16,2,3,5,30,0,0,0,30,0,0,0
3163,3165,2017-01-25,17,1,2,0,26,4,0,0,30,0,0,0
3163,3165,2017-01-25,17,2,6,6,30,0,0,0,30,0,0,0
3163,3165,2017-01-25,18,1,3,4,30,0,0,0,30,0,0,0
3163,3165,2017-01-25,18,2,1,1,30,0,0,0,30,0,0,0
3163,3165,2017-01-25,19,1,1,0,30,0,0,0,30,0,0,0
3163,3165,2017-01-25,19,2,2,2,27,0,3,0,30,0,0,0
3163,3165,2017-01-25,20,1,0,1,30,0,0,0,30,0,0,0
3163,3165,2017-01-25,20,2,2,1,30,0,0,0,30,0,0,0
3163,3165,2017-01-25,21,1,2,1,18,0,12,0,30,0,0,0
3163,3165,2017-01-25,21,2,3,2,27,0,3,0,30,0,0,0
3163,3165,2017-01-25,22,1,0,0,0,0,30,0,30,0,0,0
3163,3165,2017-01-25,22,2,0,0,0,0,30,0,30,0,0,0
3163,3165,2017-01-25,23,1,1,3,25,0,5,0,30,0,0,0
3163,3165,2017-01-25,23,2,0,0,30,0,0,0,30,0,0,0
3163,3165,2017-01-26,0,1,0,0,15,0,15,0,30,0,0,0
3163,3165,2017-01-26,0,2,0,0,0,0,30,0,30,0,0,0
3163,3165,2017-01-26,1,1,0,0,26,0,4,0,30,0,0,0
3163,3165,2017-01-26,1,2,1,1,30,0,0,0,30,0,0,0
3163,3165,2017-01-26,2,1,0,0,30,0,0,0,30,0,0,0
3163,3165,2017-01-26,2,2,0,0,30,0,0,0,30,0,0,0
3163,3165,2017-01-26,3,1,0,0,30,0,0,0,30,0,0,0
3163,3165,2017-01-26,3,2,0,0,30,0,0,0,30,0,0,0
3163,3165,2017-01-26,4,1,0,0,30,0,0,0,30,0,0,0
3163,3165,2017-01-26,4,2,0,0,30,0,0,0,30,0,0,0
3163,3165,2017-01-26,5,1,1,0,30,0,0,0,30,0,0,0
3163,3165,2017-01-26,5,2,0,0,30,0,0,0,30,0,0,0
3163,3165,2017-01-26,6,1,1,0,1,0,29,0,30,0,0,0
3163,3165,2017-01-26,6,2,0,0,0,0,30,0,30,0,0,0
3163,3165,2017-01-26,7,1,0,0,0,0,30,0,30,0,0,0
3163,3165,2017-01-26,7,2,1,2,0,12,18,0,30,0,0,0
3163,3165,2017-01-26,8,1,3,2,0,27,3,0,30,0,0,0
3163,3165,2017-01-26,8,2,0,0,0,0,30,0,30,0,0,0
3163,3165,2017-01-26,9,1,1,2,25,2,3,0,30,0,0,0
3163,3165,2017-01-26,9,2,1,0,0,7,23,0,30,0,0,0
3163,3165,2017-01-26,10,1,0,0,0,0,30,0,30,0,0,0
3163,3165,2017-01-26,10,2,0,0,0,0,30,0,30,0,0,0
3163,3165,2017-01-26,11,1,0,0,0,0,30,0,30,0,0,0
3163,3165,2017-01-26,11,2,0,1,0,2,28,0,30,0,0,0
3163,3165,2017-01-26,12,1,3,2,2,10,18,0,30,0,0,0
3163,3165,2017-01-26,12,2,1,5,30,0,0,0,30,0,0,0
3163,3165,2017-01-26,13,1,1,0,10,20,0,0,30,0,0,0
3163,3165,2017-01-26,13,2,1,2,8,22,0,0,30,0,0,0
3163,3165,2017-01-26,14,1,0,2,27,3,0,0,30,0,0,0
3163,3165,2017-01-26,14,2,4,1,13,17,0,0,30,0,0,0
3163,3165,2017-01-26,15,1,1,2,1,29,0,0,30,0,0,0
3163,3165,2017-01-26,15,2,1,0,30,0,0,0,30,0,0,0
3163,3165,2017-01-26,16,1,3,4,24,0,6,0,30,0,0,0
3163,3165,2017-01-26,16,2,2,0,21,9,0,0,30,0,0,0
3163,3165,2017-01-26,17,1,3,2,21,0,9,0,30,0,0,0
3163,3165,2017-01-26,17,2,2,4,20,0,10,0,30,0,0,0
3163,3165,2017-01-26,18,1,4,3,24,0,6,0,30,0,0,0
3163,3165,2017-01-26,18,2,3,6,16,14,0,0,30,0,0,0
3163,3165,2017-01-26,19,1,3,2,30,0,0,0,30,0,0,0
3163,3165,2017-01-26,19,2,1,1,30,0,0,0,30,0,0,0
3163,3165,2017-01-26,20,1,3,0,30,0,0,0,30,0,0,0
3163,3165,2017-01-26,20,2,2,0,23,0,7,0,30,0,0,0
3163,3165,2017-01-26,21,1,0,0,0,0,30,0,30,0,0,0
3163,3165,2017-01-26,21,2,0,0,0,0,30,0,30,0,0,0
3163,3165,2017-01-26,22,1,0,2,30,0,0,0,30,0,0,0
3163,3165,2017-01-26,22,2,1,0,30,0,0,0,30,0,0,0
3163,3165,2017-01-26,23,1,2,0,4,0,26,0,30,0,0,0
3163,3165,2017-01-26,23,2,0,0,0,0,30,0,30,0,0,0
3163,3165,2017-01-27,0,1,0,0,0,30,0,0,30,0,0,0
3163,3165,2017-01-27,0,2,0,0,25,5,0,0,30,0,0,0
3163,3165,2017-01-27,1,1,0,0,19,0,11,0,30,0,0,0
3163,3165,2017-01-27,1,2,0,0,0,0,30,0,30,0,0,0
3163,3165,2017-01-27,2,1,0,0,0,0,30,0,30,0,0,0
3163,3165,2017-01-27,2,2,0,0,0,0,30,0,30,0,0,0
3163,3165,2017-01-27,3,1,0,0,0,0,30,0,30,0,0,0
3163,3165,2017-01-27,3,2,0,0,0,0,30,0,30,0,0,0
3163,3165,2017-01-27,4,1,0,0,0,0,30,0,30,0,0,0
3163,3165,2017-01-27,4,2,0,0,0,0,30,0,30,0,0,0
3163,3165,2017-01-27,5,1,1,0,30,0,0,0,30,0,0,0
3163,3165,2017-01-27,5,2,0,1,30,0,0,0,30,0,0,0
3163,3165,2017-01-27,6,1,0,0,30,0,0,0,30,0,0,0
3163,3165,2017-01-27,6,2,2,0,30,0,0,0,30,0,0,0
3163,3165,2017-01-27,7,1,4,0,30,0,0,0,30,0,0,0
3163,3165,2017-01-27,7,2,1,3,30,0,0,0,30,0,0,0
3163,3165,2017-01-27,8,1,4,5,30,0,0,0,30,0,0,0
3163,3165,2017-01-27,8,2,5,1,30,0,0,0,30,0,0,0
3163,3165,2017-01-27,9,1,5,1,30,0,0,0,30,0,0,0
3163,3165,2017-01-27,9,2,2,3,18,12,0,0,30,0,0,0
3163,3165,2017-01-27,10,1,3,1,6,24,0,0,30,0,0,0
3163,3165,2017-01-27,10,2,1,2,30,0,0,0,30,0,0,0
3163,3165,2017-01-27,11,1,3,3,30,0,0,0,30,0,0,0
3163,3165,2017-01-27,11,2,1,2,16,14,0,0,30,0,0,0
3163,3165,2017-01-27,12,1,3,2,17,0,13,0,30,0,0,0
3163,3165,2017-01-27,12,2,2,1,4,0,26,0,30,0,0,0
3163,3165,2017-01-27,13,1,1,2,7,0,23,0,30,0,0,0
3163,3165,2017-01-27,13,2,3,3,30,0,0,0,30,0,0,0
3163,3165,2017-01-27,14,1,1,1,30,0,0,0,30,0,0,0
3163,3165,2017-01-27,14,2,2,4,29,1,0,0,30,0,0,0
3163,3165,2017-01-27,15,1,2,0,1,29,0,0,30,0,0,0
3163,3165,2017-01-27,15,2,2,1,23,7,0,0,30,0,0,0
3163,3165,2017-01-27,16,1,2,1,12,9,9,0,30,0,0,0
3163,3165,2017-01-27,16,2,1,2,15,0,15,0,30,0,0,0
3163,3165,2017-01-27,17,1,2,4,30,0,0,0,30,0,0,0
3163,3165,2017-01-27,17,2,1,4,30,0,0,0,30,0,0,0
3163,3165,2017-01-27,18,1,2,3,30,0,0,0,30,0,0,0
3163,3165,2017-01-27,18,2,0,1,30,0,0,0,30,0,0,0
3163,3165,2017-01-27,19,1,0,2,30,0,0,0,30,0,0,0
3163,3165,2017-01-27,19,2,0,0,30,0,0,0,30,0,0,0
3163,3165,2017-01-27,20,1,0,0,30,0,0,0,30,0,0,0
3163,3165,2017-01-27,20,2,0,0,30,0,0,0,30,0,0,0
3163,3165,2017-01-27,21,1,4,0,30,0,0,0,30,0,0,0
3163,3165,2017-01-27,21,2,0,0,30,0,0,0,30,0,0,0
3163,3165,2017-01-27,22,1,0,1,30,0,0,0,30,0,0,0
3163,3165,2017-01-27,22,2,0,0,30,0,0,0,30,0,0,0
3163,3165,2017-01-27,23,1,1,1,30,0,0,0,30,0,0,0
3163,3165,2017-01-27,23,2,0,0,30,0,0,0,30,0,0,0
3163,3165,2017-01-28,0,1,0,1,30,0,0,0,30,0,0,0
3163,3165,2017-01-28,0,2,0,0,30,0,0,0,30,0,0,0
3163,3165,2017-01-28,1,1,0,0,30,0,0,0,30,0,0,0
3163,3165,2017-01-28,1,2,1,0,30,0,0,0,30,0,0,0
3163,3165,2017-01-28,2,1,0,0,30,0,0,0,30,0,0,0
3163,3165,2017-01-28,2,2,0,0,30,0,0,0,30,0,0,0
3163,3165,2017-01-28,3,1,0,0,30,0,0,0,30,0,0,0
3163,3165,2017-01-28,3,2,0,0,30,0,0,0,30,0,0,0
3163,3165,2017-01-28,4,1,0,0,30,0,0,0,30,0,0,0
3163,3165,2017-01-28,4,2,0,0,30,0,0,0,30,0,0,0
3163,3165,2017-01-28,5,1,0,0,30,0,0,0,30,0,0,0
3163,3165,2017-01-28,5,2,0,0,30,0,0,0,30,0,0,0
3163,3165,2017-01-28,6,1,0,0,30,0,0,0,30,0,0,0
3163,3165,2017-01-28,6,2,0,0,30,0,0,0,30,0,0,0
3163,3165,2017-01-28,7,1,0,0,30,0,0,0,30,0,0,0
3163,3165,2017-01-28,7,2,1,0,30,0,0,0,30,0,0,0
3163,3165,2017-01-28,8,1,0,0,30,0,0,0,30,0,0,0
3163,3165,2017-01-28,8,2,1,0,30,0,0,0,30,0,0,0
3163,3165,2017-01-28,9,1,1,0,30,0,0,0,30,0,0,0
3163,3165,2017-01-28,9,2,1,1,30,0,0,0,30,0,0,0
3163,3165,2017-01-28,10,1,1,0,30,0,0,0,30,0,0,0
3163,3165,2017-01-28,10,2,7,10,30,0,0,0,30,0,0,0
3163,3165,2017-01-28,11,1,5,3,30,0,0,0,30,0,0,0
3163,3165,2017-01-28,11,2,2,3,30,0,0,0,30,0,0,0
3163,3165,2017-01-28,12,1,2,1,30,0,0,0,30,0,0,0
3163,3165,2017-01-28,12,2,6,2,30,0,0,0,30,0,0,0
3163,3165,2017-01-28,13,1,2,6,30,0,0,0,30,0,0,0
3163,3165,2017-01-28,13,2,1,3,30,0,0,0,30,0,0,0
3163,3165,2017-01-28,14,1,1,0,30,0,0,0,30,0,0,0
3163,3165,2017-01-28,14,2,5,1,30,0,0,0,30,0,0,0
3163,3165,2017-01-28,15,1,3,3,30,0,0,0,30,0,0,0
3163,3165,2017-01-28,15,2,1,0,30,0,0,0,30,0,0,0
3163,3165,2017-01-28,16,1,4,1,30,0,0,0,30,0,0,0
3163,3165,2017-01-28,16,2,4,3,30,0,0,0,30,0,0,0
3163,3165,2017-01-28,17,1,3,1,30,0,0,0,30,0,0,0
3163,3165,2017-01-28,17,2,0,0,30,0,0,0,30,0,0,0
3163,3165,2017-01-28,18,1,0,0,30,0,0,0,30,0,0,0
3163,3165,2017-01-28,18,2,0,0,30,0,0,0,30,0,0,0
3163,3165,2017-01-28,19,1,0,2,30,0,0,0,30,0,0,0
3163,3165,2017-01-28,19,2,0,0,30,0,0,0,30,0,0,0
3163,3165,2017-01-28,20,1,1,0,30,0,0,0,30,0,0,0
3163,3165,2017-01-28,20,2,1,0,30,0,0,0,30,0,0,0
3163,3165,2017-01-28,21,1,0,0,30,0,0,0,30,0,0,0
3163,3165,2017-01-28,21,2,0,0,30,0,0,0,30,0,0,0
3163,3165,2017-01-28,22,1,0,0,30,0,0,0,30,0,0,0
3163,3165,2017-01-28,22,2,0,1,30,0,0,0,30,0,0,0
3163,3165,2017-01-28,23,1,0,0,30,0,0,0,30,0,0,0
3163,3165,2017-01-28,23,2,0,0,30,0,0,0,30,0,0,0
3163,3165,2017-01-29,0,1,0,0,30,0,0,0,30,0,0,0
3163,3165,2017-01-29,0,2,1,1,30,0,0,0,30,0,0,0
3163,3165,2017-01-29,1,1,0,0,30,0,0,0,30,0,0,0
3163,3165,2017-01-29,1,2,0,0,30,0,0,0,30,0,0,0
3163,3165,2017-01-29,2,1,0,0,30,0,0,0,30,0,0,0
3163,3165,2017-01-29,2,2,0,0,30,0,0,0,30,0,0,0
3163,3165,2017-01-29,3,1,0,0,30,0,0,0,30,0,0,0
3163,3165,2017-01-29,3,2,0,0,30,0,0,0,30,0,0,0
3163,3165,2017-01-29,4,1,0,0,30,0,0,0,30,0,0,0
3163,3165,2017-01-29,4,2,0,0,30,0,0,0,30,0,0,0
3163,3165,2017-01-29,5,1,0,0,30,0,0,0,30,0,0,0
3163,3165,2017-01-29,5,2,0,0,30,0,0,0,30,0,0,0
3163,3165,2017-01-29,6,1,0,0,30,0,0,0,30,0,0,0
3163,3165,2017-01-29,6,2,0,0,30,0,0,0,30,0,0,0
3163,3165,2017-01-29,7,1,0,0,30,0,0,0,30,0,0,0
3163,3165,2017-01-29,7,2,0,0,30,0,0,0,30,0,0,0
3163,3165,2017-01-29,8,1,0,0,30,0,0,0,30,0,0,0
3163,3165,2017-01-29,8,2,0,1,30,0,0,0,30,0,0,0
3163,3165,2017-01-29,9,1,0,1,30,0,0,0,30,0,0,0
3163,3165,2017-01-29,9,2,0,0,30,0,0,0,30,0,0,0
3163,3165,2017-01-29,10,1,0,1,30,0,0,0,30,0,0,0
3163,3165,2017-01-29,10,2,0,2,30,0,0,0,30,0,0,0
3163,3165,2017-01-29,11,1,3,1,30,0,0,0,30,0,0,0
3163,3165,2017-01-29,11,2,3,1,30,0,0,0,30,0,0,0
3163,3165,2017-01-29,12,1,2,2,30,0,0,0,30,0,0,0
3163,3165,2017-01-29,12,2,0,2,30,0,0,0,30,0,0,0
3163,3165,2017-01-29,13,1,1,1,30,0,0,0,30,0,0,0
3163,3165,2017-01-29,13,2,1,0,30,0,0,0,30,0,0,0
3163,3165,2017-01-29,14,1,0,3,30,0,0,0,30,0,0,0
3163,3165,2017-01-29,14,2,0,2,30,0,0,0,30,0,0,0
3163,3165,2017-01-29,15,1,1,3,30,0,0,0,30,0,0,0
3163,3165,2017-01-29,15,2,0,0,30,0,0,0,30,0,0,0
3163,3165,2017-01-29,16,1,3,2,30,0,0,0,30,0,0,0
3163,3165,2017-01-29,16,2,0,0,30,0,0,0,30,0,0,0
3163,3165,2017-01-29,17,1,3,3,30,0,0,0,30,0,0,0
3163,3165,2017-01-29,17,2,2,1,30,0,0,0,30,0,0,0
3163,3165,2017-01-29,18,1,5,2,30,0,0,0,30,0,0,0
3163,3165,2017-01-29,18,2,1,1,30,0,0,0,30,0,0,0
3163,3165,2017-01-29,19,1,1,0,30,0,0,0,30,0,0,0
3163,3165,2017-01-29,19,2,0,3,30,0,0,0,30,0,0,0
3163,3165,2017-01-29,20,1,0,0,30,0,0,0,30,0,0,0
3163,3165,2017-01-29,20,2,0,0,30,0,0,0,30,0,0,0
3163,3165,2017-01-29,21,1,2,1,30,0,0,0,30,0,0,0
3163,3165,2017-01-29,21,2,0,1,30,0,0,0,30,0,0,0
3163,3165,2017-01-29,22,1,1,0,30,0,0,0,30,0,0,0
3163,3165,2017-01-29,22,2,1,0,30,0,0,0,30,0,0,0
3163,3165,2017-01-29,23,1,0,0,30,0,0,0,30,0,0,0
3163,3165,2017-01-29,23,2,0,0,30,0,0,0,30,0,0,0
3163,3165,2017-01-30,0,1,0,0,30,0,0,0,30,0,0,0
3163,3165,2017-01-30,0,2,0,0,30,0,0,0,30,0,0,0
3163,3165,2017-01-30,1,1,0,0,30,0,0,0,30,0,0,0
3163,3165,2017-01-30,1,2,0,0,30,0,0,0,30,0,0,0
3163,3165,2017-01-30,2,1,0,0,30,0,0,0,30,0,0,0
3163,3165,2017-01-30,2,2,0,0,30,0,0,0,30,0,0,0
3163,3165,2017-01-30,3,1,0,0,30,0,0,0,30,0,0,0
3163,3165,2017-01-30,3,2,0,0,30,0,0,0,30,0,0,0
3163,3165,2017-01-30,4,1,0,0,30,0,0,0,30,0,0,0
3163,3165,2017-01-30,4,2,0,0,30,0,0,0,30,0,0,0
3163,3165,2017-01-30,5,1,1,0,30,0,0,0,30,0,0,0
3163,3165,2017-01-30,5,2,1,1,30,0,0,0,30,0,0,0
3163,3165,2017-01-30,6,1,0,0,30,0,0,0,30,0,0,0
3163,3165,2017-01-30,6,2,1,0,30,0,0,0,30,0,0,0
3163,3165,2017-01-30,7,1,3,1,30,0,0,0,30,0,0,0
3163,3165,2017-01-30,7,2,5,2,30,0,0,0,30,0,0,0
3163,3165,2017-01-30,8,1,3,3,30,0,0,0,30,0,0,0
3163,3165,2017-01-30,8,2,9,0,8,22,0,0,30,0,0,0
3163,3165,2017-01-30,9,1,12,1,0,30,0,0,30,0,0,0
3163,3165,2017-01-30,9,2,2,3,0,30,0,0,30,0,0,0
3163,3165,2017-01-30,10,1,2,1,11,10,9,0,30,0,0,0
3163,3165,2017-01-30,10,2,2,1,3,5,22,0,30,0,0,0
3163,3165,2017-01-30,11,1,0,0,0,0,30,0,30,0,0,0
3163,3165,2017-01-30,11,2,0,0,0,0,30,0,30,0,0,0
3163,3165,2017-01-30,12,1,0,1,6,0,24,0,30,0,0,0
3163,3165,2017-01-30,12,2,0,0,30,0,0,0,30,0,0,0
3163,3165,2017-01-30,13,1,1,1,30,0,0,0,30,0,0,0
3163,3165,2017-01-30,13,2,2,1,26,0,4,0,30,0,0,0
3163,3165,2017-01-30,14,1,0,1,19,0,11,0,30,0,0,0
3163,3165,2017-01-30,14,2,1,3,30,0,0,0,30,0,0,0
3163,3165,2017-01-30,15,1,1,1,30,0,0,0,30,0,0,0
3163,3165,2017-01-30,15,2,1,2,27,3,0,0,30,0,0,0
3163,3165,2017-01-30,16,1,2,1,9,0,21,0,30,0,0,0
3163,3165,2017-01-30,16,2,0,2,30,0,0,0,30,0,0,0
3163,3165,2017-01-30,17,1,3,0,20,0,10,0,30,0,0,0
3163,3165,2017-01-30,17,2,1,2,21,0,9,0,30,0,0,0
3163,3165,2017-01-30,18,1,4,6,30,0,0,0,30,0,0,0
3163,3165,2017-01-30,18,2,2,3,30,0,0,0,30,0,0,0
3163,3165,2017-01-30,19,1,2,1,30,0,0,0,30,0,0,0
3163,3165,2017-01-30,19,2,1,1,30,0,0,0,30,0,0,0
3163,3165,2017-01-30,20,1,0,2,30,0,0,0,30,0,0,0
3163,3165,2017-01-30,20,2,0,1,30,0,0,0,30,0,0,0
3163,3165,2017-01-30,21,1,0,1,30,0,0,0,30,0,0,0
3163,3165,2017-01-30,21,2,0,0,30,0,0,0,30,0,0,0
3163,3165,2017-01-30,22,1,0,0,30,0,0,0,30,0,0,0
3163,3165,2017-01-30,22,2,0,0,30,0,0,0,30,0,0,0
3163,3165,2017-01-30,23,1,0,0,30,0,0,0,30,0,0,0
3163,3165,2017-01-30,23,2,0,0,30,0,0,0,30,0,0,0
3163,3165,2017-01-31,0,1,1,0,30,0,0,0,30,0,0,0
3163,3165,2017-01-31,0,2,1,0,19,0,11,0,30,0,0,0
3163,3165,2017-01-31,1,1,1,0,6,0,24,0,30,0,0,0
3163,3165,2017-01-31,1,2,0,0,30,0,0,0,30,0,0,0
3163,3165,2017-01-31,2,1,0,0,30,0,0,0,30,0,0,0
3163,3165,2017-01-31,2,2,0,0,30,0,0,0,30,0,0,0
3163,3165,2017-01-31,3,1,0,0,30,0,0,0,30,0,0,0
3163,3165,2017-01-31,3,2,0,0,30,0,0,0,30,0,0,0
3163,3165,2017-01-31,4,1,0,0,30,0,0,0,30,0,0,0
3163,3165,2017-01-31,4,2,0,0,30,0,0,0,30,0,0,0
3163,3165,2017-01-31,5,1,1,0,30,0,0,0,30,0,0,0
3163,3165,2017-01-31,5,2,0,0,30,0,0,0,30,0,0,0
3163,3165,2017-01-31,6,1,2,0,30,0,0,0,30,0,0,0
3163,3165,2017-01-31,6,2,0,1,30,0,0,0,30,0,0,0
3163,3165,2017-01-31,7,1,3,1,30,0,0,0,30,0,0,0
3163,3165,2017-01-31,7,2,7,1,30,0,0,0,30,0,0,0
3163,3165,2017-01-31,8,1,2,2,30,0,0,0,30,0,0,0
3163,3165,2017-01-31,8,2,3,4,30,0,0,0,30,0,0,0
3163,3165,2017-01-31,9,1,2,1,30,0,0,0,30,0,0,0
3163,3165,2017-01-31,9,2,4,0,18,12,0,0,30,0,0,0
3163,3165,2017-01-31,10,1,5,5,0,30,0,0,30,0,0,0
3163,3165,2017-01-31,10,2,3,1,0,30,0,0,30,0,0,0
3163,3165,2017-01-31,11,1,2,0,0,30,0,0,30,0,0,0
3163,3165,2017-01-31,11,2,0,0,0,30,0,0,30,0,0,0
3163,3165,2017-01-31,12,1,0,0,9,21,0,0,30,0,0,0
3163,3165,2017-01-31,12,2,1,1,30,0,0,0,30,0,0,0
3163,3165,2017-01-31,13,1,1,0,30,0,0,0,30,0,0,0
3163,3165,2017-01-31,13,2,0,0,4,0,26,0,30,0,0,0
3163,3165,2017-01-31,14,1,0,1,0,23,7,0,30,0,0,0
3163,3165,2017-01-31,14,2,1,0,0,16,14,0,30,0,0,0
3163,3165,2017-01-31,15,1,0,0,0,0,30,0,30,0,0,0
3163,3165,2017-01-31,15,2,0,0,0,0,30,0,30,0,0,0
3163,3165,2017-01-31,16,1,0,1,10,0,20,0,30,0,0,0
3163,3165,2017-01-31,16,2,3,1,15,0,15,0,30,0,0,0
3163,3165,2017-01-31,17,1,0,0,0,0,30,0,30,0,0,0
3163,3165,2017-01-31,17,2,0,3,22,0,8,0,30,0,0,0
3163,3165,2017-01-31,18,1,3,2,30,0,0,0,30,0,0,0
3163,3165,2017-01-31,18,2,1,2,30,0,0,0,30,0,0,0
3163,3165,2017-01-31,19,1,1,3,30,0,0,0,30,0,0,0
3163,3165,2017-01-31,19,2,0,2,30,0,0,0,30,0,0,0
3163,3165,2017-01-31,20,1,2,0,30,0,0,0,30,0,0,0
3163,3165,2017-01-31,20,2,1,0,30,0,0,0,30,0,0,0
3163,3165,2017-01-31,21,1,0,0,30,0,0,0,30,0,0,0
3163,3165,2017-01-31,21,2,1,2,30,0,0,0,30,0,0,0
3163,3165,2017-01-31,22,1,1,1,30,0,0,0,30,0,0,0
3163,3165,2017-01-31,22,2,0,0,30,0,0,0,30,0,0,0
3163,3165,2017-01-31,23,1,1,1,30,0,0,0,30,0,0,0
3163,3165,2017-01-31,23,2,0,0,30,0,0,0,30,0,0,0
3163,3165,2017-02-01,0,1,0,0,20,10,0,0,30,0,0,0
