target_station_id,nearby_station_id_1,nearby_station_id_2,date,hour,period,pickup,dropoff,"is_empty_(0, 0, 0)","is_empty_(0, 0, 1)","is_empty_(0, 1, 0)","is_empty_(0, 1, 1)","is_empty_(1, 0, 0)","is_empty_(1, 0, 1)","is_empty_(1, 1, 0)","is_empty_(1, 1, 1)","is_full_(0, 0, 0)","is_full_(0, 0, 1)","is_full_(0, 1, 0)","is_full_(0, 1, 1)","is_full_(1, 0, 0)","is_full_(1, 0, 1)","is_full_(1, 1, 0)","is_full_(1, 1, 1)"
3094,3086,3095,2017-03-01,13,1,0,0,0,11,0,0,0,0,0,0,11,0,0,0,0,0,0,0
3094,3086,3095,2017-03-01,13,2,0,1,5,25,0,0,0,0,0,0,30,0,0,0,0,0,0,0
3094,3086,3095,2017-03-01,14,1,1,0,30,0,0,0,0,0,0,0,30,0,0,0,0,0,0,0
3094,3086,3095,2017-03-01,14,2,0,0,0,30,0,0,0,0,0,0,30,0,0,0,0,0,0,0
3094,3086,3095,2017-03-01,15,1,0,1,0,30,0,0,0,0,0,0,30,0,0,0,0,0,0,0
3094,3086,3095,2017-03-01,15,2,0,0,0,30,0,0,0,0,0,0,30,0,0,0,0,0,0,0
3094,3086,3095,2017-03-01,16,1,0,0,0,30,0,0,0,0,0,0,30,0,0,0,0,0,0,0
3094,3086,3095,2017-03-01,16,2,0,0,4,26,0,0,0,0,0,0,30,0,0,0,0,0,0,0
3094,3086,3095,2017-03-01,17,1,0,0,8,22,0,0,0,0,0,0,30,0,0,0,0,0,0,0
3094,3086,3095,2017-03-01,17,2,0,0,0,30,0,0,0,0,0,0,30,0,0,0,0,0,0,0
3094,3086,3095,2017-03-01,18,1,1,1,0,30,0,0,0,0,0,0,30,0,0,0,0,0,0,0
3094,3086,3095,2017-03-01,18,2,1,1,0,30,0,0,0,0,0,0,30,0,0,0,0,0,0,0
3094,3086,3095,2017-03-01,19,1,0,0,14,16,0,0,0,0,0,0,30,0,0,0,0,0,0,0
3094,3086,3095,2017-03-01,19,2,0,1,30,0,0,0,0,0,0,0,30,0,0,0,0,0,0,0
3094,3086,3095,2017-03-01,20,1,1,0,3,0,27,0,0,0,0,0,30,0,0,0,0,0,0,0
3094,3086,3095,2017-03-01,20,2,2,1,1,0,29,0,0,0,0,0,30,0,0,0,0,0,0,0
3094,3086,3095,2017-03-01,21,1,0,0,30,0,0,0,0,0,0,0,30,0,0,0,0,0,0,0
3094,3086,3095,2017-03-01,21,2,0,0,27,0,3,0,0,0,0,0,30,0,0,0,0,0,0,0
3094,3086,3095,2017-03-01,22,1,1,3,30,0,0,0,0,0,0,0,30,0,0,0,0,0,0,0
3094,3086,3095,2017-03-01,22,2,2,0,7,0,23,0,0,0,0,0,30,0,0,0,0,0,0,0
3094,3086,3095,2017-03-01,23,1,2,0,0,0,26,0,4,0,0,0,30,0,0,0,0,0,0,0
3094,3086,3095,2017-03-01,23,2,0,1,19,0,0,0,11,0,0,0,30,0,0,0,0,0,0,0
3094,3086,3095,2017-03-02,0,1,0,0,8,0,22,0,0,0,0,0,30,0,0,0,0,0,0,0
3094,3086,3095,2017-03-02,0,2,0,0,0,0,30,0,0,0,0,0,30,0,0,0,0,0,0,0
3094,3086,3095,2017-03-02,1,1,0,0,0,0,30,0,0,0,0,0,30,0,0,0,0,0,0,0
3094,3086,3095,2017-03-02,1,2,0,0,30,0,0,0,0,0,0,0,30,0,0,0,0,0,0,0
3094,3086,3095,2017-03-02,2,1,0,0,30,0,0,0,0,0,0,0,30,0,0,0,0,0,0,0
3094,3086,3095,2017-03-02,2,2,0,0,30,0,0,0,0,0,0,0,30,0,0,0,0,0,0,0
3094,3086,3095,2017-03-02,3,1,0,0,9,0,21,0,0,0,0,0,30,0,0,0,0,0,0,0
3094,3086,3095,2017-03-02,3,2,0,0,0,0,30,0,0,0,0,0,30,0,0,0,0,0,0,0
3094,3086,3095,2017-03-02,4,1,0,0,0,0,30,0,0,0,0,0,30,0,0,0,0,0,0,0
3094,3086,3095,2017-03-02,4,2,0,0,0,0,30,0,0,0,0,0,30,0,0,0,0,0,0,0
3094,3086,3095,2017-03-02,5,1,0,0,0,0,30,0,0,0,0,0,30,0,0,0,0,0,0,0
3094,3086,3095,2017-03-02,5,2,0,0,24,0,6,0,0,0,0,0,30,0,0,0,0,0,0,0
3094,3086,3095,2017-03-02,6,1,0,0,30,0,0,0,0,0,0,0,30,0,0,0,0,0,0,0
3094,3086,3095,2017-03-02,6,2,0,0,30,0,0,0,0,0,0,0,30,0,0,0,0,0,0,0
3094,3086,3095,2017-03-02,7,1,0,0,30,0,0,0,0,0,0,0,30,0,0,0,0,0,0,0
3094,3086,3095,2017-03-02,7,2,1,0,16,0,0,0,14,0,0,0,30,0,0,0,0,0,0,0
3094,3086,3095,2017-03-02,8,1,0,0,0,0,0,0,30,0,0,0,30,0,0,0,0,0,0,0
3094,3086,3095,2017-03-02,8,2,0,0,0,0,0,0,30,0,0,0,30,0,0,0,0,0,0,0
3094,3086,3095,2017-03-02,9,1,0,0,0,0,0,0,30,0,0,0,30,0,0,0,0,0,0,0
3094,3086,3095,2017-03-02,9,2,0,0,0,0,0,0,30,0,0,0,30,0,0,0,0,0,0,0
3094,3086,3095,2017-03-02,10,1,0,0,0,0,0,0,30,0,0,0,30,0,0,0,0,0,0,0
3094,3086,3095,2017-03-02,10,2,0,1,3,0,0,0,27,0,0,0,30,0,0,0,0,0,0,0
3094,3086,3095,2017-03-02,11,1,1,0,26,0,0,0,4,0,0,0,30,0,0,0,0,0,0,0
3094,3086,3095,2017-03-02,11,2,0,0,0,0,0,0,30,0,0,0,30,0,0,0,0,0,0,0
3094,3086,3095,2017-03-02,12,1,0,0,0,0,2,0,28,0,0,0,30,0,0,0,0,0,0,0
3094,3086,3095,2017-03-02,12,2,1,1,14,0,16,0,0,0,0,0,30,0,0,0,0,0,0,0
3094,3086,3095,2017-03-02,13,1,0,1,30,0,0,0,0,0,0,0,30,0,0,0,0,0,0,0
3094,3086,3095,2017-03-02,13,2,0,0,30,0,0,0,0,0,0,0,30,0,0,0,0,0,0,0
3094,3086,3095,2017-03-02,14,1,1,0,10,0,0,0,20,0,0,0,30,0,0,0,0,0,0,0
3094,3086,3095,2017-03-02,14,2,0,0,0,0,0,0,30,0,0,0,30,0,0,0,0,0,0,0
3094,3086,3095,2017-03-02,15,1,0,0,0,0,0,0,30,0,0,0,16,0,14,0,0,0,0,0
3094,3086,3095,2017-03-02,15,2,0,0,0,0,0,0,30,0,0,0,23,0,7,0,0,0,0,0
3094,3086,3095,2017-03-02,16,1,0,0,0,0,0,0,30,0,0,0,30,0,0,0,0,0,0,0
3094,3086,3095,2017-03-02,16,2,0,0,0,0,0,0,30,0,0,0,30,0,0,0,0,0,0,0
3094,3086,3095,2017-03-02,17,1,0,0,0,0,0,0,30,0,0,0,30,0,0,0,0,0,0,0
3094,3086,3095,2017-03-02,17,2,0,1,4,0,0,0,26,0,0,0,30,0,0,0,0,0,0,0
3094,3086,3095,2017-03-02,18,1,1,0,8,0,0,0,22,0,0,0,30,0,0,0,0,0,0,0
3094,3086,3095,2017-03-02,18,2,0,1,1,0,0,0,29,0,0,0,30,0,0,0,0,0,0,0
3094,3086,3095,2017-03-02,19,1,1,2,30,0,0,0,0,0,0,0,30,0,0,0,0,0,0,0
3094,3086,3095,2017-03-02,19,2,0,1,30,0,0,0,0,0,0,0,30,0,0,0,0,0,0,0
3094,3086,3095,2017-03-02,20,1,0,1,30,0,0,0,0,0,0,0,30,0,0,0,0,0,0,0
3094,3086,3095,2017-03-02,20,2,0,0,30,0,0,0,0,0,0,0,30,0,0,0,0,0,0,0
3094,3086,3095,2017-03-02,21,1,0,0,30,0,0,0,0,0,0,0,30,0,0,0,0,0,0,0
3094,3086,3095,2017-03-02,21,2,0,0,30,0,0,0,0,0,0,0,30,0,0,0,0,0,0,0
3094,3086,3095,2017-03-02,22,1,0,0,30,0,0,0,0,0,0,0,30,0,0,0,0,0,0,0
3094,3086,3095,2017-03-02,22,2,0,0,30,0,0,0,0,0,0,0,30,0,0,0,0,0,0,0
3094,3086,3095,2017-03-02,23,1,0,0,30,0,0,0,0,0,0,0,30,0,0,0,0,0,0,0
3094,3086,3095,2017-03-02,23,2,0,0,30,0,0,0,0,0,0,0,30,0,0,0,0,0,0,0
3094,3086,3095,2017-03-03,0,1,0,2,30,0,0,0,0,0,0,0,30,0,0,0,0,0,0,0
3094,3086,3095,2017-03-03,0,2,0,0,22,0,0,0,8,0,0,0,30,0,0,0,0,0,0,0
3094,3086,3095,2017-03-03,1,1,0,0,13,0,0,0,17,0,0,0,30,0,0,0,0,0,0,0
3094,3086,3095,2017-03-03,1,2,0,0,30,0,0,0,0,0,0,0,30,0,0,0,0,0,0,0
3094,3086,3095,2017-03-03,2,1,0,0,30,0,0,0,0,0,0,0,30,0,0,0,0,0,0,0
3094,3086,3095,2017-03-03,2,2,0,0,30,0,0,0,0,0,0,0,30,0,0,0,0,0,0,0
3094,3086,3095,2017-03-03,3,1,0,0,30,0,0,0,0,0,0,0,30,0,0,0,0,0,0,0
3094,3086,3095,2017-03-03,3,2,0,0,30,0,0,0,0,0,0,0,30,0,0,0,0,0,0,0
3094,3086,3095,2017-03-03,4,1,0,0,30,0,0,0,0,0,0,0,30,0,0,0,0,0,0,0
3094,3086,3095,2017-03-03,4,2,0,0,30,0,0,0,0,0,0,0,30,0,0,0,0,0,0,0
3094,3086,3095,2017-03-03,5,1,0,0,30,0,0,0,0,0,0,0,30,0,0,0,0,0,0,0
3094,3086,3095,2017-03-03,5,2,0,0,30,0,0,0,0,0,0,0,30,0,0,0,0,0,0,0
3094,3086,3095,2017-03-03,6,1,0,0,30,0,0,0,0,0,0,0,30,0,0,0,0,0,0,0
3094,3086,3095,2017-03-03,6,2,0,0,30,0,0,0,0,0,0,0,30,0,0,0,0,0,0,0
3094,3086,3095,2017-03-03,7,1,0,0,30,0,0,0,0,0,0,0,30,0,0,0,0,0,0,0
3094,3086,3095,2017-03-03,7,2,0,0,30,0,0,0,0,0,0,0,30,0,0,0,0,0,0,0
3094,3086,3095,2017-03-03,8,1,0,0,30,0,0,0,0,0,0,0,30,0,0,0,0,0,0,0
3094,3086,3095,2017-03-03,8,2,1,0,30,0,0,0,0,0,0,0,30,0,0,0,0,0,0,0
3094,3086,3095,2017-03-03,9,1,0,0,30,0,0,0,0,0,0,0,24,0,6,0,0,0,0,0
3094,3086,3095,2017-03-03,9,2,0,1,30,0,0,0,0,0,0,0,12,0,18,0,0,0,0,0
3094,3086,3095,2017-03-03,10,1,0,1,30,0,0,0,0,0,0,0,0,0,30,0,0,0,0,0
3094,3086,3095,2017-03-03,10,2,0,1,30,0,0,0,0,0,0,0,0,0,30,0,0,0,0,0
3094,3086,3095,2017-03-03,11,1,1,1,30,0,0,0,0,0,0,0,15,0,15,0,0,0,0,0
3094,3086,3095,2017-03-03,11,2,0,0,30,0,0,0,0,0,0,0,0,0,30,0,0,0,0,0
3094,3086,3095,2017-03-03,12,1,0,0,30,0,0,0,0,0,0,0,22,0,8,0,0,0,0,0
3094,3086,3095,2017-03-03,12,2,0,0,30,0,0,0,0,0,0,0,30,0,0,0,0,0,0,0
3094,3086,3095,2017-03-03,13,1,0,1,27,3,0,0,0,0,0,0,30,0,0,0,0,0,0,0
3094,3086,3095,2017-03-03,13,2,1,0,18,12,0,0,0,0,0,0,30,0,0,0,0,0,0,0
3094,3086,3095,2017-03-03,14,1,1,0,30,0,0,0,0,0,0,0,0,0,30,0,0,0,0,0
3094,3086,3095,2017-03-03,14,2,0,2,30,0,0,0,0,0,0,0,11,0,19,0,0,0,0,0
3094,3086,3095,2017-03-03,15,1,1,1,30,0,0,0,0,0,0,0,30,0,0,0,0,0,0,0
3094,3086,3095,2017-03-03,15,2,0,0,30,0,0,0,0,0,0,0,30,0,0,0,0,0,0,0
3094,3086,3095,2017-03-03,16,1,1,0,30,0,0,0,0,0,0,0,27,0,3,0,0,0,0,0
3094,3086,3095,2017-03-03,16,2,0,1,30,0,0,0,0,0,0,0,30,0,0,0,0,0,0,0
3094,3086,3095,2017-03-03,17,1,0,0,30,0,0,0,0,0,0,0,30,0,0,0,0,0,0,0
3094,3086,3095,2017-03-03,17,2,3,0,30,0,0,0,0,0,0,0,30,0,0,0,0,0,0,0
3094,3086,3095,2017-03-03,18,1,1,1,30,0,0,0,0,0,0,0,30,0,0,0,0,0,0,0
3094,3086,3095,2017-03-03,18,2,0,0,30,0,0,0,0,0,0,0,30,0,0,0,0,0,0,0
3094,3086,3095,2017-03-03,19,1,0,0,30,0,0,0,0,0,0,0,30,0,0,0,0,0,0,0
3094,3086,3095,2017-03-03,19,2,1,0,30,0,0,0,0,0,0,0,30,0,0,0,0,0,0,0
3094,3086,3095,2017-03-03,20,1,0,0,30,0,0,0,0,0,0,0,30,0,0,0,0,0,0,0
3094,3086,3095,2017-03-03,20,2,0,0,30,0,0,0,0,0,0,0,30,0,0,0,0,0,0,0
3094,3086,3095,2017-03-03,21,1,0,1,30,0,0,0,0,0,0,0,30,0,0,0,0,0,0,0
3094,3086,3095,2017-03-03,21,2,0,0,30,0,0,0,0,0,0,0,30,0,0,0,0,0,0,0
3094,3086,3095,2017-03-03,22,1,0,0,30,0,0,0,0,0,0,0,30,0,0,0,0,0,0,0
3094,3086,3095,2017-03-03,22,2,0,0,30,0,0,0,0,0,0,0,30,0,0,0,0,0,0,0
3094,3086,3095,2017-03-03,23,1,0,0,30,0,0,0,0,0,0,0,30,0,0,0,0,0,0,0
3094,3086,3095,2017-03-03,23,2,0,1,30,0,0,0,0,0,0,0,30,0,0,0,0,0,0,0
3094,3086,3095,2017-03-04,0,1,0,0,30,0,0,0,0,0,0,0,15,0,15,0,0,0,0,0
3094,3086,3095,2017-03-04,0,2,0,0,30,0,0,0,0,0,0,0,0,0,30,0,0,0,0,0
3094,3086,3095,2017-03-04,1,1,0,0,30,0,0,0,0,0,0,0,27,0,3,0,0,0,0,0
3094,3086,3095,2017-03-04,1,2,0,0,30,0,0,0,0,0,0,0,30,0,0,0,0,0,0,0
3094,3086,3095,2017-03-04,2,1,0,0,30,0,0,0,0,0,0,0,30,0,0,0,0,0,0,0
3094,3086,3095,2017-03-04,2,2,2,0,30,0,0,0,0,0,0,0,30,0,0,0,0,0,0,0
3094,3086,3095,2017-03-04,3,1,0,0,30,0,0,0,0,0,0,0,30,0,0,0,0,0,0,0
3094,3086,3095,2017-03-04,3,2,0,0,30,0,0,0,0,0,0,0,30,0,0,0,0,0,0,0
3094,3086,3095,2017-03-04,4,1,0,0,30,0,0,0,0,0,0,0,30,0,0,0,0,0,0,0
3094,3086,3095,2017-03-04,4,2,0,0,30,0,0,0,0,0,0,0,30,0,0,0,0,0,0,0
3094,3086,3095,2017-03-04,5,1,0,0,30,0,0,0,0,0,0,0,30,0,0,0,0,0,0,0
3094,3086,3095,2017-03-04,5,2,0,0,30,0,0,0,0,0,0,0,30,0,0,0,0,0,0,0
3094,3086,3095,2017-03-04,6,1,0,0,30,0,0,0,0,0,0,0,30,0,0,0,0,0,0,0
3094,3086,3095,2017-03-04,6,2,0,0,30,0,0,0,0,0,0,0,30,0,0,0,0,0,0,0
3094,3086,3095,2017-03-04,7,1,0,0,30,0,0,0,0,0,0,0,30,0,0,0,0,0,0,0
3094,3086,3095,2017-03-04,7,2,0,0,30,0,0,0,0,0,0,0,30,0,0,0,0,0,0,0
3094,3086,3095,2017-03-04,8,1,0,0,30,0,0,0,0,0,0,0,30,0,0,0,0,0,0,0
3094,3086,3095,2017-03-04,8,2,0,0,30,0,0,0,0,0,0,0,30,0,0,0,0,0,0,0
3094,3086,3095,2017-03-04,9,1,0,0,30,0,0,0,0,0,0,0,30,0,0,0,0,0,0,0
3094,3086,3095,2017-03-04,9,2,0,0,30,0,0,0,0,0,0,0,30,0,0,0,0,0,0,0
3094,3086,3095,2017-03-04,10,1,1,0,30,0,0,0,0,0,0,0,30,0,0,0,0,0,0,0
3094,3086,3095,2017-03-04,10,2,1,0,30,0,0,0,0,0,0,0,30,0,0,0,0,0,0,0
3094,3086,3095,2017-03-04,11,1,0,0,30,0,0,0,0,0,0,0,30,0,0,0,0,0,0,0
3094,3086,3095,2017-03-04,11,2,0,1,30,0,0,0,0,0,0,0,30,0,0,0,0,0,0,0
3094,3086,3095,2017-03-04,12,1,1,0,30,0,0,0,0,0,0,0,30,0,0,0,0,0,0,0
3094,3086,3095,2017-03-04,12,2,3,0,30,0,0,0,0,0,0,0,30,0,0,0,0,0,0,0
3094,3086,3095,2017-03-04,13,1,0,1,30,0,0,0,0,0,0,0,30,0,0,0,0,0,0,0
3094,3086,3095,2017-03-04,13,2,1,0,13,0,0,0,17,0,0,0,30,0,0,0,0,0,0,0
3094,3086,3095,2017-03-04,14,1,0,0,0,0,0,0,30,0,0,0,30,0,0,0,0,0,0,0
3094,3086,3095,2017-03-04,14,2,0,0,0,0,0,0,30,0,0,0,30,0,0,0,0,0,0,0
3094,3086,3095,2017-03-04,15,1,1,1,9,0,18,0,3,0,0,0,30,0,0,0,0,0,0,0
3094,3086,3095,2017-03-04,15,2,0,1,0,0,9,0,21,0,0,0,30,0,0,0,0,0,0,0
3094,3086,3095,2017-03-04,16,1,0,1,6,0,24,0,0,0,0,0,30,0,0,0,0,0,0,0
3094,3086,3095,2017-03-04,16,2,0,0,30,0,0,0,0,0,0,0,30,0,0,0,0,0,0,0
3094,3086,3095,2017-03-04,17,1,0,1,30,0,0,0,0,0,0,0,30,0,0,0,0,0,0,0
3094,3086,3095,2017-03-04,17,2,1,1,30,0,0,0,0,0,0,0,30,0,0,0,0,0,0,0
3094,3086,3095,2017-03-04,18,1,1,0,30,0,0,0,0,0,0,0,30,0,0,0,0,0,0,0
3094,3086,3095,2017-03-04,18,2,1,0,8,0,22,0,0,0,0,0,30,0,0,0,0,0,0,0
3094,3086,3095,2017-03-04,19,1,0,0,16,0,14,0,0,0,0,0,30,0,0,0,0,0,0,0
3094,3086,3095,2017-03-04,19,2,0,0,30,0,0,0,0,0,0,0,30,0,0,0,0,0,0,0
3094,3086,3095,2017-03-04,20,1,0,0,30,0,0,0,0,0,0,0,30,0,0,0,0,0,0,0
3094,3086,3095,2017-03-04,20,2,1,0,14,0,9,0,7,0,0,0,30,0,0,0,0,0,0,0
3094,3086,3095,2017-03-04,21,1,0,0,0,0,0,0,30,0,0,0,30,0,0,0,0,0,0,0
3094,3086,3095,2017-03-04,21,2,0,0,0,0,0,0,30,0,0,0,30,0,0,0,0,0,0,0
3094,3086,3095,2017-03-04,22,1,0,0,0,0,0,0,30,0,0,0,30,0,0,0,0,0,0,0
3094,3086,3095,2017-03-04,22,2,0,0,0,0,0,0,30,0,0,0,30,0,0,0,0,0,0,0
3094,3086,3095,2017-03-04,23,1,0,0,0,0,0,0,30,0,0,0,30,0,0,0,0,0,0,0
3094,3086,3095,2017-03-04,23,2,0,0,0,0,0,0,30,0,0,0,30,0,0,0,0,0,0,0
3094,3086,3095,2017-03-05,0,1,0,0,23,0,0,0,7,0,0,0,30,0,0,0,0,0,0,0
3094,3086,3095,2017-03-05,0,2,0,0,30,0,0,0,0,0,0,0,30,0,0,0,0,0,0,0
3094,3086,3095,2017-03-05,1,1,0,0,0,0,0,0,30,0,0,0,30,0,0,0,0,0,0,0
3094,3086,3095,2017-03-05,1,2,0,0,0,0,0,0,30,0,0,0,30,0,0,0,0,0,0,0
3094,3086,3095,2017-03-05,2,1,0,0,0,0,0,0,30,0,0,0,30,0,0,0,0,0,0,0
3094,3086,3095,2017-03-05,2,2,0,0,0,0,0,0,30,0,0,0,30,0,0,0,0,0,0,0
3094,3086,3095,2017-03-05,3,1,0,0,0,0,0,0,30,0,0,0,30,0,0,0,0,0,0,0
3094,3086,3095,2017-03-05,3,2,0,0,0,0,0,0,30,0,0,0,30,0,0,0,0,0,0,0
3094,3086,3095,2017-03-05,4,1,0,0,0,0,0,0,30,0,0,0,30,0,0,0,0,0,0,0
3094,3086,3095,2017-03-05,4,2,0,0,0,0,0,0,30,0,0,0,30,0,0,0,0,0,0,0
3094,3086,3095,2017-03-05,5,1,0,0,0,0,0,0,30,0,0,0,30,0,0,0,0,0,0,0
3094,3086,3095,2017-03-05,5,2,0,0,0,0,0,0,30,0,0,0,30,0,0,0,0,0,0,0
3094,3086,3095,2017-03-05,6,1,0,0,0,0,0,0,30,0,0,0,30,0,0,0,0,0,0,0
3094,3086,3095,2017-03-05,6,2,0,0,0,0,0,0,30,0,0,0,30,0,0,0,0,0,0,0
3094,3086,3095,2017-03-05,7,1,0,0,0,0,0,0,30,0,0,0,30,0,0,0,0,0,0,0
3094,3086,3095,2017-03-05,7,2,0,0,0,0,0,0,30,0,0,0,30,0,0,0,0,0,0,0
3094,3086,3095,2017-03-05,8,1,0,0,0,0,0,0,30,0,0,0,30,0,0,0,0,0,0,0
3094,3086,3095,2017-03-05,8,2,0,0,0,0,0,0,30,0,0,0,30,0,0,0,0,0,0,0
3094,3086,3095,2017-03-05,9,1,0,0,0,0,0,0,30,0,0,0,30,0,0,0,0,0,0,0
3094,3086,3095,2017-03-05,9,2,0,0,0,0,0,0,30,0,0,0,30,0,0,0,0,0,0,0
3094,3086,3095,2017-03-05,10,1,0,1,17,0,0,0,13,0,0,0,30,0,0,0,0,0,0,0
3094,3086,3095,2017-03-05,10,2,0,0,30,0,0,0,0,0,0,0,30,0,0,0,0,0,0,0
3094,3086,3095,2017-03-05,11,1,1,0,19,0,0,0,11,0,0,0,30,0,0,0,0,0,0,0
3094,3086,3095,2017-03-05,11,2,0,0,0,0,0,0,30,0,0,0,30,0,0,0,0,0,0,0
3094,3086,3095,2017-03-05,12,1,0,0,0,0,0,0,30,0,0,0,30,0,0,0,0,0,0,0
3094,3086,3095,2017-03-05,12,2,0,0,0,0,0,0,30,0,0,0,30,0,0,0,0,0,0,0
3094,3086,3095,2017-03-05,13,1,0,0,0,0,0,0,30,0,0,0,30,0,0,0,0,0,0,0
3094,3086,3095,2017-03-05,13,2,0,0,0,0,0,0,30,0,0,0,30,0,0,0,0,0,0,0
3094,3086,3095,2017-03-05,14,1,0,1,24,0,0,0,6,0,0,0,30,0,0,0,0,0,0,0
3094,3086,3095,2017-03-05,14,2,0,0,21,0,9,0,0,0,0,0,30,0,0,0,0,0,0,0
3094,3086,3095,2017-03-05,15,1,2,2,6,0,18,0,6,0,0,0,30,0,0,0,0,0,0,0
3094,3086,3095,2017-03-05,15,2,1,0,0,0,9,0,21,0,0,0,30,0,0,0,0,0,0,0
3094,3086,3095,2017-03-05,16,1,0,1,27,0,0,0,3,0,0,0,30,0,0,0,0,0,0,0
3094,3086,3095,2017-03-05,16,2,0,0,30,0,0,0,0,0,0,0,30,0,0,0,0,0,0,0
3094,3086,3095,2017-03-05,17,1,1,0,30,0,0,0,0,0,0,0,30,0,0,0,0,0,0,0
3094,3086,3095,2017-03-05,17,2,0,1,17,0,0,0,13,0,0,0,30,0,0,0,0,0,0,0
3094,3086,3095,2017-03-05,18,1,0,0,30,0,0,0,0,0,0,0,30,0,0,0,0,0,0,0
3094,3086,3095,2017-03-05,18,2,0,1,30,0,0,0,0,0,0,0,30,0,0,0,0,0,0,0
3094,3086,3095,2017-03-05,19,1,0,0,30,0,0,0,0,0,0,0,30,0,0,0,0,0,0,0
3094,3086,3095,2017-03-05,19,2,1,0,30,0,0,0,0,0,0,0,30,0,0,0,0,0,0,0
3094,3086,3095,2017-03-05,20,1,0,0,30,0,0,0,0,0,0,0,30,0,0,0,0,0,0,0
3094,3086,3095,2017-03-05,20,2,0,0,30,0,0,0,0,0,0,0,30,0,0,0,0,0,0,0
3094,3086,3095,2017-03-05,21,1,0,0,30,0,0,0,0,0,0,0,30,0,0,0,0,0,0,0
3094,3086,3095,2017-03-05,21,2,0,1,30,0,0,0,0,0,0,0,30,0,0,0,0,0,0,0
3094,3086,3095,2017-03-05,22,1,0,0,30,0,0,0,0,0,0,0,30,0,0,0,0,0,0,0
3094,3086,3095,2017-03-05,22,2,0,0,30,0,0,0,0,0,0,0,30,0,0,0,0,0,0,0
3094,3086,3095,2017-03-05,23,1,0,0,30,0,0,0,0,0,0,0,30,0,0,0,0,0,0,0
3094,3086,3095,2017-03-05,23,2,0,0,30,0,0,0,0,0,0,0,30,0,0,0,0,0,0,0
3094,3086,3095,2017-03-06,0,1,0,0,30,0,0,0,0,0,0,0,30,0,0,0,0,0,0,0
3094,3086,3095,2017-03-06,0,2,0,0,30,0,0,0,0,0,0,0,30,0,0,0,0,0,0,0
3094,3086,3095,2017-03-06,1,1,0,0,30,0,0,0,0,0,0,0,30,0,0,0,0,0,0,0
3094,3086,3095,2017-03-06,1,2,0,0,30,0,0,0,0,0,0,0,30,0,0,0,0,0,0,0
3094,3086,3095,2017-03-06,2,1,0,0,30,0,0,0,0,0,0,0,30,0,0,0,0,0,0,0
3094,3086,3095,2017-03-06,2,2,0,0,30,0,0,0,0,0,0,0,30,0,0,0,0,0,0,0
3094,3086,3095,2017-03-06,3,1,0,0,30,0,0,0,0,0,0,0,30,0,0,0,0,0,0,0
3094,3086,3095,2017-03-06,3,2,0,0,30,0,0,0,0,0,0,0,30,0,0,0,0,0,0,0
3094,3086,3095,2017-03-06,4,1,0,0,30,0,0,0,0,0,0,0,30,0,0,0,0,0,0,0
3094,3086,3095,2017-03-06,4,2,0,0,30,0,0,0,0,0,0,0,30,0,0,0,0,0,0,0
3094,3086,3095,2017-03-06,5,1,0,0,30,0,0,0,0,0,0,0,30,0,0,0,0,0,0,0
3094,3086,3095,2017-03-06,5,2,0,0,30,0,0,0,0,0,0,0,30,0,0,0,0,0,0,0
3094,3086,3095,2017-03-06,6,1,0,0,30,0,0,0,0,0,0,0,30,0,0,0,0,0,0,0
3094,3086,3095,2017-03-06,6,2,0,0,30,0,0,0,0,0,0,0,30,0,0,0,0,0,0,0
3094,3086,3095,2017-03-06,7,1,0,0,30,0,0,0,0,0,0,0,30,0,0,0,0,0,0,0
3094,3086,3095,2017-03-06,7,2,0,0,30,0,0,0,0,0,0,0,30,0,0,0,0,0,0,0
3094,3086,3095,2017-03-06,8,1,0,0,30,0,0,0,0,0,0,0,30,0,0,0,0,0,0,0
3094,3086,3095,2017-03-06,8,2,1,0,30,0,0,0,0,0,0,0,30,0,0,0,0,0,0,0
3094,3086,3095,2017-03-06,9,1,0,0,20,10,0,0,0,0,0,0,30,0,0,0,0,0,0,0
3094,3086,3095,2017-03-06,9,2,1,0,0,30,0,0,0,0,0,0,30,0,0,0,0,0,0,0
3094,3086,3095,2017-03-06,10,1,0,0,0,30,0,0,0,0,0,0,30,0,0,0,0,0,0,0
3094,3086,3095,2017-03-06,10,2,1,0,0,30,0,0,0,0,0,0,30,0,0,0,0,0,0,0
3094,3086,3095,2017-03-06,11,1,0,0,0,0,0,0,30,0,0,0,30,0,0,0,0,0,0,0
3094,3086,3095,2017-03-06,11,2,0,0,0,0,0,0,30,0,0,0,30,0,0,0,0,0,0,0
3094,3086,3095,2017-03-06,12,1,0,0,23,0,0,0,7,0,0,0,30,0,0,0,0,0,0,0
3094,3086,3095,2017-03-06,12,2,0,0,30,0,0,0,0,0,0,0,30,0,0,0,0,0,0,0
3094,3086,3095,2017-03-06,13,1,0,0,0,0,15,0,15,0,0,0,30,0,0,0,0,0,0,0
3094,3086,3095,2017-03-06,13,2,0,2,0,12,0,0,18,0,0,0,30,0,0,0,0,0,0,0
3094,3086,3095,2017-03-06,14,1,0,0,0,30,0,0,0,0,0,0,30,0,0,0,0,0,0,0
3094,3086,3095,2017-03-06,14,2,0,0,0,30,0,0,0,0,0,0,30,0,0,0,0,0,0,0
3094,3086,3095,2017-03-06,15,1,0,0,0,30,0,0,0,0,0,0,30,0,0,0,0,0,0,0
3094,3086,3095,2017-03-06,15,2,0,0,0,30,0,0,0,0,0,0,30,0,0,0,0,0,0,0
3094,3086,3095,2017-03-06,16,1,1,0,0,26,0,0,4,0,0,0,30,0,0,0,0,0,0,0
3094,3086,3095,2017-03-06,16,2,0,3,0,19,0,0,11,0,0,0,30,0,0,0,0,0,0,0
3094,3086,3095,2017-03-06,17,1,1,1,0,30,0,0,0,0,0,0,30,0,0,0,0,0,0,0
3094,3086,3095,2017-03-06,17,2,1,0,20,10,0,0,0,0,0,0,30,0,0,0,0,0,0,0
3094,3086,3095,2017-03-06,18,1,0,0,30,0,0,0,0,0,0,0,30,0,0,0,0,0,0,0
3094,3086,3095,2017-03-06,18,2,0,1,30,0,0,0,0,0,0,0,30,0,0,0,0,0,0,0
3094,3086,3095,2017-03-06,19,1,1,1,21,0,9,0,0,0,0,0,30,0,0,0,0,0,0,0
3094,3086,3095,2017-03-06,19,2,0,2,30,0,0,0,0,0,0,0,30,0,0,0,0,0,0,0
3094,3086,3095,2017-03-06,20,1,0,0,6,0,24,0,0,0,0,0,30,0,0,0,0,0,0,0
3094,3086,3095,2017-03-06,20,2,2,0,0,0,30,0,0,0,0,0,30,0,0,0,0,0,0,0
3094,3086,3095,2017-03-06,21,1,0,0,30,0,0,0,0,0,0,0,30,0,0,0,0,0,0,0
3094,3086,3095,2017-03-06,21,2,2,0,9,0,21,0,0,0,0,0,30,0,0,0,0,0,0,0
3094,3086,3095,2017-03-06,22,1,0,0,30,0,0,0,0,0,0,0,30,0,0,0,0,0,0,0
3094,3086,3095,2017-03-06,22,2,1,0,0,0,24,0,6,0,0,0,30,0,0,0,0,0,0,0
3094,3086,3095,2017-03-06,23,1,0,0,0,0,0,0,30,0,0,0,30,0,0,0,0,0,0,0
3094,3086,3095,2017-03-06,23,2,0,0,0,0,0,0,30,0,0,0,30,0,0,0,0,0,0,0
3094,3086,3095,2017-03-07,0,1,0,0,0,0,0,0,30,0,0,0,30,0,0,0,0,0,0,0
3094,3086,3095,2017-03-07,0,2,0,0,0,0,0,0,30,0,0,0,30,0,0,0,0,0,0,0
3094,3086,3095,2017-03-07,1,1,0,0,0,0,0,0,30,0,0,0,30,0,0,0,0,0,0,0
3094,3086,3095,2017-03-07,1,2,0,0,0,0,0,0,30,0,0,0,30,0,0,0,0,0,0,0
3094,3086,3095,2017-03-07,2,1,0,0,0,0,0,0,30,0,0,0,30,0,0,0,0,0,0,0
3094,3086,3095,2017-03-07,2,2,0,0,0,0,0,0,30,0,0,0,30,0,0,0,0,0,0,0
3094,3086,3095,2017-03-07,3,1,0,0,0,0,0,0,30,0,0,0,30,0,0,0,0,0,0,0
3094,3086,3095,2017-03-07,3,2,0,0,0,0,0,0,30,0,0,0,30,0,0,0,0,0,0,0
3094,3086,3095,2017-03-07,4,1,0,0,0,0,0,0,30,0,0,0,30,0,0,0,0,0,0,0
3094,3086,3095,2017-03-07,4,2,0,0,0,0,0,0,30,0,0,0,30,0,0,0,0,0,0,0
3094,3086,3095,2017-03-07,5,1,0,0,0,0,0,0,30,0,0,0,30,0,0,0,0,0,0,0
3094,3086,3095,2017-03-07,5,2,0,0,0,0,0,0,30,0,0,0,30,0,0,0,0,0,0,0
3094,3086,3095,2017-03-07,6,1,0,0,0,0,0,0,30,0,0,0,30,0,0,0,0,0,0,0
3094,3086,3095,2017-03-07,6,2,0,0,0,0,0,0,30,0,0,0,30,0,0,0,0,0,0,0
3094,3086,3095,2017-03-07,7,1,0,0,0,0,0,0,30,0,0,0,30,0,0,0,0,0,0,0
3094,3086,3095,2017-03-07,7,2,0,0,0,0,0,0,30,0,0,0,30,0,0,0,0,0,0,0
3094,3086,3095,2017-03-07,8,1,0,0,0,0,0,0,30,0,0,0,30,0,0,0,0,0,0,0
3094,3086,3095,2017-03-07,8,2,0,0,0,0,0,0,30,0,0,0,30,0,0,0,0,0,0,0
3094,3086,3095,2017-03-07,9,1,1,1,0,6,0,0,24,0,0,0,30,0,0,0,0,0,0,0
3094,3086,3095,2017-03-07,9,2,0,0,0,0,0,0,30,0,0,0,30,0,0,0,0,0,0,0
3094,3086,3095,2017-03-07,10,1,0,0,0,0,0,0,30,0,0,0,30,0,0,0,0,0,0,0
3094,3086,3095,2017-03-07,10,2,0,0,0,0,0,0,30,0,0,0,30,0,0,0,0,0,0,0
3094,3086,3095,2017-03-07,11,1,0,0,0,0,0,0,30,0,0,0,30,0,0,0,0,0,0,0
3094,3086,3095,2017-03-07,11,2,0,0,0,0,0,0,30,0,0,0,30,0,0,0,0,0,0,0
3094,3086,3095,2017-03-07,12,1,0,1,0,9,0,0,21,0,0,0,30,0,0,0,0,0,0,0
3094,3086,3095,2017-03-07,12,2,0,1,3,0,15,0,12,0,0,0,30,0,0,0,0,0,0,0
3094,3086,3095,2017-03-07,13,1,3,1,27,0,0,0,3,0,0,0,30,0,0,0,0,0,0,0
3094,3086,3095,2017-03-07,13,2,0,0,0,0,0,0,30,0,0,0,30,0,0,0,0,0,0,0
3094,3086,3095,2017-03-07,14,1,0,0,0,0,0,0,30,0,0,0,30,0,0,0,0,0,0,0
3094,3086,3095,2017-03-07,14,2,0,0,0,0,0,0,30,0,0,0,30,0,0,0,0,0,0,0
3094,3086,3095,2017-03-07,15,1,0,0,0,0,0,0,30,0,0,0,30,0,0,0,0,0,0,0
3094,3086,3095,2017-03-07,15,2,0,0,0,0,0,0,30,0,0,0,30,0,0,0,0,0,0,0
3094,3086,3095,2017-03-07,16,1,0,0,0,0,0,0,30,0,0,0,30,0,0,0,0,0,0,0
3094,3086,3095,2017-03-07,16,2,0,1,0,12,0,0,18,0,0,0,30,0,0,0,0,0,0,0
3094,3086,3095,2017-03-07,17,1,0,0,0,30,0,0,0,0,0,0,30,0,0,0,0,0,0,0
3094,3086,3095,2017-03-07,17,2,1,2,19,11,0,0,0,0,0,0,30,0,0,0,0,0,0,0
3094,3086,3095,2017-03-07,18,1,0,2,30,0,0,0,0,0,0,0,30,0,0,0,0,0,0,0
3094,3086,3095,2017-03-07,18,2,0,1,30,0,0,0,0,0,0,0,30,0,0,0,0,0,0,0
3094,3086,3095,2017-03-07,19,1,3,3,23,7,0,0,0,0,0,0,30,0,0,0,0,0,0,0
3094,3086,3095,2017-03-07,19,2,1,1,0,30,0,0,0,0,0,0,30,0,0,0,0,0,0,0
3094,3086,3095,2017-03-07,20,1,0,2,30,0,0,0,0,0,0,0,30,0,0,0,0,0,0,0
3094,3086,3095,2017-03-07,20,2,0,0,30,0,0,0,0,0,0,0,30,0,0,0,0,0,0,0
3094,3086,3095,2017-03-07,21,1,0,1,20,0,10,0,0,0,0,0,30,0,0,0,0,0,0,0
3094,3086,3095,2017-03-07,21,2,1,1,0,0,24,6,0,0,0,0,30,0,0,0,0,0,0,0
3094,3086,3095,2017-03-07,22,1,1,1,8,0,22,0,0,0,0,0,30,0,0,0,0,0,0,0
3094,3086,3095,2017-03-07,22,2,0,0,16,0,14,0,0,0,0,0,30,0,0,0,0,0,0,0
3094,3086,3095,2017-03-07,23,1,0,0,6,0,24,0,0,0,0,0,30,0,0,0,0,0,0,0
3094,3086,3095,2017-03-07,23,2,3,0,1,0,29,0,0,0,0,0,30,0,0,0,0,0,0,0
3094,3086,3095,2017-03-08,0,1,0,0,5,0,14,0,11,0,0,0,30,0,0,0,0,0,0,0
3094,3086,3095,2017-03-08,0,2,0,0,0,6,0,0,24,0,0,0,30,0,0,0,0,0,0,0
3094,3086,3095,2017-03-08,1,1,0,0,23,3,4,0,0,0,0,0,30,0,0,0,0,0,0,0
3094,3086,3095,2017-03-08,1,2,0,0,0,0,30,0,0,0,0,0,30,0,0,0,0,0,0,0
3094,3086,3095,2017-03-08,2,1,0,0,0,0,30,0,0,0,0,0,30,0,0,0,0,0,0,0
3094,3086,3095,2017-03-08,2,2,0,0,0,0,30,0,0,0,0,0,30,0,0,0,0,0,0,0
3094,3086,3095,2017-03-08,3,1,0,0,0,0,30,0,0,0,0,0,30,0,0,0,0,0,0,0
3094,3086,3095,2017-03-08,3,2,0,0,0,0,30,0,0,0,0,0,30,0,0,0,0,0,0,0
3094,3086,3095,2017-03-08,4,1,0,0,0,0,30,0,0,0,0,0,30,0,0,0,0,0,0,0
3094,3086,3095,2017-03-08,4,2,0,0,20,0,10,0,0,0,0,0,30,0,0,0,0,0,0,0
3094,3086,3095,2017-03-08,5,1,0,0,30,0,0,0,0,0,0,0,30,0,0,0,0,0,0,0
3094,3086,3095,2017-03-08,5,2,0,0,30,0,0,0,0,0,0,0,30,0,0,0,0,0,0,0
3094,3086,3095,2017-03-08,6,1,0,2,30,0,0,0,0,0,0,0,30,0,0,0,0,0,0,0
3094,3086,3095,2017-03-08,6,2,1,0,30,0,0,0,0,0,0,0,30,0,0,0,0,0,0,0
3094,3086,3095,2017-03-08,7,1,0,0,30,0,0,0,0,0,0,0,30,0,0,0,0,0,0,0
3094,3086,3095,2017-03-08,7,2,1,0,30,0,0,0,0,0,0,0,30,0,0,0,0,0,0,0
3094,3086,3095,2017-03-08,8,1,0,0,30,0,0,0,0,0,0,0,30,0,0,0,0,0,0,0
3094,3086,3095,2017-03-08,8,2,0,0,30,0,0,0,0,0,0,0,30,0,0,0,0,0,0,0
3094,3086,3095,2017-03-08,9,1,2,0,23,0,0,0,7,0,0,0,30,0,0,0,0,0,0,0
3094,3086,3095,2017-03-08,9,2,0,0,0,0,0,0,30,0,0,0,30,0,0,0,0,0,0,0
3094,3086,3095,2017-03-08,10,1,0,1,30,0,0,0,0,0,0,0,30,0,0,0,0,0,0,0
3094,3086,3095,2017-03-08,10,2,0,0,30,0,0,0,0,0,0,0,22,0,8,0,0,0,0,0
3094,3086,3095,2017-03-08,11,1,1,0,7,0,0,0,23,0,0,0,10,0,20,0,0,0,0,0
3094,3086,3095,2017-03-08,11,2,0,0,0,0,0,0,30,0,0,0,30,0,0,0,0,0,0,0
3094,3086,3095,2017-03-08,12,1,0,0,1,0,9,0,20,0,0,0,30,0,0,0,0,0,0,0
3094,3086,3095,2017-03-08,12,2,0,0,27,0,3,0,0,0,0,0,30,0,0,0,0,0,0,0
3094,3086,3095,2017-03-08,13,1,0,0,3,0,0,0,27,0,0,0,12,0,18,0,0,0,0,0
3094,3086,3095,2017-03-08,13,2,0,0,0,0,0,0,30,0,0,0,13,0,17,0,0,0,0,0
3094,3086,3095,2017-03-08,14,1,1,1,15,0,0,0,15,0,0,0,16,0,14,0,0,0,0,0
3094,3086,3095,2017-03-08,14,2,0,3,19,0,0,0,11,0,0,0,30,0,0,0,0,0,0,0
3094,3086,3095,2017-03-08,15,1,0,0,30,0,0,0,0,0,0,0,30,0,0,0,0,0,0,0
3094,3086,3095,2017-03-08,15,2,0,1,30,0,0,0,0,0,0,0,30,0,0,0,0,0,0,0
3094,3086,3095,2017-03-08,16,1,0,0,30,0,0,0,0,0,0,0,30,0,0,0,0,0,0,0
3094,3086,3095,2017-03-08,16,2,1,0,30,0,0,0,0,0,0,0,30,0,0,0,0,0,0,0
3094,3086,3095,2017-03-08,17,1,1,3,30,0,0,0,0,0,0,0,30,0,0,0,0,0,0,0
3094,3086,3095,2017-03-08,17,2,0,0,30,0,0,0,0,0,0,0,30,0,0,0,0,0,0,0
3094,3086,3095,2017-03-08,18,1,1,1,30,0,0,0,0,0,0,0,30,0,0,0,0,0,0,0
3094,3086,3095,2017-03-08,18,2,1,3,30,0,0,0,0,0,0,0,30,0,0,0,0,0,0,0
3094,3086,3095,2017-03-08,19,1,2,0,30,0,0,0,0,0,0,0,30,0,0,0,0,0,0,0
3094,3086,3095,2017-03-08,19,2,1,1,30,0,0,0,0,0,0,0,30,0,0,0,0,0,0,0
3094,3086,3095,2017-03-08,20,1,0,1,30,0,0,0,0,0,0,0,30,0,0,0,0,0,0,0
3094,3086,3095,2017-03-08,20,2,0,0,30,0,0,0,0,0,0,0,30,0,0,0,0,0,0,0
3094,3086,3095,2017-03-08,21,1,0,0,30,0,0,0,0,0,0,0,30,0,0,0,0,0,0,0
3094,3086,3095,2017-03-08,21,2,0,0,30,0,0,0,0,0,0,0,30,0,0,0,0,0,0,0
3094,3086,3095,2017-03-08,22,1,0,0,30,0,0,0,0,0,0,0,30,0,0,0,0,0,0,0
3094,3086,3095,2017-03-08,22,2,1,0,30,0,0,0,0,0,0,0,30,0,0,0,0,0,0,0
3094,3086,3095,2017-03-08,23,1,0,2,30,0,0,0,0,0,0,0,30,0,0,0,0,0,0,0
3094,3086,3095,2017-03-08,23,2,0,2,30,0,0,0,0,0,0,0,30,0,0,0,0,0,0,0
3094,3086,3095,2017-03-09,0,1,0,0,28,0,0,0,2,0,0,0,30,0,0,0,0,0,0,0
3094,3086,3095,2017-03-09,0,2,0,0,0,0,0,0,30,0,0,0,27,0,3,0,0,0,0,0
3094,3086,3095,2017-03-09,1,1,0,0,3,0,0,0,27,0,0,0,30,0,0,0,0,0,0,0
3094,3086,3095,2017-03-09,1,2,0,0,30,0,0,0,0,0,0,0,30,0,0,0,0,0,0,0
3094,3086,3095,2017-03-09,2,1,0,0,30,0,0,0,0,0,0,0,30,0,0,0,0,0,0,0
3094,3086,3095,2017-03-09,2,2,0,0,30,0,0,0,0,0,0,0,30,0,0,0,0,0,0,0
3094,3086,3095,2017-03-09,3,1,0,1,30,0,0,0,0,0,0,0,30,0,0,0,0,0,0,0
3094,3086,3095,2017-03-09,3,2,0,0,30,0,0,0,0,0,0,0,30,0,0,0,0,0,0,0
3094,3086,3095,2017-03-09,4,1,0,0,30,0,0,0,0,0,0,0,30,0,0,0,0,0,0,0
3094,3086,3095,2017-03-09,4,2,0,0,30,0,0,0,0,0,0,0,30,0,0,0,0,0,0,0
3094,3086,3095,2017-03-09,5,1,0,0,30,0,0,0,0,0,0,0,30,0,0,0,0,0,0,0
3094,3086,3095,2017-03-09,5,2,0,0,30,0,0,0,0,0,0,0,30,0,0,0,0,0,0,0
3094,3086,3095,2017-03-09,6,1,0,0,30,0,0,0,0,0,0,0,30,0,0,0,0,0,0,0
3094,3086,3095,2017-03-09,6,2,0,0,30,0,0,0,0,0,0,0,30,0,0,0,0,0,0,0
3094,3086,3095,2017-03-09,7,1,1,0,30,0,0,0,0,0,0,0,30,0,0,0,0,0,0,0
3094,3086,3095,2017-03-09,7,2,1,0,30,0,0,0,0,0,0,0,30,0,0,0,0,0,0,0
3094,3086,3095,2017-03-09,8,1,0,0,30,0,0,0,0,0,0,0,30,0,0,0,0,0,0,0
3094,3086,3095,2017-03-09,8,2,1,0,30,0,0,0,0,0,0,0,30,0,0,0,0,0,0,0
3094,3086,3095,2017-03-09,9,1,0,0,30,0,0,0,0,0,0,0,30,0,0,0,0,0,0,0
3094,3086,3095,2017-03-09,9,2,0,1,30,0,0,0,0,0,0,0,30,0,0,0,0,0,0,0
3094,3086,3095,2017-03-09,10,1,0,1,30,0,0,0,0,0,0,0,30,0,0,0,0,0,0,0
3094,3086,3095,2017-03-09,10,2,0,0,30,0,0,0,0,0,0,0,30,0,0,0,0,0,0,0
3094,3086,3095,2017-03-09,11,1,0,0,0,30,0,0,0,0,0,0,30,0,0,0,0,0,0,0
3094,3086,3095,2017-03-09,11,2,0,0,0,30,0,0,0,0,0,0,30,0,0,0,0,0,0,0
3094,3086,3095,2017-03-09,12,1,0,0,8,22,0,0,0,0,0,0,30,0,0,0,0,0,0,0
3094,3086,3095,2017-03-09,12,2,0,0,30,0,0,0,0,0,0,0,30,0,0,0,0,0,0,0
3094,3086,3095,2017-03-09,13,1,0,0,30,0,0,0,0,0,0,0,30,0,0,0,0,0,0,0
3094,3086,3095,2017-03-09,13,2,0,0,30,0,0,0,0,0,0,0,30,0,0,0,0,0,0,0
3094,3086,3095,2017-03-09,14,1,0,0,30,0,0,0,0,0,0,0,30,0,0,0,0,0,0,0
3094,3086,3095,2017-03-09,14,2,1,0,30,0,0,0,0,0,0,0,30,0,0,0,0,0,0,0
3094,3086,3095,2017-03-09,15,1,0,0,30,0,0,0,0,0,0,0,30,0,0,0,0,0,0,0
3094,3086,3095,2017-03-09,15,2,0,0,30,0,0,0,0,0,0,0,30,0,0,0,0,0,0,0
3094,3086,3095,2017-03-09,16,1,0,2,30,0,0,0,0,0,0,0,30,0,0,0,0,0,0,0
3094,3086,3095,2017-03-09,16,2,0,1,30,0,0,0,0,0,0,0,30,0,0,0,0,0,0,0
3094,3086,3095,2017-03-09,17,1,2,1,30,0,0,0,0,0,0,0,30,0,0,0,0,0,0,0
3094,3086,3095,2017-03-09,17,2,0,2,30,0,0,0,0,0,0,0,30,0,0,0,0,0,0,0
3094,3086,3095,2017-03-09,18,1,0,1,30,0,0,0,0,0,0,0,30,0,0,0,0,0,0,0
3094,3086,3095,2017-03-09,18,2,0,0,30,0,0,0,0,0,0,0,30,0,0,0,0,0,0,0
3094,3086,3095,2017-03-09,19,1,0,2,30,0,0,0,0,0,0,0,30,0,0,0,0,0,0,0
3094,3086,3095,2017-03-09,19,2,1,0,30,0,0,0,0,0,0,0,30,0,0,0,0,0,0,0
3094,3086,3095,2017-03-09,20,1,0,0,30,0,0,0,0,0,0,0,30,0,0,0,0,0,0,0
3094,3086,3095,2017-03-09,20,2,0,0,30,0,0,0,0,0,0,0,30,0,0,0,0,0,0,0
3094,3086,3095,2017-03-09,21,1,0,1,30,0,0,0,0,0,0,0,30,0,0,0,0,0,0,0
3094,3086,3095,2017-03-09,21,2,1,0,30,0,0,0,0,0,0,0,30,0,0,0,0,0,0,0
3094,3086,3095,2017-03-09,22,1,0,0,30,0,0,0,0,0,0,0,30,0,0,0,0,0,0,0
3094,3086,3095,2017-03-09,22,2,0,0,30,0,0,0,0,0,0,0,30,0,0,0,0,0,0,0
3094,3086,3095,2017-03-09,23,1,1,0,3,0,27,0,0,0,0,0,30,0,0,0,0,0,0,0
3094,3086,3095,2017-03-09,23,2,2,0,15,0,15,0,0,0,0,0,30,0,0,0,0,0,0,0
3094,3086,3095,2017-03-10,0,1,0,0,0,0,30,0,0,0,0,0,30,0,0,0,0,0,0,0
3094,3086,3095,2017-03-10,0,2,0,0,13,0,17,0,0,0,0,0,30,0,0,0,0,0,0,0
3094,3086,3095,2017-03-10,1,1,0,0,30,0,0,0,0,0,0,0,30,0,0,0,0,0,0,0
3094,3086,3095,2017-03-10,1,2,0,0,6,0,24,0,0,0,0,0,30,0,0,0,0,0,0,0
3094,3086,3095,2017-03-10,2,1,0,0,0,0,30,0,0,0,0,0,30,0,0,0,0,0,0,0
3094,3086,3095,2017-03-10,2,2,0,0,0,0,30,0,0,0,0,0,30,0,0,0,0,0,0,0
3094,3086,3095,2017-03-10,3,1,0,0,0,0,30,0,0,0,0,0,30,0,0,0,0,0,0,0
3094,3086,3095,2017-03-10,3,2,0,0,0,0,30,0,0,0,0,0,30,0,0,0,0,0,0,0
3094,3086,3095,2017-03-10,4,1,0,0,0,0,30,0,0,0,0,0,30,0,0,0,0,0,0,0
3094,3086,3095,2017-03-10,4,2,0,0,0,0,30,0,0,0,0,0,30,0,0,0,0,0,0,0
3094,3086,3095,2017-03-10,5,1,0,0,0,0,30,0,0,0,0,0,30,0,0,0,0,0,0,0
3094,3086,3095,2017-03-10,5,2,0,0,0,0,30,0,0,0,0,0,30,0,0,0,0,0,0,0
3094,3086,3095,2017-03-10,6,1,0,0,0,0,30,0,0,0,0,0,30,0,0,0,0,0,0,0
3094,3086,3095,2017-03-10,6,2,0,0,4,0,26,0,0,0,0,0,30,0,0,0,0,0,0,0
3094,3086,3095,2017-03-10,7,1,0,0,30,0,0,0,0,0,0,0,30,0,0,0,0,0,0,0
3094,3086,3095,2017-03-10,7,2,0,0,30,0,0,0,0,0,0,0,30,0,0,0,0,0,0,0
3094,3086,3095,2017-03-10,8,1,0,0,30,0,0,0,0,0,0,0,30,0,0,0,0,0,0,0
3094,3086,3095,2017-03-10,8,2,0,0,30,0,0,0,0,0,0,0,30,0,0,0,0,0,0,0
3094,3086,3095,2017-03-10,9,1,0,0,30,0,0,0,0,0,0,0,30,0,0,0,0,0,0,0
3094,3086,3095,2017-03-10,9,2,0,0,30,0,0,0,0,0,0,0,30,0,0,0,0,0,0,0
3094,3086,3095,2017-03-10,10,1,0,0,30,0,0,0,0,0,0,0,30,0,0,0,0,0,0,0
3094,3086,3095,2017-03-10,10,2,0,0,30,0,0,0,0,0,0,0,30,0,0,0,0,0,0,0
3094,3086,3095,2017-03-10,11,1,0,0,30,0,0,0,0,0,0,0,30,0,0,0,0,0,0,0
3094,3086,3095,2017-03-10,11,2,0,0,30,0,0,0,0,0,0,0,30,0,0,0,0,0,0,0
3094,3086,3095,2017-03-10,12,1,0,0,30,0,0,0,0,0,0,0,30,0,0,0,0,0,0,0
3094,3086,3095,2017-03-10,12,2,0,0,0,0,30,0,0,0,0,0,30,0,0,0,0,0,0,0
3094,3086,3095,2017-03-10,13,1,0,0,0,0,30,0,0,0,0,0,30,0,0,0,0,0,0,0
3094,3086,3095,2017-03-10,13,2,0,0,26,0,4,0,0,0,0,0,30,0,0,0,0,0,0,0
3094,3086,3095,2017-03-10,14,1,0,0,30,0,0,0,0,0,0,0,30,0,0,0,0,0,0,0
3094,3086,3095,2017-03-10,14,2,0,0,30,0,0,0,0,0,0,0,30,0,0,0,0,0,0,0
3094,3086,3095,2017-03-10,15,1,0,0,30,0,0,0,0,0,0,0,30,0,0,0,0,0,0,0
3094,3086,3095,2017-03-10,15,2,0,0,30,0,0,0,0,0,0,0,30,0,0,0,0,0,0,0
3094,3086,3095,2017-03-10,16,1,0,0,30,0,0,0,0,0,0,0,30,0,0,0,0,0,0,0
3094,3086,3095,2017-03-10,16,2,0,0,30,0,0,0,0,0,0,0,30,0,0,0,0,0,0,0
3094,3086,3095,2017-03-10,17,1,1,0,30,0,0,0,0,0,0,0,30,0,0,0,0,0,0,0
3094,3086,3095,2017-03-10,17,2,1,0,30,0,0,0,0,0,0,0,30,0,0,0,0,0,0,0
3094,3086,3095,2017-03-10,18,1,0,1,30,0,0,0,0,0,0,0,30,0,0,0,0,0,0,0
3094,3086,3095,2017-03-10,18,2,0,0,30,0,0,0,0,0,0,0,30,0,0,0,0,0,0,0
3094,3086,3095,2017-03-10,19,1,0,0,30,0,0,0,0,0,0,0,30,0,0,0,0,0,0,0
3094,3086,3095,2017-03-10,19,2,0,0,30,0,0,0,0,0,0,0,30,0,0,0,0,0,0,0
3094,3086,3095,2017-03-10,20,1,0,0,30,0,0,0,0,0,0,0,30,0,0,0,0,0,0,0
3094,3086,3095,2017-03-10,20,2,0,1,18,0,12,0,0,0,0,0,30,0,0,0,0,0,0,0
3094,3086,3095,2017-03-10,21,1,0,0,0,0,30,0,0,0,0,0,30,0,0,0,0,0,0,0
3094,3086,3095,2017-03-10,21,2,0,0,19,0,11,0,0,0,0,0,30,0,0,0,0,0,0,0
3094,3086,3095,2017-03-10,22,1,0,0,30,0,0,0,0,0,0,0,30,0,0,0,0,0,0,0
3094,3086,3095,2017-03-10,22,2,0,0,30,0,0,0,0,0,0,0,30,0,0,0,0,0,0,0
3094,3086,3095,2017-03-10,23,1,0,0,30,0,0,0,0,0,0,0,30,0,0,0,0,0,0,0
3094,3086,3095,2017-03-10,23,2,0,0,30,0,0,0,0,0,0,0,30,0,0,0,0,0,0,0
3094,3086,3095,2017-03-11,0,1,0,0,30,0,0,0,0,0,0,0,30,0,0,0,0,0,0,0
3094,3086,3095,2017-03-11,0,2,0,0,30,0,0,0,0,0,0,0,30,0,0,0,0,0,0,0
3094,3086,3095,2017-03-11,1,1,0,0,30,0,0,0,0,0,0,0,30,0,0,0,0,0,0,0
3094,3086,3095,2017-03-11,1,2,0,0,30,0,0,0,0,0,0,0,30,0,0,0,0,0,0,0
3094,3086,3095,2017-03-11,2,1,0,0,30,0,0,0,0,0,0,0,30,0,0,0,0,0,0,0
3094,3086,3095,2017-03-11,2,2,0,0,30,0,0,0,0,0,0,0,30,0,0,0,0,0,0,0
3094,3086,3095,2017-03-11,3,1,0,0,30,0,0,0,0,0,0,0,30,0,0,0,0,0,0,0
3094,3086,3095,2017-03-11,3,2,0,0,30,0,0,0,0,0,0,0,30,0,0,0,0,0,0,0
3094,3086,3095,2017-03-11,4,1,0,1,30,0,0,0,0,0,0,0,30,0,0,0,0,0,0,0
3094,3086,3095,2017-03-11,4,2,0,0,30,0,0,0,0,0,0,0,30,0,0,0,0,0,0,0
3094,3086,3095,2017-03-11,5,1,0,0,30,0,0,0,0,0,0,0,30,0,0,0,0,0,0,0
3094,3086,3095,2017-03-11,5,2,0,0,30,0,0,0,0,0,0,0,30,0,0,0,0,0,0,0
3094,3086,3095,2017-03-11,6,1,0,0,30,0,0,0,0,0,0,0,30,0,0,0,0,0,0,0
3094,3086,3095,2017-03-11,6,2,0,0,30,0,0,0,0,0,0,0,30,0,0,0,0,0,0,0
3094,3086,3095,2017-03-11,7,1,0,0,30,0,0,0,0,0,0,0,30,0,0,0,0,0,0,0
3094,3086,3095,2017-03-11,7,2,0,0,30,0,0,0,0,0,0,0,30,0,0,0,0,0,0,0
3094,3086,3095,2017-03-11,8,1,0,0,30,0,0,0,0,0,0,0,30,0,0,0,0,0,0,0
3094,3086,3095,2017-03-11,8,2,0,0,30,0,0,0,0,0,0,0,30,0,0,0,0,0,0,0
3094,3086,3095,2017-03-11,9,1,0,0,30,0,0,0,0,0,0,0,30,0,0,0,0,0,0,0
3094,3086,3095,2017-03-11,9,2,0,0,30,0,0,0,0,0,0,0,30,0,0,0,0,0,0,0
3094,3086,3095,2017-03-11,10,1,2,0,30,0,0,0,0,0,0,0,30,0,0,0,0,0,0,0
3094,3086,3095,2017-03-11,10,2,0,0,30,0,0,0,0,0,0,0,30,0,0,0,0,0,0,0
3094,3086,3095,2017-03-11,11,1,0,0,30,0,0,0,0,0,0,0,30,0,0,0,0,0,0,0
3094,3086,3095,2017-03-11,11,2,1,2,30,0,0,0,0,0,0,0,30,0,0,0,0,0,0,0
3094,3086,3095,2017-03-11,12,1,0,0,9,0,21,0,0,0,0,0,30,0,0,0,0,0,0,0
3094,3086,3095,2017-03-11,12,2,1,1,21,0,9,0,0,0,0,0,30,0,0,0,0,0,0,0
3094,3086,3095,2017-03-11,13,1,0,0,30,0,0,0,0,0,0,0,30,0,0,0,0,0,0,0
3094,3086,3095,2017-03-11,13,2,1,0,30,0,0,0,0,0,0,0,30,0,0,0,0,0,0,0
3094,3086,3095,2017-03-11,14,1,0,0,27,0,3,0,0,0,0,0,30,0,0,0,0,0,0,0
3094,3086,3095,2017-03-11,14,2,0,1,30,0,0,0,0,0,0,0,30,0,0,0,0,0,0,0
3094,3086,3095,2017-03-11,15,1,0,0,30,0,0,0,0,0,0,0,30,0,0,0,0,0,0,0
3094,3086,3095,2017-03-11,15,2,1,3,18,0,12,0,0,0,0,0,30,0,0,0,0,0,0,0
3094,3086,3095,2017-03-11,16,1,1,0,30,0,0,0,0,0,0,0,30,0,0,0,0,0,0,0
3094,3086,3095,2017-03-11,16,2,0,0,22,0,8,0,0,0,0,0,30,0,0,0,0,0,0,0
3094,3086,3095,2017-03-11,17,1,0,0,0,0,30,0,0,0,0,0,30,0,0,0,0,0,0,0
3094,3086,3095,2017-03-11,17,2,1,0,30,0,0,0,0,0,0,0,30,0,0,0,0,0,0,0
3094,3086,3095,2017-03-11,18,1,1,0,21,0,9,0,0,0,0,0,30,0,0,0,0,0,0,0
3094,3086,3095,2017-03-11,18,2,0,1,27,0,3,0,0,0,0,0,30,0,0,0,0,0,0,0
3094,3086,3095,2017-03-11,19,1,0,0,30,0,0,0,0,0,0,0,30,0,0,0,0,0,0,0
3094,3086,3095,2017-03-11,19,2,0,0,9,0,21,0,0,0,0,0,30,0,0,0,0,0,0,0
3094,3086,3095,2017-03-11,20,1,1,0,0,0,30,0,0,0,0,0,30,0,0,0,0,0,0,0
3094,3086,3095,2017-03-11,20,2,0,0,0,0,30,0,0,0,0,0,30,0,0,0,0,0,0,0
3094,3086,3095,2017-03-11,21,1,0,0,0,0,30,0,0,0,0,0,30,0,0,0,0,0,0,0
3094,3086,3095,2017-03-11,21,2,0,0,0,0,30,0,0,0,0,0,30,0,0,0,0,0,0,0
3094,3086,3095,2017-03-11,22,1,0,0,0,0,30,0,0,0,0,0,30,0,0,0,0,0,0,0
3094,3086,3095,2017-03-11,22,2,0,0,0,0,30,0,0,0,0,0,30,0,0,0,0,0,0,0
3094,3086,3095,2017-03-11,23,1,0,0,0,0,30,0,0,0,0,0,30,0,0,0,0,0,0,0
3094,3086,3095,2017-03-11,23,2,0,0,0,0,30,0,0,0,0,0,30,0,0,0,0,0,0,0
3094,3086,3095,2017-03-12,0,1,0,0,0,0,30,0,0,0,0,0,30,0,0,0,0,0,0,0
3094,3086,3095,2017-03-12,0,2,0,1,2,0,28,0,0,0,0,0,30,0,0,0,0,0,0,0
3094,3086,3095,2017-03-12,1,1,0,0,23,0,7,0,0,0,0,0,30,0,0,0,0,0,0,0
3094,3086,3095,2017-03-12,1,2,0,0,0,0,30,0,0,0,0,0,30,0,0,0,0,0,0,0
3094,3086,3095,2017-03-12,2,1,0,0,0,0,30,0,0,0,0,0,30,0,0,0,0,0,0,0
3094,3086,3095,2017-03-12,2,2,0,0,0,0,30,0,0,0,0,0,30,0,0,0,0,0,0,0
3094,3086,3095,2017-03-12,3,1,0,0,0,0,30,0,0,0,0,0,30,0,0,0,0,0,0,0
3094,3086,3095,2017-03-12,3,2,0,0,0,0,30,0,0,0,0,0,30,0,0,0,0,0,0,0
3094,3086,3095,2017-03-12,4,1,0,0,0,0,30,0,0,0,0,0,30,0,0,0,0,0,0,0
3094,3086,3095,2017-03-12,4,2,0,0,0,0,30,0,0,0,0,0,30,0,0,0,0,0,0,0
3094,3086,3095,2017-03-12,5,1,0,0,0,0,30,0,0,0,0,0,30,0,0,0,0,0,0,0
3094,3086,3095,2017-03-12,5,2,0,0,0,0,30,0,0,0,0,0,30,0,0,0,0,0,0,0
3094,3086,3095,2017-03-12,6,1,0,0,0,0,30,0,0,0,0,0,30,0,0,0,0,0,0,0
3094,3086,3095,2017-03-12,6,2,0,0,0,0,30,0,0,0,0,0,30,0,0,0,0,0,0,0
3094,3086,3095,2017-03-12,7,1,0,0,0,0,30,0,0,0,0,0,30,0,0,0,0,0,0,0
3094,3086,3095,2017-03-12,7,2,0,0,0,0,30,0,0,0,0,0,30,0,0,0,0,0,0,0
3094,3086,3095,2017-03-12,8,1,0,0,0,0,30,0,0,0,0,0,30,0,0,0,0,0,0,0
3094,3086,3095,2017-03-12,8,2,0,0,0,0,30,0,0,0,0,0,30,0,0,0,0,0,0,0
3094,3086,3095,2017-03-12,9,1,0,0,11,0,19,0,0,0,0,0,30,0,0,0,0,0,0,0
3094,3086,3095,2017-03-12,9,2,0,0,30,0,0,0,0,0,0,0,30,0,0,0,0,0,0,0
3094,3086,3095,2017-03-12,10,1,0,0,30,0,0,0,0,0,0,0,30,0,0,0,0,0,0,0
3094,3086,3095,2017-03-12,10,2,0,0,12,0,18,0,0,0,0,0,30,0,0,0,0,0,0,0
3094,3086,3095,2017-03-12,11,1,0,0,0,0,30,0,0,0,0,0,30,0,0,0,0,0,0,0
3094,3086,3095,2017-03-12,11,2,0,0,0,0,30,0,0,0,0,0,30,0,0,0,0,0,0,0
3094,3086,3095,2017-03-12,12,1,0,0,0,0,30,0,0,0,0,0,30,0,0,0,0,0,0,0
3094,3086,3095,2017-03-12,12,2,0,1,14,0,16,0,0,0,0,0,30,0,0,0,0,0,0,0
3094,3086,3095,2017-03-12,13,1,2,1,0,0,30,0,0,0,0,0,30,0,0,0,0,0,0,0
3094,3086,3095,2017-03-12,13,2,1,1,0,0,30,0,0,0,0,0,30,0,0,0,0,0,0,0
3094,3086,3095,2017-03-12,14,1,1,0,7,0,23,0,0,0,0,0,30,0,0,0,0,0,0,0
3094,3086,3095,2017-03-12,14,2,0,0,30,0,0,0,0,0,0,0,30,0,0,0,0,0,0,0
3094,3086,3095,2017-03-12,15,1,0,1,30,0,0,0,0,0,0,0,30,0,0,0,0,0,0,0
3094,3086,3095,2017-03-12,15,2,0,1,30,0,0,0,0,0,0,0,30,0,0,0,0,0,0,0
3094,3086,3095,2017-03-12,16,1,1,0,30,0,0,0,0,0,0,0,30,0,0,0,0,0,0,0
3094,3086,3095,2017-03-12,16,2,0,0,30,0,0,0,0,0,0,0,30,0,0,0,0,0,0,0
3094,3086,3095,2017-03-12,17,1,0,0,30,0,0,0,0,0,0,0,30,0,0,0,0,0,0,0
3094,3086,3095,2017-03-12,17,2,0,0,30,0,0,0,0,0,0,0,30,0,0,0,0,0,0,0
3094,3086,3095,2017-03-12,18,1,0,0,30,0,0,0,0,0,0,0,30,0,0,0,0,0,0,0
3094,3086,3095,2017-03-12,18,2,1,0,30,0,0,0,0,0,0,0,30,0,0,0,0,0,0,0
3094,3086,3095,2017-03-12,19,1,0,0,30,0,0,0,0,0,0,0,30,0,0,0,0,0,0,0
3094,3086,3095,2017-03-12,19,2,0,0,30,0,0,0,0,0,0,0,30,0,0,0,0,0,0,0
3094,3086,3095,2017-03-12,20,1,0,0,30,0,0,0,0,0,0,0,30,0,0,0,0,0,0,0
3094,3086,3095,2017-03-12,20,2,0,0,30,0,0,0,0,0,0,0,30,0,0,0,0,0,0,0
3094,3086,3095,2017-03-12,21,1,0,0,30,0,0,0,0,0,0,0,30,0,0,0,0,0,0,0
3094,3086,3095,2017-03-12,21,2,0,0,30,0,0,0,0,0,0,0,30,0,0,0,0,0,0,0
3094,3086,3095,2017-03-12,22,1,0,0,30,0,0,0,0,0,0,0,30,0,0,0,0,0,0,0
3094,3086,3095,2017-03-12,22,2,0,0,30,0,0,0,0,0,0,0,30,0,0,0,0,0,0,0
3094,3086,3095,2017-03-12,23,1,0,0,30,0,0,0,0,0,0,0,30,0,0,0,0,0,0,0
3094,3086,3095,2017-03-12,23,2,0,1,30,0,0,0,0,0,0,0,30,0,0,0,0,0,0,0
3094,3086,3095,2017-03-13,0,1,0,0,30,0,0,0,0,0,0,0,30,0,0,0,0,0,0,0
3094,3086,3095,2017-03-13,0,2,0,0,3,0,27,0,0,0,0,0,30,0,0,0,0,0,0,0
3094,3086,3095,2017-03-13,1,1,0,0,15,0,15,0,0,0,0,0,30,0,0,0,0,0,0,0
3094,3086,3095,2017-03-13,1,2,0,0,30,0,0,0,0,0,0,0,30,0,0,0,0,0,0,0
3094,3086,3095,2017-03-13,2,1,0,0,30,0,0,0,0,0,0,0,30,0,0,0,0,0,0,0
3094,3086,3095,2017-03-13,2,2,0,0,30,0,0,0,0,0,0,0,30,0,0,0,0,0,0,0
3094,3086,3095,2017-03-13,3,1,0,0,30,0,0,0,0,0,0,0,30,0,0,0,0,0,0,0
3094,3086,3095,2017-03-13,3,2,0,0,30,0,0,0,0,0,0,0,30,0,0,0,0,0,0,0
3094,3086,3095,2017-03-13,4,1,0,0,30,0,0,0,0,0,0,0,30,0,0,0,0,0,0,0
3094,3086,3095,2017-03-13,4,2,0,0,30,0,0,0,0,0,0,0,30,0,0,0,0,0,0,0
3094,3086,3095,2017-03-13,5,1,0,0,30,0,0,0,0,0,0,0,30,0,0,0,0,0,0,0
3094,3086,3095,2017-03-13,5,2,0,0,30,0,0,0,0,0,0,0,30,0,0,0,0,0,0,0
3094,3086,3095,2017-03-13,6,1,0,0,30,0,0,0,0,0,0,0,30,0,0,0,0,0,0,0
3094,3086,3095,2017-03-13,6,2,0,0,30,0,0,0,0,0,0,0,30,0,0,0,0,0,0,0
3094,3086,3095,2017-03-13,7,1,0,0,30,0,0,0,0,0,0,0,30,0,0,0,0,0,0,0
3094,3086,3095,2017-03-13,7,2,0,0,30,0,0,0,0,0,0,0,30,0,0,0,0,0,0,0
3094,3086,3095,2017-03-13,8,1,0,0,30,0,0,0,0,0,0,0,30,0,0,0,0,0,0,0
3094,3086,3095,2017-03-13,8,2,1,0,30,0,0,0,0,0,0,0,30,0,0,0,0,0,0,0
3094,3086,3095,2017-03-13,9,1,0,0,30,0,0,0,0,0,0,0,30,0,0,0,0,0,0,0
3094,3086,3095,2017-03-13,9,2,1,0,30,0,0,0,0,0,0,0,30,0,0,0,0,0,0,0
3094,3086,3095,2017-03-13,10,1,1,1,30,0,0,0,0,0,0,0,30,0,0,0,0,0,0,0
3094,3086,3095,2017-03-13,10,2,0,0,30,0,0,0,0,0,0,0,30,0,0,0,0,0,0,0
3094,3086,3095,2017-03-13,11,1,0,0,30,0,0,0,0,0,0,0,30,0,0,0,0,0,0,0
3094,3086,3095,2017-03-13,11,2,0,0,30,0,0,0,0,0,0,0,30,0,0,0,0,0,0,0
3094,3086,3095,2017-03-13,12,1,0,0,30,0,0,0,0,0,0,0,30,0,0,0,0,0,0,0
3094,3086,3095,2017-03-13,12,2,0,1,30,0,0,0,0,0,0,0,30,0,0,0,0,0,0,0
3094,3086,3095,2017-03-13,13,1,0,0,24,6,0,0,0,0,0,0,30,0,0,0,0,0,0,0
3094,3086,3095,2017-03-13,13,2,0,0,0,30,0,0,0,0,0,0,30,0,0,0,0,0,0,0
3094,3086,3095,2017-03-13,14,1,1,0,19,11,0,0,0,0,0,0,30,0,0,0,0,0,0,0
3094,3086,3095,2017-03-13,14,2,0,0,30,0,0,0,0,0,0,0,30,0,0,0,0,0,0,0
3094,3086,3095,2017-03-13,15,1,0,0,30,0,0,0,0,0,0,0,30,0,0,0,0,0,0,0
3094,3086,3095,2017-03-13,15,2,0,0,30,0,0,0,0,0,0,0,30,0,0,0,0,0,0,0
3094,3086,3095,2017-03-13,16,1,0,1,30,0,0,0,0,0,0,0,30,0,0,0,0,0,0,0
3094,3086,3095,2017-03-13,16,2,0,1,30,0,0,0,0,0,0,0,30,0,0,0,0,0,0,0
3094,3086,3095,2017-03-13,17,1,0,0,30,0,0,0,0,0,0,0,30,0,0,0,0,0,0,0
3094,3086,3095,2017-03-13,17,2,0,1,30,0,0,0,0,0,0,0,30,0,0,0,0,0,0,0
3094,3086,3095,2017-03-13,18,1,0,0,30,0,0,0,0,0,0,0,30,0,0,0,0,0,0,0
3094,3086,3095,2017-03-13,18,2,1,2,30,0,0,0,0,0,0,0,30,0,0,0,0,0,0,0
3094,3086,3095,2017-03-13,19,1,2,0,30,0,0,0,0,0,0,0,30,0,0,0,0,0,0,0
3094,3086,3095,2017-03-13,19,2,0,0,15,0,15,0,0,0,0,0,30,0,0,0,0,0,0,0
3094,3086,3095,2017-03-13,20,1,2,0,9,0,21,0,0,0,0,0,30,0,0,0,0,0,0,0
3094,3086,3095,2017-03-13,20,2,0,0,0,0,30,0,0,0,0,0,30,0,0,0,0,0,0,0
3094,3086,3095,2017-03-13,21,1,0,0,24,0,6,0,0,0,0,0,30,0,0,0,0,0,0,0
3094,3086,3095,2017-03-13,21,2,0,0,16,0,14,0,0,0,0,0,30,0,0,0,0,0,0,0
3094,3086,3095,2017-03-13,22,1,1,0,0,0,30,0,0,0,0,0,30,0,0,0,0,0,0,0
3094,3086,3095,2017-03-13,22,2,0,0,19,0,11,0,0,0,0,0,30,0,0,0,0,0,0,0
3094,3086,3095,2017-03-13,23,1,0,0,30,0,0,0,0,0,0,0,30,0,0,0,0,0,0,0
3094,3086,3095,2017-03-13,23,2,0,0,9,0,0,0,21,0,0,0,30,0,0,0,0,0,0,0
3094,3086,3095,2017-03-14,0,1,0,0,0,0,0,0,30,0,0,0,30,0,0,0,0,0,0,0
3094,3086,3095,2017-03-14,0,2,0,0,26,0,0,0,4,0,0,0,30,0,0,0,0,0,0,0
3094,3086,3095,2017-03-14,1,1,0,0,23,0,0,0,7,0,0,0,30,0,0,0,0,0,0,0
3094,3086,3095,2017-03-14,1,2,0,0,0,0,0,0,30,0,0,0,30,0,0,0,0,0,0,0
3094,3086,3095,2017-03-14,2,1,0,0,0,0,0,0,30,0,0,0,30,0,0,0,0,0,0,0
3094,3086,3095,2017-03-14,2,2,0,0,0,0,0,0,30,0,0,0,30,0,0,0,0,0,0,0
3094,3086,3095,2017-03-14,3,1,0,0,0,0,0,0,30,0,0,0,30,0,0,0,0,0,0,0
3094,3086,3095,2017-03-14,3,2,0,0,0,0,0,0,30,0,0,0,30,0,0,0,0,0,0,0
3094,3086,3095,2017-03-14,4,1,0,0,0,0,0,0,30,0,0,0,30,0,0,0,0,0,0,0
3094,3086,3095,2017-03-14,4,2,0,0,0,0,0,0,30,0,0,0,30,0,0,0,0,0,0,0
3094,3086,3095,2017-03-14,5,1,0,0,0,0,0,0,30,0,0,0,30,0,0,0,0,0,0,0
3094,3086,3095,2017-03-14,5,2,0,0,0,0,0,0,30,0,0,0,30,0,0,0,0,0,0,0
3094,3086,3095,2017-03-14,6,1,0,0,0,0,0,0,30,0,0,0,30,0,0,0,0,0,0,0
3094,3086,3095,2017-03-14,6,2,0,0,0,0,0,0,30,0,0,0,30,0,0,0,0,0,0,0
3094,3086,3095,2017-03-14,7,1,0,0,0,0,0,0,30,0,0,0,30,0,0,0,0,0,0,0
3094,3086,3095,2017-03-14,7,2,0,0,0,0,0,0,30,0,0,0,30,0,0,0,0,0,0,0
3094,3086,3095,2017-03-14,8,1,0,0,0,0,0,0,30,0,0,0,30,0,0,0,0,0,0,0
3094,3086,3095,2017-03-14,8,2,0,0,0,0,0,0,30,0,0,0,30,0,0,0,0,0,0,0
3094,3086,3095,2017-03-14,9,1,0,0,0,0,0,0,30,0,0,0,30,0,0,0,0,0,0,0
3094,3086,3095,2017-03-14,9,2,0,0,0,0,0,0,30,0,0,0,30,0,0,0,0,0,0,0
3094,3086,3095,2017-03-14,10,1,0,0,0,0,0,0,30,0,0,0,30,0,0,0,0,0,0,0
3094,3086,3095,2017-03-14,10,2,0,0,0,0,0,0,30,0,0,0,30,0,0,0,0,0,0,0
3094,3086,3095,2017-03-14,11,1,0,0,0,0,0,0,30,0,0,0,30,0,0,0,0,0,0,0
3094,3086,3095,2017-03-14,11,2,0,0,0,0,0,0,30,0,0,0,30,0,0,0,0,0,0,0
3094,3086,3095,2017-03-14,12,1,0,0,0,0,0,0,30,0,0,0,30,0,0,0,0,0,0,0
3094,3086,3095,2017-03-14,12,2,0,0,0,0,0,0,30,0,0,0,30,0,0,0,0,0,0,0
3094,3086,3095,2017-03-14,13,1,0,0,0,0,0,0,30,0,0,0,30,0,0,0,0,0,0,0
3094,3086,3095,2017-03-14,13,2,0,0,0,0,0,0,30,0,0,0,30,0,0,0,0,0,0,0
3094,3086,3095,2017-03-14,14,1,0,0,0,0,0,0,30,0,0,0,30,0,0,0,0,0,0,0
3094,3086,3095,2017-03-14,14,2,0,0,0,0,0,0,30,0,0,0,30,0,0,0,0,0,0,0
3094,3086,3095,2017-03-14,15,1,0,0,0,0,0,0,30,0,0,0,30,0,0,0,0,0,0,0
3094,3086,3095,2017-03-14,15,2,0,0,0,0,0,0,30,0,0,0,30,0,0,0,0,0,0,0
3094,3086,3095,2017-03-14,16,1,0,0,0,0,0,0,30,0,0,0,30,0,0,0,0,0,0,0
3094,3086,3095,2017-03-14,16,2,0,0,0,0,0,0,30,0,0,0,30,0,0,0,0,0,0,0
3094,3086,3095,2017-03-14,17,1,0,0,0,0,0,0,30,0,0,0,30,0,0,0,0,0,0,0
3094,3086,3095,2017-03-14,17,2,0,0,0,0,0,0,30,0,0,0,30,0,0,0,0,0,0,0
3094,3086,3095,2017-03-14,18,1,0,0,0,0,0,0,30,0,0,0,30,0,0,0,0,0,0,0
3094,3086,3095,2017-03-14,18,2,0,0,0,0,0,0,30,0,0,0,30,0,0,0,0,0,0,0
3094,3086,3095,2017-03-14,19,1,0,0,0,0,0,0,30,0,0,0,30,0,0,0,0,0,0,0
3094,3086,3095,2017-03-14,19,2,0,0,0,0,0,0,30,0,0,0,30,0,0,0,0,0,0,0
3094,3086,3095,2017-03-14,20,1,0,0,0,0,0,0,30,0,0,0,30,0,0,0,0,0,0,0
3094,3086,3095,2017-03-14,20,2,0,0,0,0,0,0,30,0,0,0,30,0,0,0,0,0,0,0
3094,3086,3095,2017-03-14,21,1,0,0,0,0,0,0,30,0,0,0,30,0,0,0,0,0,0,0
3094,3086,3095,2017-03-14,21,2,0,0,0,0,0,0,30,0,0,0,30,0,0,0,0,0,0,0
3094,3086,3095,2017-03-14,22,1,0,0,0,0,0,0,30,0,0,0,30,0,0,0,0,0,0,0
3094,3086,3095,2017-03-14,22,2,0,0,0,0,0,0,30,0,0,0,30,0,0,0,0,0,0,0
3094,3086,3095,2017-03-14,23,1,0,0,0,0,0,0,30,0,0,0,30,0,0,0,0,0,0,0
3094,3086,3095,2017-03-14,23,2,0,0,0,0,0,0,30,0,0,0,30,0,0,0,0,0,0,0
3094,3086,3095,2017-03-15,0,1,0,0,0,0,0,0,30,0,0,0,30,0,0,0,0,0,0,0
3094,3086,3095,2017-03-15,0,2,0,0,0,0,0,0,30,0,0,0,30,0,0,0,0,0,0,0
3094,3086,3095,2017-03-15,1,1,0,0,0,0,0,0,30,0,0,0,30,0,0,0,0,0,0,0
3094,3086,3095,2017-03-15,1,2,0,0,0,0,0,0,30,0,0,0,30,0,0,0,0,0,0,0
3094,3086,3095,2017-03-15,2,1,0,0,0,0,0,0,30,0,0,0,30,0,0,0,0,0,0,0
3094,3086,3095,2017-03-15,2,2,0,0,0,0,0,0,30,0,0,0,30,0,0,0,0,0,0,0
3094,3086,3095,2017-03-15,3,1,0,0,0,0,0,0,30,0,0,0,30,0,0,0,0,0,0,0
3094,3086,3095,2017-03-15,3,2,0,0,0,0,0,0,30,0,0,0,30,0,0,0,0,0,0,0
3094,3086,3095,2017-03-15,4,1,0,0,0,0,0,0,30,0,0,0,30,0,0,0,0,0,0,0
3094,3086,3095,2017-03-15,4,2,0,0,0,0,0,0,30,0,0,0,30,0,0,0,0,0,0,0
3094,3086,3095,2017-03-15,5,1,0,0,0,0,0,0,30,0,0,0,30,0,0,0,0,0,0,0
3094,3086,3095,2017-03-15,5,2,0,0,0,0,0,0,30,0,0,0,30,0,0,0,0,0,0,0
3094,3086,3095,2017-03-15,6,1,0,0,0,0,0,0,30,0,0,0,30,0,0,0,0,0,0,0
3094,3086,3095,2017-03-15,6,2,0,0,0,0,0,0,30,0,0,0,30,0,0,0,0,0,0,0
3094,3086,3095,2017-03-15,7,1,0,0,0,0,0,0,30,0,0,0,30,0,0,0,0,0,0,0
3094,3086,3095,2017-03-15,7,2,0,0,0,0,0,0,30,0,0,0,30,0,0,0,0,0,0,0
3094,3086,3095,2017-03-15,8,1,0,0,0,0,0,0,30,0,0,0,30,0,0,0,0,0,0,0
3094,3086,3095,2017-03-15,8,2,0,0,0,0,0,0,30,0,0,0,30,0,0,0,0,0,0,0
3094,3086,3095,2017-03-15,9,1,0,0,0,0,0,0,30,0,0,0,30,0,0,0,0,0,0,0
3094,3086,3095,2017-03-15,9,2,0,0,0,0,0,0,30,0,0,0,30,0,0,0,0,0,0,0
3094,3086,3095,2017-03-15,10,1,0,0,0,0,0,0,30,0,0,0,30,0,0,0,0,0,0,0
3094,3086,3095,2017-03-15,10,2,0,0,0,0,0,0,30,0,0,0,30,0,0,0,0,0,0,0
3094,3086,3095,2017-03-15,11,1,0,0,0,0,0,0,30,0,0,0,30,0,0,0,0,0,0,0
3094,3086,3095,2017-03-15,11,2,0,0,0,0,0,0,30,0,0,0,30,0,0,0,0,0,0,0
3094,3086,3095,2017-03-15,12,1,0,0,0,0,0,0,30,0,0,0,30,0,0,0,0,0,0,0
3094,3086,3095,2017-03-15,12,2,0,0,0,0,0,0,30,0,0,0,30,0,0,0,0,0,0,0
3094,3086,3095,2017-03-15,13,1,0,0,0,0,0,0,30,0,0,0,30,0,0,0,0,0,0,0
3094,3086,3095,2017-03-15,13,2,0,0,0,0,0,0,30,0,0,0,30,0,0,0,0,0,0,0
3094,3086,3095,2017-03-15,14,1,0,0,0,0,0,0,30,0,0,0,30,0,0,0,0,0,0,0
3094,3086,3095,2017-03-15,14,2,0,0,0,0,0,0,30,0,0,0,30,0,0,0,0,0,0,0
3094,3086,3095,2017-03-15,15,1,0,0,0,0,0,0,30,0,0,0,30,0,0,0,0,0,0,0
3094,3086,3095,2017-03-15,15,2,0,0,0,0,0,0,30,0,0,0,30,0,0,0,0,0,0,0
3094,3086,3095,2017-03-15,16,1,0,0,0,0,0,0,30,0,0,0,30,0,0,0,0,0,0,0
3094,3086,3095,2017-03-15,16,2,0,0,0,0,0,0,30,0,0,0,30,0,0,0,0,0,0,0
3094,3086,3095,2017-03-15,17,1,0,0,0,0,0,0,30,0,0,0,30,0,0,0,0,0,0,0
3094,3086,3095,2017-03-15,17,2,0,0,0,0,0,0,30,0,0,0,30,0,0,0,0,0,0,0
3094,3086,3095,2017-03-15,18,1,0,0,0,0,0,0,30,0,0,0,30,0,0,0,0,0,0,0
3094,3086,3095,2017-03-15,18,2,0,0,0,0,0,0,30,0,0,0,30,0,0,0,0,0,0,0
3094,3086,3095,2017-03-15,19,1,0,0,0,0,0,0,30,0,0,0,30,0,0,0,0,0,0,0
3094,3086,3095,2017-03-15,19,2,0,0,0,0,0,0,30,0,0,0,30,0,0,0,0,0,0,0
3094,3086,3095,2017-03-15,20,1,0,0,0,0,0,0,30,0,0,0,30,0,0,0,0,0,0,0
3094,3086,3095,2017-03-15,20,2,0,0,0,0,0,0,30,0,0,0,30,0,0,0,0,0,0,0
3094,3086,3095,2017-03-15,21,1,0,0,0,0,0,0,30,0,0,0,30,0,0,0,0,0,0,0
3094,3086,3095,2017-03-15,21,2,0,0,0,0,0,0,30,0,0,0,30,0,0,0,0,0,0,0
3094,3086,3095,2017-03-15,22,1,0,0,0,0,0,0,30,0,0,0,30,0,0,0,0,0,0,0
3094,3086,3095,2017-03-15,22,2,0,0,0,0,0,0,30,0,0,0,30,0,0,0,0,0,0,0
3094,3086,3095,2017-03-15,23,1,0,0,0,0,0,0,30,0,0,0,30,0,0,0,0,0,0,0
3094,3086,3095,2017-03-15,23,2,0,0,0,0,0,0,30,0,0,0,30,0,0,0,0,0,0,0
3094,3086,3095,2017-03-16,0,1,0,0,0,0,0,0,30,0,0,0,30,0,0,0,0,0,0,0
3094,3086,3095,2017-03-16,0,2,0,0,0,0,0,0,30,0,0,0,30,0,0,0,0,0,0,0
3094,3086,3095,2017-03-16,1,1,0,0,0,0,0,0,30,0,0,0,30,0,0,0,0,0,0,0
3094,3086,3095,2017-03-16,1,2,0,0,0,0,0,0,30,0,0,0,30,0,0,0,0,0,0,0
3094,3086,3095,2017-03-16,2,1,0,0,0,0,0,0,30,0,0,0,30,0,0,0,0,0,0,0
3094,3086,3095,2017-03-16,2,2,0,0,0,0,0,0,30,0,0,0,30,0,0,0,0,0,0,0
3094,3086,3095,2017-03-16,3,1,0,0,0,0,0,0,30,0,0,0,30,0,0,0,0,0,0,0
3094,3086,3095,2017-03-16,3,2,0,0,0,0,0,0,30,0,0,0,30,0,0,0,0,0,0,0
3094,3086,3095,2017-03-16,4,1,0,0,0,0,0,0,30,0,0,0,30,0,0,0,0,0,0,0
3094,3086,3095,2017-03-16,4,2,0,0,0,0,0,0,30,0,0,0,30,0,0,0,0,0,0,0
3094,3086,3095,2017-03-16,5,1,0,0,0,0,0,0,30,0,0,0,30,0,0,0,0,0,0,0
3094,3086,3095,2017-03-16,5,2,0,0,0,0,0,0,30,0,0,0,30,0,0,0,0,0,0,0
3094,3086,3095,2017-03-16,6,1,0,0,0,0,0,0,30,0,0,0,30,0,0,0,0,0,0,0
3094,3086,3095,2017-03-16,6,2,0,0,0,0,0,0,30,0,0,0,30,0,0,0,0,0,0,0
3094,3086,3095,2017-03-16,7,1,0,0,0,0,0,0,30,0,0,0,30,0,0,0,0,0,0,0
3094,3086,3095,2017-03-16,7,2,0,0,0,0,0,0,30,0,0,0,30,0,0,0,0,0,0,0
3094,3086,3095,2017-03-16,8,1,0,0,0,0,0,0,30,0,0,0,30,0,0,0,0,0,0,0
3094,3086,3095,2017-03-16,8,2,0,0,0,0,0,0,30,0,0,0,30,0,0,0,0,0,0,0
3094,3086,3095,2017-03-16,9,1,0,0,0,0,0,0,30,0,0,0,30,0,0,0,0,0,0,0
3094,3086,3095,2017-03-16,9,2,0,0,0,0,0,0,30,0,0,0,30,0,0,0,0,0,0,0
3094,3086,3095,2017-03-16,10,1,0,0,0,0,0,0,30,0,0,0,30,0,0,0,0,0,0,0
3094,3086,3095,2017-03-16,10,2,0,0,0,0,0,0,30,0,0,0,30,0,0,0,0,0,0,0
3094,3086,3095,2017-03-16,11,1,0,0,0,0,0,0,30,0,0,0,30,0,0,0,0,0,0,0
3094,3086,3095,2017-03-16,11,2,0,0,0,0,0,0,30,0,0,0,30,0,0,0,0,0,0,0
3094,3086,3095,2017-03-16,12,1,0,0,0,0,0,0,30,0,0,0,30,0,0,0,0,0,0,0
3094,3086,3095,2017-03-16,12,2,0,0,0,0,0,0,30,0,0,0,30,0,0,0,0,0,0,0
3094,3086,3095,2017-03-16,13,1,0,0,0,0,0,0,30,0,0,0,30,0,0,0,0,0,0,0
3094,3086,3095,2017-03-16,13,2,0,0,0,0,0,0,30,0,0,0,30,0,0,0,0,0,0,0
3094,3086,3095,2017-03-16,14,1,0,0,0,0,0,0,30,0,0,0,30,0,0,0,0,0,0,0
3094,3086,3095,2017-03-16,14,2,0,0,0,0,0,0,30,0,0,0,30,0,0,0,0,0,0,0
3094,3086,3095,2017-03-16,15,1,0,0,0,0,0,0,30,0,0,0,30,0,0,0,0,0,0,0
3094,3086,3095,2017-03-16,15,2,0,0,0,0,0,0,30,0,0,0,30,0,0,0,0,0,0,0
3094,3086,3095,2017-03-16,16,1,0,0,0,0,0,0,30,0,0,0,30,0,0,0,0,0,0,0
3094,3086,3095,2017-03-16,16,2,0,0,0,0,0,0,30,0,0,0,30,0,0,0,0,0,0,0
3094,3086,3095,2017-03-16,17,1,0,0,0,0,0,0,30,0,0,0,30,0,0,0,0,0,0,0
3094,3086,3095,2017-03-16,17,2,0,0,0,0,0,0,30,0,0,0,30,0,0,0,0,0,0,0
3094,3086,3095,2017-03-16,18,1,0,0,0,0,0,0,30,0,0,0,30,0,0,0,0,0,0,0
3094,3086,3095,2017-03-16,18,2,0,0,0,0,0,0,30,0,0,0,30,0,0,0,0,0,0,0
3094,3086,3095,2017-03-16,19,1,0,0,0,0,0,0,30,0,0,0,30,0,0,0,0,0,0,0
3094,3086,3095,2017-03-16,19,2,0,0,0,0,0,0,30,0,0,0,30,0,0,0,0,0,0,0
3094,3086,3095,2017-03-16,20,1,0,0,0,0,0,0,30,0,0,0,30,0,0,0,0,0,0,0
3094,3086,3095,2017-03-16,20,2,0,0,0,0,0,0,30,0,0,0,30,0,0,0,0,0,0,0
3094,3086,3095,2017-03-16,21,1,0,0,0,0,0,0,30,0,0,0,30,0,0,0,0,0,0,0
3094,3086,3095,2017-03-16,21,2,0,0,0,0,0,0,30,0,0,0,30,0,0,0,0,0,0,0
3094,3086,3095,2017-03-16,22,1,0,0,0,0,0,0,30,0,0,0,30,0,0,0,0,0,0,0
3094,3086,3095,2017-03-16,22,2,0,0,0,0,0,0,30,0,0,0,30,0,0,0,0,0,0,0
3094,3086,3095,2017-03-16,23,1,0,0,0,0,0,0,30,0,0,0,30,0,0,0,0,0,0,0
3094,3086,3095,2017-03-16,23,2,0,0,0,0,0,0,30,0,0,0,30,0,0,0,0,0,0,0
3094,3086,3095,2017-03-17,0,1,0,0,0,0,0,0,30,0,0,0,30,0,0,0,0,0,0,0
3094,3086,3095,2017-03-17,0,2,0,0,0,0,0,0,30,0,0,0,30,0,0,0,0,0,0,0
3094,3086,3095,2017-03-17,1,1,0,0,0,0,0,0,30,0,0,0,30,0,0,0,0,0,0,0
3094,3086,3095,2017-03-17,1,2,0,0,0,0,0,0,30,0,0,0,30,0,0,0,0,0,0,0
3094,3086,3095,2017-03-17,2,1,0,0,0,0,0,0,30,0,0,0,30,0,0,0,0,0,0,0
3094,3086,3095,2017-03-17,2,2,0,0,0,0,0,0,30,0,0,0,30,0,0,0,0,0,0,0
3094,3086,3095,2017-03-17,3,1,0,0,0,0,0,0,30,0,0,0,30,0,0,0,0,0,0,0
3094,3086,3095,2017-03-17,3,2,0,0,0,0,0,0,30,0,0,0,30,0,0,0,0,0,0,0
3094,3086,3095,2017-03-17,4,1,0,0,0,0,0,0,30,0,0,0,30,0,0,0,0,0,0,0
3094,3086,3095,2017-03-17,4,2,0,0,0,0,0,0,30,0,0,0,30,0,0,0,0,0,0,0
3094,3086,3095,2017-03-17,5,1,0,0,0,0,0,0,30,0,0,0,30,0,0,0,0,0,0,0
3094,3086,3095,2017-03-17,5,2,0,0,0,0,0,0,30,0,0,0,30,0,0,0,0,0,0,0
3094,3086,3095,2017-03-17,6,1,0,0,0,0,26,0,4,0,0,0,30,0,0,0,0,0,0,0
3094,3086,3095,2017-03-17,6,2,0,0,0,0,30,0,0,0,0,0,30,0,0,0,0,0,0,0
3094,3086,3095,2017-03-17,7,1,0,0,0,0,30,0,0,0,0,0,30,0,0,0,0,0,0,0
3094,3086,3095,2017-03-17,7,2,0,0,0,0,30,0,0,0,0,0,30,0,0,0,0,0,0,0
3094,3086,3095,2017-03-17,8,1,0,0,0,0,30,0,0,0,0,0,30,0,0,0,0,0,0,0
3094,3086,3095,2017-03-17,8,2,1,0,0,0,30,0,0,0,0,0,30,0,0,0,0,0,0,0
3094,3086,3095,2017-03-17,9,1,1,0,0,0,30,0,0,0,0,0,30,0,0,0,0,0,0,0
3094,3086,3095,2017-03-17,9,2,0,0,0,0,30,0,0,0,0,0,30,0,0,0,0,0,0,0
3094,3086,3095,2017-03-17,10,1,0,0,0,0,30,0,0,0,0,0,30,0,0,0,0,0,0,0
3094,3086,3095,2017-03-17,10,2,0,0,0,0,30,0,0,0,0,0,30,0,0,0,0,0,0,0
3094,3086,3095,2017-03-17,11,1,0,0,0,0,30,0,0,0,0,0,30,0,0,0,0,0,0,0
3094,3086,3095,2017-03-17,11,2,1,0,0,0,30,0,0,0,0,0,30,0,0,0,0,0,0,0
3094,3086,3095,2017-03-17,12,1,0,0,0,0,30,0,0,0,0,0,30,0,0,0,0,0,0,0
3094,3086,3095,2017-03-17,12,2,0,0,0,0,30,0,0,0,0,0,30,0,0,0,0,0,0,0
3094,3086,3095,2017-03-17,13,1,0,0,0,0,30,0,0,0,0,0,30,0,0,0,0,0,0,0
3094,3086,3095,2017-03-17,13,2,0,0,0,0,30,0,0,0,0,0,30,0,0,0,0,0,0,0
3094,3086,3095,2017-03-17,14,1,0,0,0,0,30,0,0,0,0,0,30,0,0,0,0,0,0,0
3094,3086,3095,2017-03-17,14,2,0,0,0,0,30,0,0,0,0,0,30,0,0,0,0,0,0,0
3094,3086,3095,2017-03-17,15,1,1,0,0,0,30,0,0,0,0,0,30,0,0,0,0,0,0,0
3094,3086,3095,2017-03-17,15,2,0,0,0,0,30,0,0,0,0,0,30,0,0,0,0,0,0,0
3094,3086,3095,2017-03-17,16,1,1,1,0,0,30,0,0,0,0,0,30,0,0,0,0,0,0,0
3094,3086,3095,2017-03-17,16,2,1,0,0,0,30,0,0,0,0,0,30,0,0,0,0,0,0,0
3094,3086,3095,2017-03-17,17,1,1,1,0,0,30,0,0,0,0,0,30,0,0,0,0,0,0,0
3094,3086,3095,2017-03-17,17,2,0,0,0,0,30,0,0,0,0,0,30,0,0,0,0,0,0,0
3094,3086,3095,2017-03-17,18,1,0,1,9,0,21,0,0,0,0,0,30,0,0,0,0,0,0,0
3094,3086,3095,2017-03-17,18,2,0,0,0,0,30,0,0,0,0,0,30,0,0,0,0,0,0,0
3094,3086,3095,2017-03-17,19,1,1,0,0,0,30,0,0,0,0,0,30,0,0,0,0,0,0,0
3094,3086,3095,2017-03-17,19,2,1,1,0,0,30,0,0,0,0,0,30,0,0,0,0,0,0,0
3094,3086,3095,2017-03-17,20,1,0,0,0,0,30,0,0,0,0,0,30,0,0,0,0,0,0,0
3094,3086,3095,2017-03-17,20,2,0,0,0,0,30,0,0,0,0,0,30,0,0,0,0,0,0,0
3094,3086,3095,2017-03-17,21,1,0,0,5,0,25,0,0,0,0,0,30,0,0,0,0,0,0,0
3094,3086,3095,2017-03-17,21,2,0,1,0,0,30,0,0,0,0,0,30,0,0,0,0,0,0,0
3094,3086,3095,2017-03-17,22,1,0,0,0,0,30,0,0,0,0,0,30,0,0,0,0,0,0,0
3094,3086,3095,2017-03-17,22,2,0,0,0,0,30,0,0,0,0,0,30,0,0,0,0,0,0,0
3094,3086,3095,2017-03-17,23,1,0,0,0,0,30,0,0,0,0,0,30,0,0,0,0,0,0,0
3094,3086,3095,2017-03-17,23,2,0,0,0,0,30,0,0,0,0,0,30,0,0,0,0,0,0,0
3094,3086,3095,2017-03-18,0,1,0,0,0,0,30,0,0,0,0,0,30,0,0,0,0,0,0,0
3094,3086,3095,2017-03-18,0,2,0,0,0,0,30,0,0,0,0,0,30,0,0,0,0,0,0,0
3094,3086,3095,2017-03-18,1,1,0,0,0,0,30,0,0,0,0,0,30,0,0,0,0,0,0,0
3094,3086,3095,2017-03-18,1,2,0,0,0,0,30,0,0,0,0,0,30,0,0,0,0,0,0,0
3094,3086,3095,2017-03-18,2,1,0,0,0,0,30,0,0,0,0,0,30,0,0,0,0,0,0,0
3094,3086,3095,2017-03-18,2,2,0,0,0,0,30,0,0,0,0,0,30,0,0,0,0,0,0,0
3094,3086,3095,2017-03-18,3,1,0,0,0,0,30,0,0,0,0,0,30,0,0,0,0,0,0,0
3094,3086,3095,2017-03-18,3,2,0,0,0,0,30,0,0,0,0,0,30,0,0,0,0,0,0,0
3094,3086,3095,2017-03-18,4,1,0,0,0,0,30,0,0,0,0,0,30,0,0,0,0,0,0,0
3094,3086,3095,2017-03-18,4,2,0,0,0,0,30,0,0,0,0,0,30,0,0,0,0,0,0,0
3094,3086,3095,2017-03-18,5,1,0,0,0,0,30,0,0,0,0,0,30,0,0,0,0,0,0,0
3094,3086,3095,2017-03-18,5,2,0,0,0,0,30,0,0,0,0,0,30,0,0,0,0,0,0,0
3094,3086,3095,2017-03-18,6,1,0,0,0,0,30,0,0,0,0,0,30,0,0,0,0,0,0,0
3094,3086,3095,2017-03-18,6,2,0,0,0,0,30,0,0,0,0,0,30,0,0,0,0,0,0,0
3094,3086,3095,2017-03-18,7,1,0,0,0,0,30,0,0,0,0,0,30,0,0,0,0,0,0,0
3094,3086,3095,2017-03-18,7,2,0,0,0,0,30,0,0,0,0,0,30,0,0,0,0,0,0,0
3094,3086,3095,2017-03-18,8,1,0,0,0,0,30,0,0,0,0,0,30,0,0,0,0,0,0,0
3094,3086,3095,2017-03-18,8,2,0,0,0,0,30,0,0,0,0,0,30,0,0,0,0,0,0,0
3094,3086,3095,2017-03-18,9,1,0,0,0,0,30,0,0,0,0,0,30,0,0,0,0,0,0,0
3094,3086,3095,2017-03-18,9,2,1,0,0,0,30,0,0,0,0,0,30,0,0,0,0,0,0,0
3094,3086,3095,2017-03-18,10,1,0,2,0,0,30,0,0,0,0,0,30,0,0,0,0,0,0,0
3094,3086,3095,2017-03-18,10,2,1,0,0,0,30,0,0,0,0,0,30,0,0,0,0,0,0,0
3094,3086,3095,2017-03-18,11,1,0,1,0,0,30,0,0,0,0,0,30,0,0,0,0,0,0,0
3094,3086,3095,2017-03-18,11,2,0,0,0,0,30,0,0,0,0,0,30,0,0,0,0,0,0,0
3094,3086,3095,2017-03-18,12,1,2,1,0,0,30,0,0,0,0,0,30,0,0,0,0,0,0,0
3094,3086,3095,2017-03-18,12,2,0,1,0,0,30,0,0,0,0,0,30,0,0,0,0,0,0,0
3094,3086,3095,2017-03-18,13,1,1,0,0,0,30,0,0,0,0,0,30,0,0,0,0,0,0,0
3094,3086,3095,2017-03-18,13,2,1,1,0,0,30,0,0,0,0,0,30,0,0,0,0,0,0,0
3094,3086,3095,2017-03-18,14,1,1,0,0,0,30,0,0,0,0,0,30,0,0,0,0,0,0,0
3094,3086,3095,2017-03-18,14,2,0,1,0,0,30,0,0,0,0,0,30,0,0,0,0,0,0,0
3094,3086,3095,2017-03-18,15,1,0,0,0,0,30,0,0,0,0,0,30,0,0,0,0,0,0,0
3094,3086,3095,2017-03-18,15,2,1,0,0,0,30,0,0,0,0,0,30,0,0,0,0,0,0,0
3094,3086,3095,2017-03-18,16,1,0,0,0,0,30,0,0,0,0,0,30,0,0,0,0,0,0,0
3094,3086,3095,2017-03-18,16,2,1,1,0,0,30,0,0,0,0,0,30,0,0,0,0,0,0,0
3094,3086,3095,2017-03-18,17,1,0,0,0,0,30,0,0,0,0,0,30,0,0,0,0,0,0,0
3094,3086,3095,2017-03-18,17,2,1,1,0,0,30,0,0,0,0,0,30,0,0,0,0,0,0,0
3094,3086,3095,2017-03-18,18,1,0,1,0,0,30,0,0,0,0,0,30,0,0,0,0,0,0,0
3094,3086,3095,2017-03-18,18,2,0,0,0,0,30,0,0,0,0,0,30,0,0,0,0,0,0,0
3094,3086,3095,2017-03-18,19,1,0,0,0,0,30,0,0,0,0,0,30,0,0,0,0,0,0,0
3094,3086,3095,2017-03-18,19,2,0,0,0,0,30,0,0,0,0,0,30,0,0,0,0,0,0,0
3094,3086,3095,2017-03-18,20,1,0,0,0,0,30,0,0,0,0,0,30,0,0,0,0,0,0,0
3094,3086,3095,2017-03-18,20,2,0,0,0,0,30,0,0,0,0,0,30,0,0,0,0,0,0,0
3094,3086,3095,2017-03-18,21,1,0,0,0,0,30,0,0,0,0,0,30,0,0,0,0,0,0,0
3094,3086,3095,2017-03-18,21,2,0,0,0,0,30,0,0,0,0,0,30,0,0,0,0,0,0,0
3094,3086,3095,2017-03-18,22,1,0,0,0,0,30,0,0,0,0,0,30,0,0,0,0,0,0,0
3094,3086,3095,2017-03-18,22,2,0,0,0,0,30,0,0,0,0,0,30,0,0,0,0,0,0,0
3094,3086,3095,2017-03-18,23,1,0,0,0,0,30,0,0,0,0,0,30,0,0,0,0,0,0,0
3094,3086,3095,2017-03-18,23,2,0,0,0,0,30,0,0,0,0,0,30,0,0,0,0,0,0,0
3094,3086,3095,2017-03-19,0,1,0,0,0,0,30,0,0,0,0,0,30,0,0,0,0,0,0,0
3094,3086,3095,2017-03-19,0,2,0,0,0,0,30,0,0,0,0,0,30,0,0,0,0,0,0,0
3094,3086,3095,2017-03-19,1,1,0,0,0,0,30,0,0,0,0,0,30,0,0,0,0,0,0,0
3094,3086,3095,2017-03-19,1,2,0,0,0,0,30,0,0,0,0,0,30,0,0,0,0,0,0,0
3094,3086,3095,2017-03-19,2,1,0,0,0,0,30,0,0,0,0,0,30,0,0,0,0,0,0,0
3094,3086,3095,2017-03-19,2,2,1,0,0,0,30,0,0,0,0,0,30,0,0,0,0,0,0,0
3094,3086,3095,2017-03-19,3,1,0,1,0,0,30,0,0,0,0,0,30,0,0,0,0,0,0,0
3094,3086,3095,2017-03-19,3,2,0,0,0,0,30,0,0,0,0,0,30,0,0,0,0,0,0,0
3094,3086,3095,2017-03-19,4,1,1,0,0,0,30,0,0,0,0,0,30,0,0,0,0,0,0,0
3094,3086,3095,2017-03-19,4,2,0,0,0,0,30,0,0,0,0,0,30,0,0,0,0,0,0,0
3094,3086,3095,2017-03-19,5,1,0,0,0,0,30,0,0,0,0,0,30,0,0,0,0,0,0,0
3094,3086,3095,2017-03-19,5,2,0,0,0,0,30,0,0,0,0,0,30,0,0,0,0,0,0,0
3094,3086,3095,2017-03-19,6,1,0,0,0,0,30,0,0,0,0,0,30,0,0,0,0,0,0,0
3094,3086,3095,2017-03-19,6,2,0,0,0,0,30,0,0,0,0,0,30,0,0,0,0,0,0,0
3094,3086,3095,2017-03-19,7,1,0,0,0,0,30,0,0,0,0,0,30,0,0,0,0,0,0,0
3094,3086,3095,2017-03-19,7,2,0,0,0,0,30,0,0,0,0,0,30,0,0,0,0,0,0,0
3094,3086,3095,2017-03-19,8,1,0,0,0,0,30,0,0,0,0,0,30,0,0,0,0,0,0,0
3094,3086,3095,2017-03-19,8,2,0,0,0,0,30,0,0,0,0,0,30,0,0,0,0,0,0,0
3094,3086,3095,2017-03-19,9,1,0,0,0,0,30,0,0,0,0,0,30,0,0,0,0,0,0,0
3094,3086,3095,2017-03-19,9,2,1,0,0,0,30,0,0,0,0,0,30,0,0,0,0,0,0,0
3094,3086,3095,2017-03-19,10,1,0,0,0,0,30,0,0,0,0,0,30,0,0,0,0,0,0,0
3094,3086,3095,2017-03-19,10,2,0,1,0,0,30,0,0,0,0,0,30,0,0,0,0,0,0,0
3094,3086,3095,2017-03-19,11,1,0,0,0,0,30,0,0,0,0,0,30,0,0,0,0,0,0,0
3094,3086,3095,2017-03-19,11,2,1,0,4,0,26,0,0,0,0,0,30,0,0,0,0,0,0,0
3094,3086,3095,2017-03-19,12,1,1,0,0,0,30,0,0,0,0,0,30,0,0,0,0,0,0,0
3094,3086,3095,2017-03-19,12,2,1,1,5,0,25,0,0,0,0,0,30,0,0,0,0,0,0,0
3094,3086,3095,2017-03-19,13,1,0,0,30,0,0,0,0,0,0,0,30,0,0,0,0,0,0,0
3094,3086,3095,2017-03-19,13,2,0,0,4,0,0,0,26,0,0,0,30,0,0,0,0,0,0,0
3094,3086,3095,2017-03-19,14,1,0,0,0,0,0,0,30,0,0,0,30,0,0,0,0,0,0,0
3094,3086,3095,2017-03-19,14,2,0,0,0,0,0,0,30,0,0,0,30,0,0,0,0,0,0,0
3094,3086,3095,2017-03-19,15,1,0,1,0,0,27,0,3,0,0,0,30,0,0,0,0,0,0,0
3094,3086,3095,2017-03-19,15,2,0,0,0,0,30,0,0,0,0,0,30,0,0,0,0,0,0,0
3094,3086,3095,2017-03-19,16,1,1,0,0,0,18,0,12,0,0,0,30,0,0,0,0,0,0,0
3094,3086,3095,2017-03-19,16,2,0,0,0,0,0,0,30,0,0,0,30,0,0,0,0,0,0,0
3094,3086,3095,2017-03-19,17,1,0,0,0,0,0,0,30,0,0,0,30,0,0,0,0,0,0,0
3094,3086,3095,2017-03-19,17,2,0,0,0,0,0,0,30,0,0,0,30,0,0,0,0,0,0,0
3094,3086,3095,2017-03-19,18,1,0,1,14,0,2,0,14,0,0,0,30,0,0,0,0,0,0,0
3094,3086,3095,2017-03-19,18,2,2,1,0,0,13,0,17,0,0,0,30,0,0,0,0,0,0,0
3094,3086,3095,2017-03-19,19,1,0,0,0,0,0,0,30,0,0,0,30,0,0,0,0,0,0,0
3094,3086,3095,2017-03-19,19,2,0,0,0,0,0,0,30,0,0,0,30,0,0,0,0,0,0,0
3094,3086,3095,2017-03-19,20,1,0,0,0,0,0,0,30,0,0,0,30,0,0,0,0,0,0,0
3094,3086,3095,2017-03-19,20,2,0,0,0,0,0,0,30,0,0,0,30,0,0,0,0,0,0,0
3094,3086,3095,2017-03-19,21,1,0,0,0,0,0,0,30,0,0,0,30,0,0,0,0,0,0,0
3094,3086,3095,2017-03-19,21,2,0,0,0,0,0,0,30,0,0,0,30,0,0,0,0,0,0,0
3094,3086,3095,2017-03-19,22,1,0,0,0,0,0,0,30,0,0,0,30,0,0,0,0,0,0,0
3094,3086,3095,2017-03-19,22,2,0,0,0,0,0,0,30,0,0,0,30,0,0,0,0,0,0,0
3094,3086,3095,2017-03-19,23,1,0,0,0,0,0,0,30,0,0,0,30,0,0,0,0,0,0,0
3094,3086,3095,2017-03-19,23,2,0,0,0,0,0,0,30,0,0,0,30,0,0,0,0,0,0,0
3094,3086,3095,2017-03-20,0,1,0,0,0,0,0,0,30,0,0,0,30,0,0,0,0,0,0,0
3094,3086,3095,2017-03-20,0,2,0,0,0,0,0,0,30,0,0,0,30,0,0,0,0,0,0,0
3094,3086,3095,2017-03-20,1,1,0,0,0,0,0,0,30,0,0,0,30,0,0,0,0,0,0,0
3094,3086,3095,2017-03-20,1,2,0,0,0,0,0,0,30,0,0,0,30,0,0,0,0,0,0,0
3094,3086,3095,2017-03-20,2,1,0,0,0,0,0,0,30,0,0,0,30,0,0,0,0,0,0,0
3094,3086,3095,2017-03-20,2,2,0,0,0,0,0,0,30,0,0,0,30,0,0,0,0,0,0,0
3094,3086,3095,2017-03-20,3,1,0,0,0,0,0,0,30,0,0,0,30,0,0,0,0,0,0,0
3094,3086,3095,2017-03-20,3,2,0,0,0,0,0,0,30,0,0,0,30,0,0,0,0,0,0,0
3094,3086,3095,2017-03-20,4,1,0,0,0,0,0,0,30,0,0,0,30,0,0,0,0,0,0,0
3094,3086,3095,2017-03-20,4,2,0,0,0,0,0,0,30,0,0,0,30,0,0,0,0,0,0,0
3094,3086,3095,2017-03-20,5,1,0,0,0,0,0,0,30,0,0,0,30,0,0,0,0,0,0,0
3094,3086,3095,2017-03-20,5,2,0,0,0,0,0,0,30,0,0,0,30,0,0,0,0,0,0,0
3094,3086,3095,2017-03-20,6,1,0,0,0,0,0,0,30,0,0,0,30,0,0,0,0,0,0,0
3094,3086,3095,2017-03-20,6,2,0,0,0,0,0,0,30,0,0,0,30,0,0,0,0,0,0,0
3094,3086,3095,2017-03-20,7,1,0,0,0,0,0,0,30,0,0,0,30,0,0,0,0,0,0,0
3094,3086,3095,2017-03-20,7,2,0,0,0,0,0,0,30,0,0,0,30,0,0,0,0,0,0,0
3094,3086,3095,2017-03-20,8,1,0,0,0,0,0,0,30,0,0,0,30,0,0,0,0,0,0,0
3094,3086,3095,2017-03-20,8,2,1,3,0,13,0,0,17,0,0,0,30,0,0,0,0,0,0,0
3094,3086,3095,2017-03-20,9,1,2,1,0,30,0,0,0,0,0,0,30,0,0,0,0,0,0,0
3094,3086,3095,2017-03-20,9,2,0,1,0,30,0,0,0,0,0,0,30,0,0,0,0,0,0,0
3094,3086,3095,2017-03-20,10,1,0,0,0,30,0,0,0,0,0,0,30,0,0,0,0,0,0,0
3094,3086,3095,2017-03-20,10,2,1,1,0,30,0,0,0,0,0,0,30,0,0,0,0,0,0,0
3094,3086,3095,2017-03-20,11,1,1,0,0,30,0,0,0,0,0,0,30,0,0,0,0,0,0,0
3094,3086,3095,2017-03-20,11,2,0,0,0,30,0,0,0,0,0,0,30,0,0,0,0,0,0,0
3094,3086,3095,2017-03-20,12,1,1,1,0,24,0,0,6,0,0,0,30,0,0,0,0,0,0,0
3094,3086,3095,2017-03-20,12,2,0,1,0,30,0,0,0,0,0,0,30,0,0,0,0,0,0,0
3094,3086,3095,2017-03-20,13,1,1,1,0,25,0,5,0,0,0,0,30,0,0,0,0,0,0,0
3094,3086,3095,2017-03-20,13,2,0,0,0,0,2,28,0,0,0,0,30,0,0,0,0,0,0,0
3094,3086,3095,2017-03-20,14,1,2,0,21,0,6,0,3,0,0,0,30,0,0,0,0,0,0,0
3094,3086,3095,2017-03-20,14,2,0,0,0,0,0,0,30,0,0,0,30,0,0,0,0,0,0,0
3094,3086,3095,2017-03-20,15,1,0,0,0,0,0,0,30,0,0,0,30,0,0,0,0,0,0,0
3094,3086,3095,2017-03-20,15,2,0,0,0,0,0,0,30,0,0,0,30,0,0,0,0,0,0,0
3094,3086,3095,2017-03-20,16,1,0,1,0,0,3,0,27,0,0,0,30,0,0,0,0,0,0,0
3094,3086,3095,2017-03-20,16,2,0,0,0,0,30,0,0,0,0,0,30,0,0,0,0,0,0,0
3094,3086,3095,2017-03-20,17,1,0,1,0,0,30,0,0,0,0,0,30,0,0,0,0,0,0,0
3094,3086,3095,2017-03-20,17,2,2,0,0,0,26,0,4,0,0,0,30,0,0,0,0,0,0,0
3094,3086,3095,2017-03-20,18,1,1,3,0,0,30,0,0,0,0,0,30,0,0,0,0,0,0,0
3094,3086,3095,2017-03-20,18,2,2,2,0,0,30,0,0,0,0,0,30,0,0,0,0,0,0,0
3094,3086,3095,2017-03-20,19,1,2,0,0,0,21,0,9,0,0,0,30,0,0,0,0,0,0,0
3094,3086,3095,2017-03-20,19,2,0,0,0,0,0,0,30,0,0,0,30,0,0,0,0,0,0,0
3094,3086,3095,2017-03-20,20,1,0,0,0,0,0,0,30,0,0,0,30,0,0,0,0,0,0,0
3094,3086,3095,2017-03-20,20,2,0,2,0,0,17,0,13,0,0,0,30,0,0,0,0,0,0,0
3094,3086,3095,2017-03-20,21,1,1,0,0,0,30,0,0,0,0,0,30,0,0,0,0,0,0,0
3094,3086,3095,2017-03-20,21,2,0,1,0,0,30,0,0,0,0,0,30,0,0,0,0,0,0,0
3094,3086,3095,2017-03-20,22,1,0,0,0,0,30,0,0,0,0,0,30,0,0,0,0,0,0,0
3094,3086,3095,2017-03-20,22,2,2,3,0,0,30,0,0,0,0,0,30,0,0,0,0,0,0,0
3094,3086,3095,2017-03-20,23,1,0,0,0,0,30,0,0,0,0,0,30,0,0,0,0,0,0,0
3094,3086,3095,2017-03-20,23,2,0,0,0,0,30,0,0,0,0,0,30,0,0,0,0,0,0,0
3094,3086,3095,2017-03-21,0,1,0,0,0,0,30,0,0,0,0,0,30,0,0,0,0,0,0,0
3094,3086,3095,2017-03-21,0,2,0,0,0,0,30,0,0,0,0,0,30,0,0,0,0,0,0,0
3094,3086,3095,2017-03-21,1,1,0,0,0,0,30,0,0,0,0,0,30,0,0,0,0,0,0,0
3094,3086,3095,2017-03-21,1,2,0,0,0,0,30,0,0,0,0,0,30,0,0,0,0,0,0,0
3094,3086,3095,2017-03-21,2,1,0,0,0,0,30,0,0,0,0,0,30,0,0,0,0,0,0,0
3094,3086,3095,2017-03-21,2,2,0,0,0,0,30,0,0,0,0,0,30,0,0,0,0,0,0,0
3094,3086,3095,2017-03-21,3,1,0,0,0,0,30,0,0,0,0,0,30,0,0,0,0,0,0,0
3094,3086,3095,2017-03-21,3,2,0,0,0,0,30,0,0,0,0,0,30,0,0,0,0,0,0,0
3094,3086,3095,2017-03-21,4,1,0,0,0,0,30,0,0,0,0,0,30,0,0,0,0,0,0,0
3094,3086,3095,2017-03-21,4,2,0,0,0,0,30,0,0,0,0,0,30,0,0,0,0,0,0,0
3094,3086,3095,2017-03-21,5,1,0,0,0,0,30,0,0,0,0,0,30,0,0,0,0,0,0,0
3094,3086,3095,2017-03-21,5,2,0,0,0,0,30,0,0,0,0,0,30,0,0,0,0,0,0,0
3094,3086,3095,2017-03-21,6,1,1,0,0,0,30,0,0,0,0,0,30,0,0,0,0,0,0,0
3094,3086,3095,2017-03-21,6,2,0,0,0,0,30,0,0,0,0,0,30,0,0,0,0,0,0,0
3094,3086,3095,2017-03-21,7,1,2,0,0,0,30,0,0,0,0,0,30,0,0,0,0,0,0,0
3094,3086,3095,2017-03-21,7,2,0,1,6,0,3,0,21,0,0,0,30,0,0,0,0,0,0,0
3094,3086,3095,2017-03-21,8,1,1,2,25,0,0,0,5,0,0,0,30,0,0,0,0,0,0,0
3094,3086,3095,2017-03-21,8,2,0,1,30,0,0,0,0,0,0,0,30,0,0,0,0,0,0,0
3094,3086,3095,2017-03-21,9,1,1,1,30,0,0,0,0,0,0,0,30,0,0,0,0,0,0,0
3094,3086,3095,2017-03-21,9,2,1,1,7,23,0,0,0,0,0,0,30,0,0,0,0,0,0,0
3094,3086,3095,2017-03-21,10,1,2,2,0,30,0,0,0,0,0,0,30,0,0,0,0,0,0,0
3094,3086,3095,2017-03-21,10,2,0,0,0,30,0,0,0,0,0,0,30,0,0,0,0,0,0,0
3094,3086,3095,2017-03-21,11,1,0,0,0,30,0,0,0,0,0,0,30,0,0,0,0,0,0,0
3094,3086,3095,2017-03-21,11,2,0,0,0,30,0,0,0,0,0,0,30,0,0,0,0,0,0,0
3094,3086,3095,2017-03-21,12,1,0,0,0,2,28,0,0,0,0,0,30,0,0,0,0,0,0,0
3094,3086,3095,2017-03-21,12,2,0,0,8,0,22,0,0,0,0,0,30,0,0,0,0,0,0,0
3094,3086,3095,2017-03-21,13,1,0,1,0,26,4,0,0,0,0,0,30,0,0,0,0,0,0,0
3094,3086,3095,2017-03-21,13,2,0,0,0,30,0,0,0,0,0,0,30,0,0,0,0,0,0,0
3094,3086,3095,2017-03-21,14,1,0,1,0,30,0,0,0,0,0,0,30,0,0,0,0,0,0,0
3094,3086,3095,2017-03-21,14,2,0,1,0,30,0,0,0,0,0,0,30,0,0,0,0,0,0,0
3094,3086,3095,2017-03-21,15,1,0,0,0,30,0,0,0,0,0,0,30,0,0,0,0,0,0,0
3094,3086,3095,2017-03-21,15,2,1,0,0,30,0,0,0,0,0,0,30,0,0,0,0,0,0,0
3094,3086,3095,2017-03-21,16,1,1,1,0,30,0,0,0,0,0,0,30,0,0,0,0,0,0,0
3094,3086,3095,2017-03-21,16,2,1,0,0,30,0,0,0,0,0,0,30,0,0,0,0,0,0,0
3094,3086,3095,2017-03-21,17,1,0,1,0,30,0,0,0,0,0,0,30,0,0,0,0,0,0,0
3094,3086,3095,2017-03-21,17,2,2,2,1,29,0,0,0,0,0,0,30,0,0,0,0,0,0,0
3094,3086,3095,2017-03-21,18,1,0,1,30,0,0,0,0,0,0,0,30,0,0,0,0,0,0,0
3094,3086,3095,2017-03-21,18,2,1,0,30,0,0,0,0,0,0,0,30,0,0,0,0,0,0,0
3094,3086,3095,2017-03-21,19,1,1,3,30,0,0,0,0,0,0,0,30,0,0,0,0,0,0,0
3094,3086,3095,2017-03-21,19,2,0,1,30,0,0,0,0,0,0,0,30,0,0,0,0,0,0,0
3094,3086,3095,2017-03-21,20,1,2,0,30,0,0,0,0,0,0,0,30,0,0,0,0,0,0,0
3094,3086,3095,2017-03-21,20,2,0,1,30,0,0,0,0,0,0,0,30,0,0,0,0,0,0,0
3094,3086,3095,2017-03-21,21,1,0,1,30,0,0,0,0,0,0,0,30,0,0,0,0,0,0,0
3094,3086,3095,2017-03-21,21,2,0,0,30,0,0,0,0,0,0,0,30,0,0,0,0,0,0,0
3094,3086,3095,2017-03-21,22,1,0,1,30,0,0,0,0,0,0,0,30,0,0,0,0,0,0,0
3094,3086,3095,2017-03-21,22,2,0,0,30,0,0,0,0,0,0,0,30,0,0,0,0,0,0,0
3094,3086,3095,2017-03-21,23,1,1,0,30,0,0,0,0,0,0,0,30,0,0,0,0,0,0,0
3094,3086,3095,2017-03-21,23,2,0,0,30,0,0,0,0,0,0,0,30,0,0,0,0,0,0,0
3094,3086,3095,2017-03-22,0,1,0,0,29,1,0,0,0,0,0,0,30,0,0,0,0,0,0,0
3094,3086,3095,2017-03-22,0,2,0,0,0,30,0,0,0,0,0,0,30,0,0,0,0,0,0,0
3094,3086,3095,2017-03-22,1,1,0,0,4,26,0,0,0,0,0,0,30,0,0,0,0,0,0,0
3094,3086,3095,2017-03-22,1,2,0,0,30,0,0,0,0,0,0,0,30,0,0,0,0,0,0,0
3094,3086,3095,2017-03-22,2,1,0,0,30,0,0,0,0,0,0,0,30,0,0,0,0,0,0,0
3094,3086,3095,2017-03-22,2,2,0,0,30,0,0,0,0,0,0,0,30,0,0,0,0,0,0,0
3094,3086,3095,2017-03-22,3,1,0,0,30,0,0,0,0,0,0,0,30,0,0,0,0,0,0,0
3094,3086,3095,2017-03-22,3,2,0,0,30,0,0,0,0,0,0,0,30,0,0,0,0,0,0,0
3094,3086,3095,2017-03-22,4,1,0,0,30,0,0,0,0,0,0,0,30,0,0,0,0,0,0,0
3094,3086,3095,2017-03-22,4,2,0,0,30,0,0,0,0,0,0,0,30,0,0,0,0,0,0,0
3094,3086,3095,2017-03-22,5,1,0,0,30,0,0,0,0,0,0,0,30,0,0,0,0,0,0,0
3094,3086,3095,2017-03-22,5,2,0,0,30,0,0,0,0,0,0,0,30,0,0,0,0,0,0,0
3094,3086,3095,2017-03-22,6,1,0,0,30,0,0,0,0,0,0,0,30,0,0,0,0,0,0,0
3094,3086,3095,2017-03-22,6,2,0,0,30,0,0,0,0,0,0,0,30,0,0,0,0,0,0,0
3094,3086,3095,2017-03-22,7,1,0,0,30,0,0,0,0,0,0,0,30,0,0,0,0,0,0,0
3094,3086,3095,2017-03-22,7,2,0,1,30,0,0,0,0,0,0,0,30,0,0,0,0,0,0,0
3094,3086,3095,2017-03-22,8,1,0,0,30,0,0,0,0,0,0,0,30,0,0,0,0,0,0,0
3094,3086,3095,2017-03-22,8,2,0,1,30,0,0,0,0,0,0,0,30,0,0,0,0,0,0,0
3094,3086,3095,2017-03-22,9,1,0,0,30,0,0,0,0,0,0,0,30,0,0,0,0,0,0,0
3094,3086,3095,2017-03-22,9,2,1,0,30,0,0,0,0,0,0,0,30,0,0,0,0,0,0,0
3094,3086,3095,2017-03-22,10,1,0,0,30,0,0,0,0,0,0,0,30,0,0,0,0,0,0,0
3094,3086,3095,2017-03-22,10,2,0,0,30,0,0,0,0,0,0,0,30,0,0,0,0,0,0,0
3094,3086,3095,2017-03-22,11,1,0,0,30,0,0,0,0,0,0,0,30,0,0,0,0,0,0,0
3094,3086,3095,2017-03-22,11,2,1,0,30,0,0,0,0,0,0,0,30,0,0,0,0,0,0,0
3094,3086,3095,2017-03-22,12,1,2,1,30,0,0,0,0,0,0,0,30,0,0,0,0,0,0,0
3094,3086,3095,2017-03-22,12,2,0,0,30,0,0,0,0,0,0,0,30,0,0,0,0,0,0,0
3094,3086,3095,2017-03-22,13,1,0,0,14,16,0,0,0,0,0,0,30,0,0,0,0,0,0,0
3094,3086,3095,2017-03-22,13,2,1,0,0,30,0,0,0,0,0,0,30,0,0,0,0,0,0,0
3094,3086,3095,2017-03-22,14,1,1,0,0,30,0,0,0,0,0,0,30,0,0,0,0,0,0,0
3094,3086,3095,2017-03-22,14,2,0,0,0,30,0,0,0,0,0,0,30,0,0,0,0,0,0,0
3094,3086,3095,2017-03-22,15,1,0,0,0,30,0,0,0,0,0,0,30,0,0,0,0,0,0,0
3094,3086,3095,2017-03-22,15,2,0,0,0,30,0,0,0,0,0,0,30,0,0,0,0,0,0,0
3094,3086,3095,2017-03-22,16,1,0,0,0,30,0,0,0,0,0,0,30,0,0,0,0,0,0,0
3094,3086,3095,2017-03-22,16,2,1,0,15,15,0,0,0,0,0,0,30,0,0,0,0,0,0,0
3094,3086,3095,2017-03-22,17,1,0,1,30,0,0,0,0,0,0,0,30,0,0,0,0,0,0,0
3094,3086,3095,2017-03-22,17,2,0,1,30,0,0,0,0,0,0,0,30,0,0,0,0,0,0,0
3094,3086,3095,2017-03-22,18,1,0,0,30,0,0,0,0,0,0,0,30,0,0,0,0,0,0,0
3094,3086,3095,2017-03-22,18,2,0,1,30,0,0,0,0,0,0,0,30,0,0,0,0,0,0,0
3094,3086,3095,2017-03-22,19,1,0,1,30,0,0,0,0,0,0,0,30,0,0,0,0,0,0,0
3094,3086,3095,2017-03-22,19,2,1,0,30,0,0,0,0,0,0,0,30,0,0,0,0,0,0,0
3094,3086,3095,2017-03-22,20,1,0,0,30,0,0,0,0,0,0,0,30,0,0,0,0,0,0,0
3094,3086,3095,2017-03-22,20,2,0,0,30,0,0,0,0,0,0,0,30,0,0,0,0,0,0,0
3094,3086,3095,2017-03-22,21,1,0,0,30,0,0,0,0,0,0,0,30,0,0,0,0,0,0,0
3094,3086,3095,2017-03-22,21,2,0,0,30,0,0,0,0,0,0,0,30,0,0,0,0,0,0,0
3094,3086,3095,2017-03-22,22,1,0,0,30,0,0,0,0,0,0,0,30,0,0,0,0,0,0,0
3094,3086,3095,2017-03-22,22,2,0,0,30,0,0,0,0,0,0,0,30,0,0,0,0,0,0,0
3094,3086,3095,2017-03-22,23,1,0,0,30,0,0,0,0,0,0,0,30,0,0,0,0,0,0,0
3094,3086,3095,2017-03-22,23,2,0,0,30,0,0,0,0,0,0,0,30,0,0,0,0,0,0,0
3094,3086,3095,2017-03-23,0,1,0,0,30,0,0,0,0,0,0,0,30,0,0,0,0,0,0,0
3094,3086,3095,2017-03-23,0,2,0,0,30,0,0,0,0,0,0,0,30,0,0,0,0,0,0,0
3094,3086,3095,2017-03-23,1,1,0,0,30,0,0,0,0,0,0,0,30,0,0,0,0,0,0,0
3094,3086,3095,2017-03-23,1,2,0,0,30,0,0,0,0,0,0,0,30,0,0,0,0,0,0,0
3094,3086,3095,2017-03-23,2,1,0,0,30,0,0,0,0,0,0,0,30,0,0,0,0,0,0,0
3094,3086,3095,2017-03-23,2,2,0,0,30,0,0,0,0,0,0,0,30,0,0,0,0,0,0,0
3094,3086,3095,2017-03-23,3,1,0,0,30,0,0,0,0,0,0,0,30,0,0,0,0,0,0,0
3094,3086,3095,2017-03-23,3,2,0,0,30,0,0,0,0,0,0,0,30,0,0,0,0,0,0,0
3094,3086,3095,2017-03-23,4,1,0,0,30,0,0,0,0,0,0,0,30,0,0,0,0,0,0,0
3094,3086,3095,2017-03-23,4,2,0,0,30,0,0,0,0,0,0,0,30,0,0,0,0,0,0,0
3094,3086,3095,2017-03-23,5,1,0,0,30,0,0,0,0,0,0,0,30,0,0,0,0,0,0,0
3094,3086,3095,2017-03-23,5,2,0,0,30,0,0,0,0,0,0,0,30,0,0,0,0,0,0,0
3094,3086,3095,2017-03-23,6,1,0,1,30,0,0,0,0,0,0,0,30,0,0,0,0,0,0,0
3094,3086,3095,2017-03-23,6,2,0,0,30,0,0,0,0,0,0,0,30,0,0,0,0,0,0,0
3094,3086,3095,2017-03-23,7,1,0,0,30,0,0,0,0,0,0,0,30,0,0,0,0,0,0,0
3094,3086,3095,2017-03-23,7,2,1,1,30,0,0,0,0,0,0,0,30,0,0,0,0,0,0,0
3094,3086,3095,2017-03-23,8,1,0,0,30,0,0,0,0,0,0,0,30,0,0,0,0,0,0,0
3094,3086,3095,2017-03-23,8,2,1,0,30,0,0,0,0,0,0,0,30,0,0,0,0,0,0,0
3094,3086,3095,2017-03-23,9,1,1,0,30,0,0,0,0,0,0,0,30,0,0,0,0,0,0,0
3094,3086,3095,2017-03-23,9,2,1,1,30,0,0,0,0,0,0,0,30,0,0,0,0,0,0,0
3094,3086,3095,2017-03-23,10,1,2,0,30,0,0,0,0,0,0,0,30,0,0,0,0,0,0,0
3094,3086,3095,2017-03-23,10,2,0,0,30,0,0,0,0,0,0,0,30,0,0,0,0,0,0,0
3094,3086,3095,2017-03-23,11,1,0,0,30,0,0,0,0,0,0,0,30,0,0,0,0,0,0,0
3094,3086,3095,2017-03-23,11,2,0,0,30,0,0,0,0,0,0,0,30,0,0,0,0,0,0,0
3094,3086,3095,2017-03-23,12,1,0,0,30,0,0,0,0,0,0,0,30,0,0,0,0,0,0,0
3094,3086,3095,2017-03-23,12,2,0,0,30,0,0,0,0,0,0,0,30,0,0,0,0,0,0,0
3094,3086,3095,2017-03-23,13,1,0,0,30,0,0,0,0,0,0,0,30,0,0,0,0,0,0,0
3094,3086,3095,2017-03-23,13,2,0,0,30,0,0,0,0,0,0,0,30,0,0,0,0,0,0,0
3094,3086,3095,2017-03-23,14,1,0,0,30,0,0,0,0,0,0,0,3,0,27,0,0,0,0,0
3094,3086,3095,2017-03-23,14,2,0,0,30,0,0,0,0,0,0,0,22,0,8,0,0,0,0,0
3094,3086,3095,2017-03-23,15,1,0,0,30,0,0,0,0,0,0,0,30,0,0,0,0,0,0,0
3094,3086,3095,2017-03-23,15,2,0,0,30,0,0,0,0,0,0,0,30,0,0,0,0,0,0,0
3094,3086,3095,2017-03-23,16,1,2,0,30,0,0,0,0,0,0,0,30,0,0,0,0,0,0,0
3094,3086,3095,2017-03-23,16,2,1,0,30,0,0,0,0,0,0,0,30,0,0,0,0,0,0,0
3094,3086,3095,2017-03-23,17,1,0,0,30,0,0,0,0,0,0,0,30,0,0,0,0,0,0,0
3094,3086,3095,2017-03-23,17,2,0,2,30,0,0,0,0,0,0,0,30,0,0,0,0,0,0,0
3094,3086,3095,2017-03-23,18,1,1,0,30,0,0,0,0,0,0,0,5,0,25,0,0,0,0,0
3094,3086,3095,2017-03-23,18,2,1,1,30,0,0,0,0,0,0,0,23,0,7,0,0,0,0,0
3094,3086,3095,2017-03-23,19,1,0,1,26,4,0,0,0,0,0,0,17,0,13,0,0,0,0,0
3094,3086,3095,2017-03-23,19,2,0,0,0,30,0,0,0,0,0,0,21,0,9,0,0,0,0,0
3094,3086,3095,2017-03-23,20,1,0,0,0,30,0,0,0,0,0,0,27,0,3,0,0,0,0,0
3094,3086,3095,2017-03-23,20,2,0,0,0,30,0,0,0,0,0,0,30,0,0,0,0,0,0,0
3094,3086,3095,2017-03-23,21,1,0,0,0,30,0,0,0,0,0,0,30,0,0,0,0,0,0,0
3094,3086,3095,2017-03-23,21,2,0,1,11,19,0,0,0,0,0,0,30,0,0,0,0,0,0,0
3094,3086,3095,2017-03-23,22,1,0,1,30,0,0,0,0,0,0,0,30,0,0,0,0,0,0,0
3094,3086,3095,2017-03-23,22,2,0,1,30,0,0,0,0,0,0,0,30,0,0,0,0,0,0,0
3094,3086,3095,2017-03-23,23,1,0,0,30,0,0,0,0,0,0,0,30,0,0,0,0,0,0,0
3094,3086,3095,2017-03-23,23,2,0,1,30,0,0,0,0,0,0,0,30,0,0,0,0,0,0,0
3094,3086,3095,2017-03-24,0,1,0,0,30,0,0,0,0,0,0,0,30,0,0,0,0,0,0,0
3094,3086,3095,2017-03-24,0,2,0,0,30,0,0,0,0,0,0,0,30,0,0,0,0,0,0,0
3094,3086,3095,2017-03-24,1,1,0,0,30,0,0,0,0,0,0,0,30,0,0,0,0,0,0,0
3094,3086,3095,2017-03-24,1,2,0,0,30,0,0,0,0,0,0,0,30,0,0,0,0,0,0,0
3094,3086,3095,2017-03-24,2,1,0,0,30,0,0,0,0,0,0,0,30,0,0,0,0,0,0,0
3094,3086,3095,2017-03-24,2,2,0,0,30,0,0,0,0,0,0,0,30,0,0,0,0,0,0,0
3094,3086,3095,2017-03-24,3,1,0,2,30,0,0,0,0,0,0,0,30,0,0,0,0,0,0,0
3094,3086,3095,2017-03-24,3,2,0,0,30,0,0,0,0,0,0,0,30,0,0,0,0,0,0,0
3094,3086,3095,2017-03-24,4,1,0,0,30,0,0,0,0,0,0,0,30,0,0,0,0,0,0,0
3094,3086,3095,2017-03-24,4,2,0,0,30,0,0,0,0,0,0,0,30,0,0,0,0,0,0,0
3094,3086,3095,2017-03-24,5,1,0,0,30,0,0,0,0,0,0,0,30,0,0,0,0,0,0,0
3094,3086,3095,2017-03-24,5,2,0,0,23,7,0,0,0,0,0,0,30,0,0,0,0,0,0,0
3094,3086,3095,2017-03-24,6,1,0,0,0,30,0,0,0,0,0,0,30,0,0,0,0,0,0,0
3094,3086,3095,2017-03-24,6,2,0,0,0,30,0,0,0,0,0,0,30,0,0,0,0,0,0,0
3094,3086,3095,2017-03-24,7,1,0,0,0,30,0,0,0,0,0,0,30,0,0,0,0,0,0,0
3094,3086,3095,2017-03-24,7,2,0,0,0,30,0,0,0,0,0,0,30,0,0,0,0,0,0,0
3094,3086,3095,2017-03-24,8,1,0,1,0,30,0,0,0,0,0,0,30,0,0,0,0,0,0,0
3094,3086,3095,2017-03-24,8,2,0,1,0,30,0,0,0,0,0,0,26,0,4,0,0,0,0,0
3094,3086,3095,2017-03-24,9,1,1,1,0,30,0,0,0,0,0,0,30,0,0,0,0,0,0,0
3094,3086,3095,2017-03-24,9,2,1,0,0,30,0,0,0,0,0,0,30,0,0,0,0,0,0,0
3094,3086,3095,2017-03-24,10,1,1,0,0,30,0,0,0,0,0,0,6,0,24,0,0,0,0,0
3094,3086,3095,2017-03-24,10,2,1,0,0,30,0,0,0,0,0,0,0,0,30,0,0,0,0,0
3094,3086,3095,2017-03-24,11,1,0,0,0,30,0,0,0,0,0,0,0,0,30,0,0,0,0,0
3094,3086,3095,2017-03-24,11,2,0,0,0,30,0,0,0,0,0,0,0,0,30,0,0,0,0,0
3094,3086,3095,2017-03-24,12,1,0,0,0,30,0,0,0,0,0,0,0,0,30,0,0,0,0,0
3094,3086,3095,2017-03-24,12,2,2,0,25,5,0,0,0,0,0,0,25,0,5,0,0,0,0,0
3094,3086,3095,2017-03-24,13,1,0,0,17,13,0,0,0,0,0,0,30,0,0,0,0,0,0,0
3094,3086,3095,2017-03-24,13,2,0,1,0,30,0,0,0,0,0,0,15,0,15,0,0,0,0,0
3094,3086,3095,2017-03-24,14,1,0,1,0,30,0,0,0,0,0,0,30,0,0,0,0,0,0,0
3094,3086,3095,2017-03-24,14,2,0,0,0,30,0,0,0,0,0,0,5,0,25,0,0,0,0,0
3094,3086,3095,2017-03-24,15,1,0,0,11,19,0,0,0,0,0,0,0,0,30,0,0,0,0,0
3094,3086,3095,2017-03-24,15,2,1,1,30,0,0,0,0,0,0,0,0,0,30,0,0,0,0,0
3094,3086,3095,2017-03-24,16,1,0,0,30,0,0,0,0,0,0,0,15,0,15,0,0,0,0,0
3094,3086,3095,2017-03-24,16,2,1,0,30,0,0,0,0,0,0,0,30,0,0,0,0,0,0,0
3094,3086,3095,2017-03-24,17,1,1,0,30,0,0,0,0,0,0,0,30,0,0,0,0,0,0,0
3094,3086,3095,2017-03-24,17,2,1,0,30,0,0,0,0,0,0,0,30,0,0,0,0,0,0,0
3094,3086,3095,2017-03-24,18,1,0,3,30,0,0,0,0,0,0,0,30,0,0,0,0,0,0,0
3094,3086,3095,2017-03-24,18,2,1,0,30,0,0,0,0,0,0,0,30,0,0,0,0,0,0,0
3094,3086,3095,2017-03-24,19,1,1,1,30,0,0,0,0,0,0,0,30,0,0,0,0,0,0,0
3094,3086,3095,2017-03-24,19,2,2,0,30,0,0,0,0,0,0,0,30,0,0,0,0,0,0,0
3094,3086,3095,2017-03-24,20,1,1,0,30,0,0,0,0,0,0,0,30,0,0,0,0,0,0,0
3094,3086,3095,2017-03-24,20,2,0,3,30,0,0,0,0,0,0,0,30,0,0,0,0,0,0,0
3094,3086,3095,2017-03-24,21,1,0,0,30,0,0,0,0,0,0,0,30,0,0,0,0,0,0,0
3094,3086,3095,2017-03-24,21,2,0,1,30,0,0,0,0,0,0,0,30,0,0,0,0,0,0,0
3094,3086,3095,2017-03-24,22,1,0,0,30,0,0,0,0,0,0,0,30,0,0,0,0,0,0,0
3094,3086,3095,2017-03-24,22,2,0,0,30,0,0,0,0,0,0,0,30,0,0,0,0,0,0,0
3094,3086,3095,2017-03-24,23,1,0,3,30,0,0,0,0,0,0,0,30,0,0,0,0,0,0,0
3094,3086,3095,2017-03-24,23,2,0,0,30,0,0,0,0,0,0,0,30,0,0,0,0,0,0,0
3094,3086,3095,2017-03-25,0,1,0,0,30,0,0,0,0,0,0,0,30,0,0,0,0,0,0,0
3094,3086,3095,2017-03-25,0,2,1,0,8,22,0,0,0,0,0,0,8,0,22,0,0,0,0,0
3094,3086,3095,2017-03-25,1,1,0,0,12,18,0,0,0,0,0,0,12,0,18,0,0,0,0,0
3094,3086,3095,2017-03-25,1,2,0,0,30,0,0,0,0,0,0,0,30,0,0,0,0,0,0,0
3094,3086,3095,2017-03-25,2,1,0,0,30,0,0,0,0,0,0,0,30,0,0,0,0,0,0,0
3094,3086,3095,2017-03-25,2,2,0,0,30,0,0,0,0,0,0,0,30,0,0,0,0,0,0,0
3094,3086,3095,2017-03-25,3,1,0,0,30,0,0,0,0,0,0,0,30,0,0,0,0,0,0,0
3094,3086,3095,2017-03-25,3,2,0,0,30,0,0,0,0,0,0,0,30,0,0,0,0,0,0,0
3094,3086,3095,2017-03-25,4,1,0,0,30,0,0,0,0,0,0,0,30,0,0,0,0,0,0,0
3094,3086,3095,2017-03-25,4,2,0,0,30,0,0,0,0,0,0,0,30,0,0,0,0,0,0,0
3094,3086,3095,2017-03-25,5,1,0,0,30,0,0,0,0,0,0,0,30,0,0,0,0,0,0,0
3094,3086,3095,2017-03-25,5,2,0,0,30,0,0,0,0,0,0,0,30,0,0,0,0,0,0,0
3094,3086,3095,2017-03-25,6,1,0,0,30,0,0,0,0,0,0,0,30,0,0,0,0,0,0,0
3094,3086,3095,2017-03-25,6,2,0,0,30,0,0,0,0,0,0,0,30,0,0,0,0,0,0,0
3094,3086,3095,2017-03-25,7,1,0,0,30,0,0,0,0,0,0,0,30,0,0,0,0,0,0,0
3094,3086,3095,2017-03-25,7,2,0,0,30,0,0,0,0,0,0,0,30,0,0,0,0,0,0,0
3094,3086,3095,2017-03-25,8,1,0,0,30,0,0,0,0,0,0,0,30,0,0,0,0,0,0,0
3094,3086,3095,2017-03-25,8,2,0,0,30,0,0,0,0,0,0,0,30,0,0,0,0,0,0,0
3094,3086,3095,2017-03-25,9,1,0,0,30,0,0,0,0,0,0,0,30,0,0,0,0,0,0,0
3094,3086,3095,2017-03-25,9,2,0,1,30,0,0,0,0,0,0,0,30,0,0,0,0,0,0,0
3094,3086,3095,2017-03-25,10,1,1,0,30,0,0,0,0,0,0,0,30,0,0,0,0,0,0,0
3094,3086,3095,2017-03-25,10,2,1,0,30,0,0,0,0,0,0,0,30,0,0,0,0,0,0,0
3094,3086,3095,2017-03-25,11,1,0,1,30,0,0,0,0,0,0,0,30,0,0,0,0,0,0,0
3094,3086,3095,2017-03-25,11,2,1,0,30,0,0,0,0,0,0,0,30,0,0,0,0,0,0,0
3094,3086,3095,2017-03-25,12,1,3,2,30,0,0,0,0,0,0,0,30,0,0,0,0,0,0,0
3094,3086,3095,2017-03-25,12,2,1,1,30,0,0,0,0,0,0,0,30,0,0,0,0,0,0,0
3094,3086,3095,2017-03-25,13,1,1,0,30,0,0,0,0,0,0,0,30,0,0,0,0,0,0,0
3094,3086,3095,2017-03-25,13,2,2,1,30,0,0,0,0,0,0,0,30,0,0,0,0,0,0,0
3094,3086,3095,2017-03-25,14,1,0,0,30,0,0,0,0,0,0,0,30,0,0,0,0,0,0,0
3094,3086,3095,2017-03-25,14,2,1,1,30,0,0,0,0,0,0,0,30,0,0,0,0,0,0,0
3094,3086,3095,2017-03-25,15,1,3,0,30,0,0,0,0,0,0,0,30,0,0,0,0,0,0,0
3094,3086,3095,2017-03-25,15,2,1,1,30,0,0,0,0,0,0,0,30,0,0,0,0,0,0,0
3094,3086,3095,2017-03-25,16,1,2,1,30,0,0,0,0,0,0,0,30,0,0,0,0,0,0,0
3094,3086,3095,2017-03-25,16,2,1,0,13,0,0,0,17,0,0,0,30,0,0,0,0,0,0,0
3094,3086,3095,2017-03-25,17,1,1,1,17,0,0,0,13,0,0,0,30,0,0,0,0,0,0,0
3094,3086,3095,2017-03-25,17,2,0,0,0,0,0,0,30,0,0,0,30,0,0,0,0,0,0,0
3094,3086,3095,2017-03-25,18,1,0,1,12,0,0,0,18,0,0,0,30,0,0,0,0,0,0,0
3094,3086,3095,2017-03-25,18,2,0,0,30,0,0,0,0,0,0,0,30,0,0,0,0,0,0,0
3094,3086,3095,2017-03-25,19,1,0,0,30,0,0,0,0,0,0,0,30,0,0,0,0,0,0,0
3094,3086,3095,2017-03-25,19,2,0,0,30,0,0,0,0,0,0,0,30,0,0,0,0,0,0,0
3094,3086,3095,2017-03-25,20,1,0,1,30,0,0,0,0,0,0,0,30,0,0,0,0,0,0,0
3094,3086,3095,2017-03-25,20,2,0,0,30,0,0,0,0,0,0,0,30,0,0,0,0,0,0,0
3094,3086,3095,2017-03-25,21,1,0,1,30,0,0,0,0,0,0,0,30,0,0,0,0,0,0,0
3094,3086,3095,2017-03-25,21,2,0,0,30,0,0,0,0,0,0,0,30,0,0,0,0,0,0,0
3094,3086,3095,2017-03-25,22,1,0,0,30,0,0,0,0,0,0,0,30,0,0,0,0,0,0,0
3094,3086,3095,2017-03-25,22,2,0,0,30,0,0,0,0,0,0,0,30,0,0,0,0,0,0,0
3094,3086,3095,2017-03-25,23,1,0,0,30,0,0,0,0,0,0,0,30,0,0,0,0,0,0,0
3094,3086,3095,2017-03-25,23,2,0,1,30,0,0,0,0,0,0,0,30,0,0,0,0,0,0,0
3094,3086,3095,2017-03-26,0,1,0,0,30,0,0,0,0,0,0,0,30,0,0,0,0,0,0,0
3094,3086,3095,2017-03-26,0,2,0,0,30,0,0,0,0,0,0,0,30,0,0,0,0,0,0,0
3094,3086,3095,2017-03-26,1,1,0,0,30,0,0,0,0,0,0,0,30,0,0,0,0,0,0,0
3094,3086,3095,2017-03-26,1,2,0,0,30,0,0,0,0,0,0,0,30,0,0,0,0,0,0,0
3094,3086,3095,2017-03-26,2,1,0,0,30,0,0,0,0,0,0,0,30,0,0,0,0,0,0,0
3094,3086,3095,2017-03-26,2,2,0,0,30,0,0,0,0,0,0,0,30,0,0,0,0,0,0,0
3094,3086,3095,2017-03-26,3,1,0,0,30,0,0,0,0,0,0,0,30,0,0,0,0,0,0,0
3094,3086,3095,2017-03-26,3,2,0,0,30,0,0,0,0,0,0,0,30,0,0,0,0,0,0,0
3094,3086,3095,2017-03-26,4,1,0,0,30,0,0,0,0,0,0,0,30,0,0,0,0,0,0,0
3094,3086,3095,2017-03-26,4,2,0,0,30,0,0,0,0,0,0,0,30,0,0,0,0,0,0,0
3094,3086,3095,2017-03-26,5,1,0,0,30,0,0,0,0,0,0,0,30,0,0,0,0,0,0,0
3094,3086,3095,2017-03-26,5,2,0,0,30,0,0,0,0,0,0,0,30,0,0,0,0,0,0,0
3094,3086,3095,2017-03-26,6,1,0,0,30,0,0,0,0,0,0,0,30,0,0,0,0,0,0,0
3094,3086,3095,2017-03-26,6,2,0,0,30,0,0,0,0,0,0,0,30,0,0,0,0,0,0,0
3094,3086,3095,2017-03-26,7,1,0,0,30,0,0,0,0,0,0,0,30,0,0,0,0,0,0,0
3094,3086,3095,2017-03-26,7,2,0,0,30,0,0,0,0,0,0,0,30,0,0,0,0,0,0,0
3094,3086,3095,2017-03-26,8,1,3,0,30,0,0,0,0,0,0,0,30,0,0,0,0,0,0,0
3094,3086,3095,2017-03-26,8,2,0,0,30,0,0,0,0,0,0,0,30,0,0,0,0,0,0,0
3094,3086,3095,2017-03-26,9,1,0,0,30,0,0,0,0,0,0,0,30,0,0,0,0,0,0,0
3094,3086,3095,2017-03-26,9,2,0,0,30,0,0,0,0,0,0,0,30,0,0,0,0,0,0,0
3094,3086,3095,2017-03-26,10,1,0,0,30,0,0,0,0,0,0,0,30,0,0,0,0,0,0,0
3094,3086,3095,2017-03-26,10,2,0,1,30,0,0,0,0,0,0,0,30,0,0,0,0,0,0,0
3094,3086,3095,2017-03-26,11,1,0,1,30,0,0,0,0,0,0,0,30,0,0,0,0,0,0,0
3094,3086,3095,2017-03-26,11,2,1,0,30,0,0,0,0,0,0,0,30,0,0,0,0,0,0,0
3094,3086,3095,2017-03-26,12,1,0,0,30,0,0,0,0,0,0,0,30,0,0,0,0,0,0,0
3094,3086,3095,2017-03-26,12,2,2,2,30,0,0,0,0,0,0,0,30,0,0,0,0,0,0,0
3094,3086,3095,2017-03-26,13,1,2,0,7,0,0,0,23,0,0,0,30,0,0,0,0,0,0,0
3094,3086,3095,2017-03-26,13,2,0,2,26,0,0,0,4,0,0,0,30,0,0,0,0,0,0,0
3094,3086,3095,2017-03-26,14,1,0,0,30,0,0,0,0,0,0,0,30,0,0,0,0,0,0,0
3094,3086,3095,2017-03-26,14,2,0,0,30,0,0,0,0,0,0,0,30,0,0,0,0,0,0,0
3094,3086,3095,2017-03-26,15,1,0,0,30,0,0,0,0,0,0,0,30,0,0,0,0,0,0,0
3094,3086,3095,2017-03-26,15,2,0,0,30,0,0,0,0,0,0,0,30,0,0,0,0,0,0,0
3094,3086,3095,2017-03-26,16,1,1,3,30,0,0,0,0,0,0,0,30,0,0,0,0,0,0,0
3094,3086,3095,2017-03-26,16,2,2,0,30,0,0,0,0,0,0,0,30,0,0,0,0,0,0,0
3094,3086,3095,2017-03-26,17,1,0,0,30,0,0,0,0,0,0,0,30,0,0,0,0,0,0,0
3094,3086,3095,2017-03-26,17,2,0,1,30,0,0,0,0,0,0,0,30,0,0,0,0,0,0,0
3094,3086,3095,2017-03-26,18,1,1,0,30,0,0,0,0,0,0,0,30,0,0,0,0,0,0,0
3094,3086,3095,2017-03-26,18,2,0,0,30,0,0,0,0,0,0,0,30,0,0,0,0,0,0,0
3094,3086,3095,2017-03-26,19,1,0,0,30,0,0,0,0,0,0,0,30,0,0,0,0,0,0,0
3094,3086,3095,2017-03-26,19,2,1,1,30,0,0,0,0,0,0,0,30,0,0,0,0,0,0,0
3094,3086,3095,2017-03-26,20,1,0,0,2,28,0,0,0,0,0,0,30,0,0,0,0,0,0,0
3094,3086,3095,2017-03-26,20,2,0,0,0,30,0,0,0,0,0,0,30,0,0,0,0,0,0,0
3094,3086,3095,2017-03-26,21,1,1,0,0,30,0,0,0,0,0,0,30,0,0,0,0,0,0,0
3094,3086,3095,2017-03-26,21,2,0,0,0,30,0,0,0,0,0,0,30,0,0,0,0,0,0,0
3094,3086,3095,2017-03-26,22,1,0,0,0,30,0,0,0,0,0,0,30,0,0,0,0,0,0,0
3094,3086,3095,2017-03-26,22,2,0,0,0,30,0,0,0,0,0,0,30,0,0,0,0,0,0,0
3094,3086,3095,2017-03-26,23,1,0,2,0,30,0,0,0,0,0,0,30,0,0,0,0,0,0,0
3094,3086,3095,2017-03-26,23,2,0,0,0,30,0,0,0,0,0,0,30,0,0,0,0,0,0,0
3094,3086,3095,2017-03-27,0,1,0,0,6,24,0,0,0,0,0,0,30,0,0,0,0,0,0,0
3094,3086,3095,2017-03-27,0,2,0,0,30,0,0,0,0,0,0,0,30,0,0,0,0,0,0,0
3094,3086,3095,2017-03-27,1,1,0,0,10,20,0,0,0,0,0,0,30,0,0,0,0,0,0,0
3094,3086,3095,2017-03-27,1,2,0,0,0,30,0,0,0,0,0,0,30,0,0,0,0,0,0,0
3094,3086,3095,2017-03-27,2,1,0,0,0,30,0,0,0,0,0,0,30,0,0,0,0,0,0,0
3094,3086,3095,2017-03-27,2,2,0,0,0,30,0,0,0,0,0,0,30,0,0,0,0,0,0,0
3094,3086,3095,2017-03-27,3,1,0,0,0,30,0,0,0,0,0,0,30,0,0,0,0,0,0,0
3094,3086,3095,2017-03-27,3,2,0,0,0,30,0,0,0,0,0,0,30,0,0,0,0,0,0,0
3094,3086,3095,2017-03-27,4,1,0,0,0,30,0,0,0,0,0,0,30,0,0,0,0,0,0,0
3094,3086,3095,2017-03-27,4,2,0,0,0,30,0,0,0,0,0,0,30,0,0,0,0,0,0,0
3094,3086,3095,2017-03-27,5,1,0,0,0,30,0,0,0,0,0,0,30,0,0,0,0,0,0,0
3094,3086,3095,2017-03-27,5,2,0,0,0,30,0,0,0,0,0,0,30,0,0,0,0,0,0,0
3094,3086,3095,2017-03-27,6,1,0,0,0,30,0,0,0,0,0,0,30,0,0,0,0,0,0,0
3094,3086,3095,2017-03-27,6,2,0,0,0,30,0,0,0,0,0,0,30,0,0,0,0,0,0,0
3094,3086,3095,2017-03-27,7,1,0,0,0,30,0,0,0,0,0,0,30,0,0,0,0,0,0,0
3094,3086,3095,2017-03-27,7,2,0,0,0,30,0,0,0,0,0,0,30,0,0,0,0,0,0,0
3094,3086,3095,2017-03-27,8,1,0,0,0,30,0,0,0,0,0,0,30,0,0,0,0,0,0,0
3094,3086,3095,2017-03-27,8,2,0,0,0,30,0,0,0,0,0,0,30,0,0,0,0,0,0,0
3094,3086,3095,2017-03-27,9,1,0,0,0,30,0,0,0,0,0,0,30,0,0,0,0,0,0,0
3094,3086,3095,2017-03-27,9,2,1,0,0,30,0,0,0,0,0,0,30,0,0,0,0,0,0,0
3094,3086,3095,2017-03-27,10,1,0,0,0,30,0,0,0,0,0,0,30,0,0,0,0,0,0,0
3094,3086,3095,2017-03-27,10,2,0,0,0,30,0,0,0,0,0,0,30,0,0,0,0,0,0,0
3094,3086,3095,2017-03-27,11,1,0,0,0,30,0,0,0,0,0,0,30,0,0,0,0,0,0,0
3094,3086,3095,2017-03-27,11,2,0,0,0,30,0,0,0,0,0,0,30,0,0,0,0,0,0,0
3094,3086,3095,2017-03-27,12,1,0,1,0,30,0,0,0,0,0,0,30,0,0,0,0,0,0,0
3094,3086,3095,2017-03-27,12,2,0,0,5,25,0,0,0,0,0,0,30,0,0,0,0,0,0,0
3094,3086,3095,2017-03-27,13,1,0,1,30,0,0,0,0,0,0,0,30,0,0,0,0,0,0,0
3094,3086,3095,2017-03-27,13,2,1,0,30,0,0,0,0,0,0,0,30,0,0,0,0,0,0,0
3094,3086,3095,2017-03-27,14,1,0,0,9,21,0,0,0,0,0,0,30,0,0,0,0,0,0,0
3094,3086,3095,2017-03-27,14,2,1,0,30,0,0,0,0,0,0,0,30,0,0,0,0,0,0,0
3094,3086,3095,2017-03-27,15,1,0,0,30,0,0,0,0,0,0,0,30,0,0,0,0,0,0,0
3094,3086,3095,2017-03-27,15,2,1,0,5,0,0,0,25,0,0,0,30,0,0,0,0,0,0,0
3094,3086,3095,2017-03-27,16,1,0,0,0,0,0,0,30,0,0,0,30,0,0,0,0,0,0,0
3094,3086,3095,2017-03-27,16,2,0,2,0,19,0,0,11,0,0,0,30,0,0,0,0,0,0,0
3094,3086,3095,2017-03-27,17,1,0,0,0,30,0,0,0,0,0,0,30,0,0,0,0,0,0,0
3094,3086,3095,2017-03-27,17,2,0,0,15,15,0,0,0,0,0,0,30,0,0,0,0,0,0,0
3094,3086,3095,2017-03-27,18,1,1,0,30,0,0,0,0,0,0,0,30,0,0,0,0,0,0,0
3094,3086,3095,2017-03-27,18,2,0,1,30,0,0,0,0,0,0,0,30,0,0,0,0,0,0,0
3094,3086,3095,2017-03-27,19,1,2,2,21,0,0,0,9,0,0,0,30,0,0,0,0,0,0,0
3094,3086,3095,2017-03-27,19,2,1,1,30,0,0,0,0,0,0,0,30,0,0,0,0,0,0,0
3094,3086,3095,2017-03-27,20,1,0,0,30,0,0,0,0,0,0,0,30,0,0,0,0,0,0,0
3094,3086,3095,2017-03-27,20,2,2,0,7,0,9,0,14,0,0,0,30,0,0,0,0,0,0,0
3094,3086,3095,2017-03-27,21,1,0,0,0,0,0,0,30,0,0,0,30,0,0,0,0,0,0,0
3094,3086,3095,2017-03-27,21,2,0,0,0,0,0,0,30,0,0,0,30,0,0,0,0,0,0,0
3094,3086,3095,2017-03-27,22,1,0,1,14,0,6,0,10,0,0,0,30,0,0,0,0,0,0,0
3094,3086,3095,2017-03-27,22,2,0,0,30,0,0,0,0,0,0,0,30,0,0,0,0,0,0,0
3094,3086,3095,2017-03-27,23,1,0,0,21,0,9,0,0,0,0,0,30,0,0,0,0,0,0,0
3094,3086,3095,2017-03-27,23,2,0,1,0,0,30,0,0,0,0,0,30,0,0,0,0,0,0,0
3094,3086,3095,2017-03-28,0,1,0,0,30,0,0,0,0,0,0,0,30,0,0,0,0,0,0,0
3094,3086,3095,2017-03-28,0,2,1,0,0,30,0,0,0,0,0,0,30,0,0,0,0,0,0,0
3094,3086,3095,2017-03-28,1,1,0,0,0,1,29,0,0,0,0,0,30,0,0,0,0,0,0,0
3094,3086,3095,2017-03-28,1,2,0,0,0,0,30,0,0,0,0,0,30,0,0,0,0,0,0,0
3094,3086,3095,2017-03-28,2,1,0,0,0,0,30,0,0,0,0,0,30,0,0,0,0,0,0,0
3094,3086,3095,2017-03-28,2,2,0,0,0,0,30,0,0,0,0,0,30,0,0,0,0,0,0,0
3094,3086,3095,2017-03-28,3,1,0,0,0,0,30,0,0,0,0,0,30,0,0,0,0,0,0,0
3094,3086,3095,2017-03-28,3,2,0,0,0,0,30,0,0,0,0,0,30,0,0,0,0,0,0,0
3094,3086,3095,2017-03-28,4,1,1,0,0,0,23,0,7,0,0,0,30,0,0,0,0,0,0,0
3094,3086,3095,2017-03-28,4,2,0,0,0,0,0,0,30,0,0,0,30,0,0,0,0,0,0,0
3094,3086,3095,2017-03-28,5,1,0,0,0,0,0,0,30,0,0,0,30,0,0,0,0,0,0,0
3094,3086,3095,2017-03-28,5,2,0,0,0,0,0,0,30,0,0,0,30,0,0,0,0,0,0,0
3094,3086,3095,2017-03-28,6,1,0,0,0,0,0,0,30,0,0,0,30,0,0,0,0,0,0,0
3094,3086,3095,2017-03-28,6,2,0,0,0,0,0,0,30,0,0,0,30,0,0,0,0,0,0,0
3094,3086,3095,2017-03-28,7,1,0,0,0,0,0,0,30,0,0,0,30,0,0,0,0,0,0,0
3094,3086,3095,2017-03-28,7,2,0,0,0,0,0,0,30,0,0,0,30,0,0,0,0,0,0,0
3094,3086,3095,2017-03-28,8,1,1,1,12,0,3,0,15,0,0,0,30,0,0,0,0,0,0,0
3094,3086,3095,2017-03-28,8,2,0,0,0,0,0,0,30,0,0,0,30,0,0,0,0,0,0,0
3094,3086,3095,2017-03-28,9,1,0,0,0,0,0,0,30,0,0,0,30,0,0,0,0,0,0,0
3094,3086,3095,2017-03-28,9,2,0,1,17,0,0,0,13,0,0,0,30,0,0,0,0,0,0,0
3094,3086,3095,2017-03-28,10,1,0,0,30,0,0,0,0,0,0,0,30,0,0,0,0,0,0,0
3094,3086,3095,2017-03-28,10,2,0,0,30,0,0,0,0,0,0,0,30,0,0,0,0,0,0,0
3094,3086,3095,2017-03-28,11,1,0,0,30,0,0,0,0,0,0,0,30,0,0,0,0,0,0,0
3094,3086,3095,2017-03-28,11,2,0,0,30,0,0,0,0,0,0,0,30,0,0,0,0,0,0,0
3094,3086,3095,2017-03-28,12,1,0,0,30,0,0,0,0,0,0,0,30,0,0,0,0,0,0,0
3094,3086,3095,2017-03-28,12,2,0,0,30,0,0,0,0,0,0,0,30,0,0,0,0,0,0,0
3094,3086,3095,2017-03-28,13,1,0,0,30,0,0,0,0,0,0,0,30,0,0,0,0,0,0,0
3094,3086,3095,2017-03-28,13,2,0,0,30,0,0,0,0,0,0,0,30,0,0,0,0,0,0,0
3094,3086,3095,2017-03-28,14,1,0,0,30,0,0,0,0,0,0,0,30,0,0,0,0,0,0,0
3094,3086,3095,2017-03-28,14,2,0,0,30,0,0,0,0,0,0,0,30,0,0,0,0,0,0,0
3094,3086,3095,2017-03-28,15,1,0,0,30,0,0,0,0,0,0,0,30,0,0,0,0,0,0,0
3094,3086,3095,2017-03-28,15,2,0,0,30,0,0,0,0,0,0,0,30,0,0,0,0,0,0,0
3094,3086,3095,2017-03-28,16,1,0,0,30,0,0,0,0,0,0,0,30,0,0,0,0,0,0,0
3094,3086,3095,2017-03-28,16,2,0,1,30,0,0,0,0,0,0,0,30,0,0,0,0,0,0,0
3094,3086,3095,2017-03-28,17,1,0,0,30,0,0,0,0,0,0,0,30,0,0,0,0,0,0,0
3094,3086,3095,2017-03-28,17,2,0,1,30,0,0,0,0,0,0,0,30,0,0,0,0,0,0,0
3094,3086,3095,2017-03-28,18,1,1,0,30,0,0,0,0,0,0,0,30,0,0,0,0,0,0,0
3094,3086,3095,2017-03-28,18,2,0,1,30,0,0,0,0,0,0,0,30,0,0,0,0,0,0,0
3094,3086,3095,2017-03-28,19,1,0,0,30,0,0,0,0,0,0,0,30,0,0,0,0,0,0,0
3094,3086,3095,2017-03-28,19,2,0,0,30,0,0,0,0,0,0,0,30,0,0,0,0,0,0,0
3094,3086,3095,2017-03-28,20,1,1,0,30,0,0,0,0,0,0,0,30,0,0,0,0,0,0,0
3094,3086,3095,2017-03-28,20,2,0,0,30,0,0,0,0,0,0,0,30,0,0,0,0,0,0,0
3094,3086,3095,2017-03-28,21,1,0,1,30,0,0,0,0,0,0,0,30,0,0,0,0,0,0,0
3094,3086,3095,2017-03-28,21,2,0,0,30,0,0,0,0,0,0,0,30,0,0,0,0,0,0,0
3094,3086,3095,2017-03-28,22,1,0,0,30,0,0,0,0,0,0,0,30,0,0,0,0,0,0,0
3094,3086,3095,2017-03-28,22,2,0,0,30,0,0,0,0,0,0,0,30,0,0,0,0,0,0,0
3094,3086,3095,2017-03-28,23,1,0,0,30,0,0,0,0,0,0,0,30,0,0,0,0,0,0,0
3094,3086,3095,2017-03-28,23,2,0,1,30,0,0,0,0,0,0,0,30,0,0,0,0,0,0,0
3094,3086,3095,2017-03-29,0,1,0,0,30,0,0,0,0,0,0,0,30,0,0,0,0,0,0,0
3094,3086,3095,2017-03-29,0,2,0,0,30,0,0,0,0,0,0,0,30,0,0,0,0,0,0,0
3094,3086,3095,2017-03-29,1,1,0,0,30,0,0,0,0,0,0,0,30,0,0,0,0,0,0,0
3094,3086,3095,2017-03-29,1,2,0,0,30,0,0,0,0,0,0,0,30,0,0,0,0,0,0,0
3094,3086,3095,2017-03-29,2,1,0,0,30,0,0,0,0,0,0,0,30,0,0,0,0,0,0,0
3094,3086,3095,2017-03-29,2,2,0,0,30,0,0,0,0,0,0,0,30,0,0,0,0,0,0,0
3094,3086,3095,2017-03-29,3,1,0,0,30,0,0,0,0,0,0,0,30,0,0,0,0,0,0,0
3094,3086,3095,2017-03-29,3,2,0,0,30,0,0,0,0,0,0,0,30,0,0,0,0,0,0,0
3094,3086,3095,2017-03-29,4,1,0,0,30,0,0,0,0,0,0,0,30,0,0,0,0,0,0,0
3094,3086,3095,2017-03-29,4,2,0,0,30,0,0,0,0,0,0,0,30,0,0,0,0,0,0,0
3094,3086,3095,2017-03-29,5,1,0,0,30,0,0,0,0,0,0,0,30,0,0,0,0,0,0,0
3094,3086,3095,2017-03-29,5,2,0,0,30,0,0,0,0,0,0,0,30,0,0,0,0,0,0,0
3094,3086,3095,2017-03-29,6,1,0,0,30,0,0,0,0,0,0,0,30,0,0,0,0,0,0,0
3094,3086,3095,2017-03-29,6,2,1,0,30,0,0,0,0,0,0,0,30,0,0,0,0,0,0,0
3094,3086,3095,2017-03-29,7,1,0,0,30,0,0,0,0,0,0,0,30,0,0,0,0,0,0,0
3094,3086,3095,2017-03-29,7,2,0,0,30,0,0,0,0,0,0,0,30,0,0,0,0,0,0,0
3094,3086,3095,2017-03-29,8,1,0,0,30,0,0,0,0,0,0,0,30,0,0,0,0,0,0,0
3094,3086,3095,2017-03-29,8,2,2,0,30,0,0,0,0,0,0,0,30,0,0,0,0,0,0,0
3094,3086,3095,2017-03-29,9,1,0,0,30,0,0,0,0,0,0,0,30,0,0,0,0,0,0,0
3094,3086,3095,2017-03-29,9,2,0,0,30,0,0,0,0,0,0,0,30,0,0,0,0,0,0,0
3094,3086,3095,2017-03-29,10,1,0,0,11,19,0,0,0,0,0,0,30,0,0,0,0,0,0,0
3094,3086,3095,2017-03-29,10,2,0,0,0,30,0,0,0,0,0,0,30,0,0,0,0,0,0,0
3094,3086,3095,2017-03-29,11,1,0,0,0,30,0,0,0,0,0,0,30,0,0,0,0,0,0,0
3094,3086,3095,2017-03-29,11,2,0,0,0,30,0,0,0,0,0,0,30,0,0,0,0,0,0,0
3094,3086,3095,2017-03-29,12,1,1,0,19,11,0,0,0,0,0,0,30,0,0,0,0,0,0,0
3094,3086,3095,2017-03-29,12,2,0,0,30,0,0,0,0,0,0,0,30,0,0,0,0,0,0,0
3094,3086,3095,2017-03-29,13,1,0,0,16,0,0,0,14,0,0,0,30,0,0,0,0,0,0,0
3094,3086,3095,2017-03-29,13,2,0,0,0,0,0,0,30,0,0,0,30,0,0,0,0,0,0,0
3094,3086,3095,2017-03-29,14,1,0,0,0,0,0,0,30,0,0,0,30,0,0,0,0,0,0,0
3094,3086,3095,2017-03-29,14,2,0,0,0,0,0,0,30,0,0,0,30,0,0,0,0,0,0,0
3094,3086,3095,2017-03-29,15,1,0,1,3,0,0,0,27,0,0,0,30,0,0,0,0,0,0,0
3094,3086,3095,2017-03-29,15,2,0,0,30,0,0,0,0,0,0,0,30,0,0,0,0,0,0,0
3094,3086,3095,2017-03-29,16,1,0,0,30,0,0,0,0,0,0,0,30,0,0,0,0,0,0,0
3094,3086,3095,2017-03-29,16,2,0,1,30,0,0,0,0,0,0,0,30,0,0,0,0,0,0,0
3094,3086,3095,2017-03-29,17,1,1,0,30,0,0,0,0,0,0,0,30,0,0,0,0,0,0,0
3094,3086,3095,2017-03-29,17,2,1,1,30,0,0,0,0,0,0,0,30,0,0,0,0,0,0,0
3094,3086,3095,2017-03-29,18,1,1,2,17,0,0,0,13,0,0,0,30,0,0,0,0,0,0,0
3094,3086,3095,2017-03-29,18,2,0,0,30,0,0,0,0,0,0,0,30,0,0,0,0,0,0,0
3094,3086,3095,2017-03-29,19,1,0,2,30,0,0,0,0,0,0,0,30,0,0,0,0,0,0,0
3094,3086,3095,2017-03-29,19,2,0,1,30,0,0,0,0,0,0,0,30,0,0,0,0,0,0,0
3094,3086,3095,2017-03-29,20,1,0,1,30,0,0,0,0,0,0,0,30,0,0,0,0,0,0,0
3094,3086,3095,2017-03-29,20,2,1,0,30,0,0,0,0,0,0,0,30,0,0,0,0,0,0,0
3094,3086,3095,2017-03-29,21,1,0,1,27,0,3,0,0,0,0,0,30,0,0,0,0,0,0,0
3094,3086,3095,2017-03-29,21,2,1,0,0,0,30,0,0,0,0,0,30,0,0,0,0,0,0,0
3094,3086,3095,2017-03-29,22,1,0,0,0,0,30,0,0,0,0,0,30,0,0,0,0,0,0,0
3094,3086,3095,2017-03-29,22,2,1,0,0,0,30,0,0,0,0,0,30,0,0,0,0,0,0,0
3094,3086,3095,2017-03-29,23,1,1,0,0,0,30,0,0,0,0,0,30,0,0,0,0,0,0,0
3094,3086,3095,2017-03-29,23,2,1,0,0,0,30,0,0,0,0,0,30,0,0,0,0,0,0,0
3094,3086,3095,2017-03-30,0,1,1,0,0,27,2,0,1,0,0,0,30,0,0,0,0,0,0,0
3094,3086,3095,2017-03-30,0,2,0,0,0,0,0,0,30,0,0,0,30,0,0,0,0,0,0,0
3094,3086,3095,2017-03-30,1,1,0,0,0,0,0,0,30,0,0,0,30,0,0,0,0,0,0,0
3094,3086,3095,2017-03-30,1,2,0,0,0,0,0,0,30,0,0,0,30,0,0,0,0,0,0,0
3094,3086,3095,2017-03-30,2,1,0,0,0,0,0,0,30,0,0,0,30,0,0,0,0,0,0,0
3094,3086,3095,2017-03-30,2,2,0,0,0,0,0,0,30,0,0,0,30,0,0,0,0,0,0,0
3094,3086,3095,2017-03-30,3,1,0,0,0,0,0,0,30,0,0,0,30,0,0,0,0,0,0,0
3094,3086,3095,2017-03-30,3,2,0,0,0,0,0,0,30,0,0,0,30,0,0,0,0,0,0,0
3094,3086,3095,2017-03-30,4,1,0,0,0,0,0,0,30,0,0,0,30,0,0,0,0,0,0,0
3094,3086,3095,2017-03-30,4,2,0,0,0,0,0,0,30,0,0,0,30,0,0,0,0,0,0,0
3094,3086,3095,2017-03-30,5,1,0,0,0,0,0,0,30,0,0,0,30,0,0,0,0,0,0,0
3094,3086,3095,2017-03-30,5,2,0,0,0,0,0,0,30,0,0,0,30,0,0,0,0,0,0,0
3094,3086,3095,2017-03-30,6,1,0,0,0,0,0,0,30,0,0,0,30,0,0,0,0,0,0,0
3094,3086,3095,2017-03-30,6,2,0,0,0,0,0,0,30,0,0,0,30,0,0,0,0,0,0,0
3094,3086,3095,2017-03-30,7,1,0,0,0,0,0,0,30,0,0,0,30,0,0,0,0,0,0,0
3094,3086,3095,2017-03-30,7,2,0,0,0,0,0,0,30,0,0,0,30,0,0,0,0,0,0,0
3094,3086,3095,2017-03-30,8,1,0,0,0,0,0,0,30,0,0,0,30,0,0,0,0,0,0,0
3094,3086,3095,2017-03-30,8,2,0,0,0,0,0,0,30,0,0,0,30,0,0,0,0,0,0,0
3094,3086,3095,2017-03-30,9,1,0,0,0,0,0,0,30,0,0,0,30,0,0,0,0,0,0,0
3094,3086,3095,2017-03-30,9,2,0,0,15,0,0,0,15,0,0,0,30,0,0,0,0,0,0,0
3094,3086,3095,2017-03-30,10,1,0,0,30,0,0,0,0,0,0,0,30,0,0,0,0,0,0,0
3094,3086,3095,2017-03-30,10,2,0,1,30,0,0,0,0,0,0,0,30,0,0,0,0,0,0,0
3094,3086,3095,2017-03-30,11,1,0,0,30,0,0,0,0,0,0,0,30,0,0,0,0,0,0,0
3094,3086,3095,2017-03-30,11,2,0,1,30,0,0,0,0,0,0,0,30,0,0,0,0,0,0,0
3094,3086,3095,2017-03-30,12,1,1,1,7,0,23,0,0,0,0,0,30,0,0,0,0,0,0,0
3094,3086,3095,2017-03-30,12,2,1,0,8,0,4,0,18,0,0,0,30,0,0,0,0,0,0,0
3094,3086,3095,2017-03-30,13,1,1,1,9,0,0,0,21,0,0,0,30,0,0,0,0,0,0,0
3094,3086,3095,2017-03-30,13,2,0,2,30,0,0,0,0,0,0,0,30,0,0,0,0,0,0,0
3094,3086,3095,2017-03-30,14,1,2,1,30,0,0,0,0,0,0,0,30,0,0,0,0,0,0,0
3094,3086,3095,2017-03-30,14,2,0,0,30,0,0,0,0,0,0,0,30,0,0,0,0,0,0,0
3094,3086,3095,2017-03-30,15,1,0,0,30,0,0,0,0,0,0,0,30,0,0,0,0,0,0,0
3094,3086,3095,2017-03-30,15,2,0,0,30,0,0,0,0,0,0,0,30,0,0,0,0,0,0,0
3094,3086,3095,2017-03-30,16,1,0,0,30,0,0,0,0,0,0,0,30,0,0,0,0,0,0,0
3094,3086,3095,2017-03-30,16,2,0,0,30,0,0,0,0,0,0,0,30,0,0,0,0,0,0,0
3094,3086,3095,2017-03-30,17,1,0,0,19,11,0,0,0,0,0,0,30,0,0,0,0,0,0,0
3094,3086,3095,2017-03-30,17,2,1,0,30,0,0,0,0,0,0,0,30,0,0,0,0,0,0,0
3094,3086,3095,2017-03-30,18,1,0,0,30,0,0,0,0,0,0,0,30,0,0,0,0,0,0,0
3094,3086,3095,2017-03-30,18,2,0,0,30,0,0,0,0,0,0,0,30,0,0,0,0,0,0,0
3094,3086,3095,2017-03-30,19,1,0,0,30,0,0,0,0,0,0,0,30,0,0,0,0,0,0,0
3094,3086,3095,2017-03-30,19,2,1,0,4,0,15,0,11,0,0,0,30,0,0,0,0,0,0,0
3094,3086,3095,2017-03-30,20,1,0,1,0,0,5,0,25,0,0,0,30,0,0,0,0,0,0,0
3094,3086,3095,2017-03-30,20,2,1,0,0,0,7,0,23,0,0,0,30,0,0,0,0,0,0,0
3094,3086,3095,2017-03-30,21,1,0,0,0,0,0,0,30,0,0,0,30,0,0,0,0,0,0,0
3094,3086,3095,2017-03-30,21,2,0,1,30,0,0,0,0,0,0,0,30,0,0,0,0,0,0,0
3094,3086,3095,2017-03-30,22,1,0,1,30,0,0,0,0,0,0,0,30,0,0,0,0,0,0,0
3094,3086,3095,2017-03-30,22,2,0,0,0,0,30,0,0,0,0,0,30,0,0,0,0,0,0,0
3094,3086,3095,2017-03-30,23,1,0,0,0,0,30,0,0,0,0,0,30,0,0,0,0,0,0,0
3094,3086,3095,2017-03-30,23,2,1,2,0,0,30,0,0,0,0,0,30,0,0,0,0,0,0,0
3094,3086,3095,2017-03-31,0,1,1,0,19,0,11,0,0,0,0,0,30,0,0,0,0,0,0,0
3094,3086,3095,2017-03-31,0,2,0,0,30,0,0,0,0,0,0,0,30,0,0,0,0,0,0,0
3094,3086,3095,2017-03-31,1,1,0,0,10,0,20,0,0,0,0,0,30,0,0,0,0,0,0,0
3094,3086,3095,2017-03-31,1,2,0,0,0,0,30,0,0,0,0,0,30,0,0,0,0,0,0,0
3094,3086,3095,2017-03-31,2,1,0,0,0,0,30,0,0,0,0,0,30,0,0,0,0,0,0,0
3094,3086,3095,2017-03-31,2,2,0,0,0,0,30,0,0,0,0,0,30,0,0,0,0,0,0,0
3094,3086,3095,2017-03-31,3,1,0,0,0,0,30,0,0,0,0,0,30,0,0,0,0,0,0,0
3094,3086,3095,2017-03-31,3,2,0,0,0,0,30,0,0,0,0,0,30,0,0,0,0,0,0,0
3094,3086,3095,2017-03-31,4,1,0,0,0,0,30,0,0,0,0,0,30,0,0,0,0,0,0,0
3094,3086,3095,2017-03-31,4,2,0,0,0,0,30,0,0,0,0,0,30,0,0,0,0,0,0,0
3094,3086,3095,2017-03-31,5,1,0,0,0,0,30,0,0,0,0,0,30,0,0,0,0,0,0,0
3094,3086,3095,2017-03-31,5,2,0,0,0,0,30,0,0,0,0,0,30,0,0,0,0,0,0,0
3094,3086,3095,2017-03-31,6,1,0,0,0,0,30,0,0,0,0,0,30,0,0,0,0,0,0,0
3094,3086,3095,2017-03-31,6,2,0,0,0,0,30,0,0,0,0,0,30,0,0,0,0,0,0,0
3094,3086,3095,2017-03-31,7,1,0,0,0,0,30,0,0,0,0,0,30,0,0,0,0,0,0,0
3094,3086,3095,2017-03-31,7,2,0,0,0,0,30,0,0,0,0,0,30,0,0,0,0,0,0,0
3094,3086,3095,2017-03-31,8,1,0,0,23,0,7,0,0,0,0,0,30,0,0,0,0,0,0,0
3094,3086,3095,2017-03-31,8,2,0,0,30,0,0,0,0,0,0,0,30,0,0,0,0,0,0,0
3094,3086,3095,2017-03-31,9,1,1,0,30,0,0,0,0,0,0,0,30,0,0,0,0,0,0,0
3094,3086,3095,2017-03-31,9,2,0,0,30,0,0,0,0,0,0,0,30,0,0,0,0,0,0,0
3094,3086,3095,2017-03-31,10,1,0,0,30,0,0,0,0,0,0,0,30,0,0,0,0,0,0,0
3094,3086,3095,2017-03-31,10,2,0,0,30,0,0,0,0,0,0,0,30,0,0,0,0,0,0,0
3094,3086,3095,2017-03-31,11,1,0,0,30,0,0,0,0,0,0,0,30,0,0,0,0,0,0,0
3094,3086,3095,2017-03-31,11,2,0,0,30,0,0,0,0,0,0,0,30,0,0,0,0,0,0,0
3094,3086,3095,2017-03-31,12,1,0,0,20,0,10,0,0,0,0,0,30,0,0,0,0,0,0,0
3094,3086,3095,2017-03-31,12,2,0,0,6,0,24,0,0,0,0,0,30,0,0,0,0,0,0,0
3094,3086,3095,2017-03-31,13,1,0,0,11,0,19,0,0,0,0,0,30,0,0,0,0,0,0,0
3094,3086,3095,2017-03-31,13,2,0,0,30,0,0,0,0,0,0,0,30,0,0,0,0,0,0,0
3094,3086,3095,2017-03-31,14,1,0,1,30,0,0,0,0,0,0,0,30,0,0,0,0,0,0,0
3094,3086,3095,2017-03-31,14,2,0,0,30,0,0,0,0,0,0,0,30,0,0,0,0,0,0,0
3094,3086,3095,2017-03-31,15,1,0,0,30,0,0,0,0,0,0,0,30,0,0,0,0,0,0,0
3094,3086,3095,2017-03-31,15,2,0,0,30,0,0,0,0,0,0,0,30,0,0,0,0,0,0,0
3094,3086,3095,2017-03-31,16,1,0,0,30,0,0,0,0,0,0,0,30,0,0,0,0,0,0,0
3094,3086,3095,2017-03-31,16,2,0,0,30,0,0,0,0,0,0,0,30,0,0,0,0,0,0,0
3094,3086,3095,2017-03-31,17,1,0,0,30,0,0,0,0,0,0,0,30,0,0,0,0,0,0,0
3094,3086,3095,2017-03-31,17,2,0,0,30,0,0,0,0,0,0,0,30,0,0,0,0,0,0,0
3094,3086,3095,2017-03-31,18,1,0,0,30,0,0,0,0,0,0,0,30,0,0,0,0,0,0,0
3094,3086,3095,2017-03-31,18,2,0,0,30,0,0,0,0,0,0,0,30,0,0,0,0,0,0,0
3094,3086,3095,2017-03-31,19,1,0,0,30,0,0,0,0,0,0,0,30,0,0,0,0,0,0,0
3094,3086,3095,2017-03-31,19,2,0,0,30,0,0,0,0,0,0,0,30,0,0,0,0,0,0,0
3094,3086,3095,2017-03-31,20,1,0,0,30,0,0,0,0,0,0,0,30,0,0,0,0,0,0,0
3094,3086,3095,2017-03-31,20,2,0,0,30,0,0,0,0,0,0,0,30,0,0,0,0,0,0,0
3094,3086,3095,2017-03-31,21,1,1,0,30,0,0,0,0,0,0,0,30,0,0,0,0,0,0,0
3094,3086,3095,2017-03-31,21,2,0,0,30,0,0,0,0,0,0,0,30,0,0,0,0,0,0,0
3094,3086,3095,2017-03-31,22,1,0,0,30,0,0,0,0,0,0,0,30,0,0,0,0,0,0,0
3094,3086,3095,2017-03-31,22,2,0,0,30,0,0,0,0,0,0,0,30,0,0,0,0,0,0,0
3094,3086,3095,2017-03-31,23,1,0,0,30,0,0,0,0,0,0,0,30,0,0,0,0,0,0,0
3094,3086,3095,2017-03-31,23,2,0,0,30,0,0,0,0,0,0,0,30,0,0,0,0,0,0,0
3094,3086,3095,2017-04-01,0,1,0,0,30,0,0,0,0,0,0,0,30,0,0,0,0,0,0,0
