station_id,datetime,pickup,dropoff,net,bike,dock,capacity
523.0,2016-10-01 01:17:00,0,0,0,26,25,51
523.0,2016-10-01 01:20:00,0,1,1,27,24,51
523.0,2016-10-01 01:23:00,0,0,0,27,24,51
523.0,2016-10-01 01:26:00,0,0,0,27,24,51
523.0,2016-10-01 01:29:00,0,0,0,27,24,51
523.0,2016-10-01 01:32:00,0,0,0,27,24,51
523.0,2016-10-01 01:35:00,0,0,0,27,24,51
523.0,2016-10-01 01:38:00,0,0,0,27,24,51
523.0,2016-10-01 01:41:00,0,0,0,27,24,51
523.0,2016-10-01 01:44:00,0,2,2,29,22,51
523.0,2016-10-01 01:47:00,0,0,0,29,22,51
523.0,2016-10-01 01:50:00,0,0,0,29,22,51
523.0,2016-10-01 01:51:00,0,0,0,29,22,51
523.0,2016-10-01 01:54:00,0,0,0,29,22,51
523.0,2016-10-01 01:57:00,0,0,0,29,22,51
523.0,2016-10-01 02:00:00,0,0,0,29,22,51
523.0,2016-10-01 02:03:00,0,0,0,29,22,51
523.0,2016-10-01 02:06:00,0,0,0,29,22,51
523.0,2016-10-01 02:09:00,0,0,0,29,22,51
523.0,2016-10-01 02:12:00,0,0,0,29,22,51
523.0,2016-10-01 02:15:00,0,0,0,29,22,51
523.0,2016-10-01 02:18:00,0,0,0,29,22,51
523.0,2016-10-01 02:21:00,0,0,0,29,22,51
523.0,2016-10-01 02:24:00,0,0,0,29,22,51
523.0,2016-10-01 02:27:00,0,0,0,29,22,51
523.0,2016-10-01 02:30:00,0,0,0,29,22,51
523.0,2016-10-01 02:33:00,0,0,0,29,22,51
523.0,2016-10-01 02:36:00,0,0,0,29,22,51
523.0,2016-10-01 02:39:00,0,0,0,29,22,51
523.0,2016-10-01 02:42:00,0,0,0,29,22,51
523.0,2016-10-01 02:45:00,0,0,0,29,22,51
523.0,2016-10-01 02:48:00,0,0,0,29,22,51
523.0,2016-10-01 02:51:00,0,0,0,29,22,51
523.0,2016-10-01 02:53:00,0,0,0,29,22,51
523.0,2016-10-01 02:56:00,0,0,0,29,22,51
523.0,2016-10-01 02:59:00,0,0,0,29,22,51
523.0,2016-10-01 03:02:00,0,0,0,29,22,51
523.0,2016-10-01 03:05:00,0,0,0,29,22,51
523.0,2016-10-01 03:08:00,0,0,0,29,22,51
523.0,2016-10-01 03:11:00,0,0,0,29,22,51
523.0,2016-10-01 03:14:00,0,0,0,29,22,51
523.0,2016-10-01 03:17:00,0,0,0,29,22,51
523.0,2016-10-01 03:20:00,0,0,0,29,22,51
523.0,2016-10-01 03:23:00,0,0,0,29,22,51
523.0,2016-10-01 03:26:00,0,0,0,29,22,51
523.0,2016-10-01 03:29:00,0,0,0,29,22,51
523.0,2016-10-01 03:32:00,0,0,0,29,22,51
523.0,2016-10-01 03:35:00,0,0,0,29,22,51
523.0,2016-10-01 03:38:00,0,0,0,29,22,51
523.0,2016-10-01 03:41:00,0,0,0,29,22,51
523.0,2016-10-01 03:44:00,0,0,0,29,22,51
523.0,2016-10-01 03:47:00,0,0,0,29,22,51
523.0,2016-10-01 03:50:00,0,0,0,29,22,51
523.0,2016-10-01 03:53:00,0,0,0,29,22,51
523.0,2016-10-01 03:56:00,0,0,0,29,22,51
523.0,2016-10-01 03:59:00,0,0,0,29,22,51
523.0,2016-10-01 04:02:00,0,0,0,29,22,51
523.0,2016-10-01 04:05:00,0,0,0,29,22,51
523.0,2016-10-01 04:08:00,0,0,0,29,22,51
523.0,2016-10-01 04:11:00,0,0,0,29,22,51
523.0,2016-10-01 04:14:00,0,0,0,29,22,51
523.0,2016-10-01 04:17:00,0,0,0,29,22,51
523.0,2016-10-01 04:20:00,0,0,0,29,22,51
523.0,2016-10-01 04:23:00,0,0,0,29,22,51
523.0,2016-10-01 04:26:00,0,0,0,29,22,51
523.0,2016-10-01 04:29:00,0,0,0,29,22,51
523.0,2016-10-01 04:30:00,0,0,0,29,22,51
523.0,2016-10-01 04:33:00,0,0,0,29,22,51
523.0,2016-10-01 04:36:00,0,0,0,29,22,51
523.0,2016-10-01 04:39:00,0,0,0,29,22,51
523.0,2016-10-01 04:42:00,0,0,0,29,22,51
523.0,2016-10-01 04:45:00,0,0,0,29,22,51
523.0,2016-10-01 04:48:00,0,0,0,29,22,51
523.0,2016-10-01 04:51:00,0,0,0,29,22,51
523.0,2016-10-01 04:54:00,0,0,0,29,22,51
523.0,2016-10-01 04:57:00,0,0,0,29,22,51
523.0,2016-10-01 05:00:00,0,0,0,29,22,51
523.0,2016-10-01 05:01:00,0,0,0,29,22,51
523.0,2016-10-01 05:04:00,0,0,0,29,22,51
523.0,2016-10-01 05:07:00,0,0,0,29,22,51
523.0,2016-10-01 05:10:00,0,0,0,29,22,51
523.0,2016-10-01 05:13:00,0,0,0,29,22,51
523.0,2016-10-01 05:16:00,0,0,0,29,22,51
523.0,2016-10-01 05:19:00,0,0,0,29,22,51
523.0,2016-10-01 05:22:00,0,0,0,29,22,51
523.0,2016-10-01 05:25:00,0,0,0,29,22,51
523.0,2016-10-01 05:28:00,0,0,0,29,22,51
523.0,2016-10-01 05:31:00,0,0,0,29,22,51
523.0,2016-10-01 05:32:00,0,0,0,29,22,51
523.0,2016-10-01 05:35:00,0,0,0,29,22,51
523.0,2016-10-01 05:38:00,0,0,0,29,22,51
523.0,2016-10-01 05:41:00,0,0,0,29,22,51
523.0,2016-10-01 05:44:00,0,0,0,29,22,51
523.0,2016-10-01 05:47:00,0,0,0,29,22,51
523.0,2016-10-01 05:50:00,0,0,0,29,22,51
523.0,2016-10-01 05:53:00,0,0,0,29,22,51
523.0,2016-10-01 05:56:00,0,0,0,29,22,51
523.0,2016-10-01 05:59:00,0,0,0,29,22,51
523.0,2016-10-01 06:02:00,0,0,0,29,22,51
523.0,2016-10-01 06:05:00,0,0,0,29,22,51
523.0,2016-10-01 06:08:00,0,0,0,29,22,51
523.0,2016-10-01 06:11:00,0,0,0,29,22,51
523.0,2016-10-01 06:14:00,0,0,0,29,22,51
523.0,2016-10-01 06:17:00,0,0,0,29,22,51
523.0,2016-10-01 06:20:00,0,0,0,29,22,51
523.0,2016-10-01 06:23:00,0,0,0,29,22,51
523.0,2016-10-01 06:26:00,2,0,-2,27,24,51
523.0,2016-10-01 06:29:00,0,0,0,27,24,51
523.0,2016-10-01 06:32:00,0,0,0,27,24,51
523.0,2016-10-01 06:35:00,0,0,0,27,24,51
523.0,2016-10-01 06:36:00,0,0,0,27,24,51
523.0,2016-10-01 06:39:00,0,0,0,27,24,51
523.0,2016-10-01 06:42:00,0,0,0,27,24,51
523.0,2016-10-01 06:45:00,0,0,0,27,24,51
523.0,2016-10-01 06:48:00,0,0,0,27,24,51
523.0,2016-10-01 06:51:00,0,0,0,27,24,51
523.0,2016-10-01 06:54:00,0,0,0,27,24,51
523.0,2016-10-01 06:57:00,0,0,0,27,24,51
523.0,2016-10-01 07:00:00,0,0,0,27,24,51
523.0,2016-10-01 07:03:00,0,0,0,27,24,51
523.0,2016-10-01 07:06:00,0,0,0,27,24,51
523.0,2016-10-01 07:09:00,0,0,0,27,24,51
523.0,2016-10-01 07:12:00,0,0,0,27,24,51
523.0,2016-10-01 07:15:00,0,0,0,27,24,51
523.0,2016-10-01 07:18:00,0,0,0,27,24,51
523.0,2016-10-01 07:21:00,0,1,1,28,23,51
523.0,2016-10-01 07:24:00,0,1,1,29,22,51
523.0,2016-10-01 07:27:00,0,0,0,29,22,51
523.0,2016-10-01 07:30:00,0,0,0,29,22,51
523.0,2016-10-01 07:33:00,0,0,0,29,22,51
523.0,2016-10-01 07:36:00,1,0,-1,28,23,51
523.0,2016-10-01 07:39:00,0,0,0,28,23,51
523.0,2016-10-01 07:42:00,0,1,1,29,22,51
523.0,2016-10-01 07:45:00,0,0,0,29,22,51
523.0,2016-10-01 07:48:00,0,0,0,29,22,51
523.0,2016-10-01 07:51:00,0,1,1,30,21,51
523.0,2016-10-01 07:54:00,0,1,1,31,20,51
523.0,2016-10-01 07:57:00,0,0,0,31,20,51
523.0,2016-10-01 08:00:00,0,0,0,31,20,51
523.0,2016-10-01 08:03:00,0,0,0,31,20,51
523.0,2016-10-01 08:06:00,0,0,0,31,20,51
523.0,2016-10-01 08:09:00,0,0,0,31,20,51
523.0,2016-10-01 08:12:00,0,0,0,31,20,51
523.0,2016-10-01 08:15:00,0,0,0,31,20,51
523.0,2016-10-01 08:16:00,0,0,0,31,20,51
523.0,2016-10-01 08:19:00,0,0,0,31,20,51
523.0,2016-10-01 08:22:00,0,0,0,31,20,51
523.0,2016-10-01 08:25:00,0,0,0,31,20,51
523.0,2016-10-01 08:28:00,0,0,0,31,20,51
523.0,2016-10-01 08:31:00,0,0,0,31,20,51
523.0,2016-10-01 08:34:00,0,0,0,31,20,51
523.0,2016-10-01 08:37:00,0,0,0,31,20,51
523.0,2016-10-01 08:40:00,0,0,0,31,20,51
523.0,2016-10-01 08:43:00,0,0,0,31,20,51
523.0,2016-10-01 08:46:00,0,0,0,31,20,51
523.0,2016-10-01 08:49:00,0,0,0,31,20,51
523.0,2016-10-01 08:52:00,0,0,0,31,20,51
523.0,2016-10-01 08:55:00,0,0,0,31,20,51
523.0,2016-10-01 08:58:00,0,0,0,31,20,51
523.0,2016-10-01 09:01:00,0,0,0,31,20,51
523.0,2016-10-01 09:04:00,1,0,-1,30,21,51
523.0,2016-10-01 09:07:00,0,0,0,30,21,51
523.0,2016-10-01 09:10:00,0,0,0,30,21,51
523.0,2016-10-01 09:13:00,0,0,0,30,21,51
523.0,2016-10-01 09:16:00,0,1,1,31,20,51
523.0,2016-10-01 09:19:00,0,0,0,31,20,51
523.0,2016-10-01 09:22:00,2,0,-2,29,22,51
523.0,2016-10-01 09:23:00,2,1,-1,30,21,51
523.0,2016-10-01 09:26:00,0,0,0,30,21,51
523.0,2016-10-01 09:29:00,0,1,1,31,20,51
523.0,2016-10-01 09:32:00,0,0,0,31,20,51
523.0,2016-10-01 09:35:00,0,1,1,32,19,51
523.0,2016-10-01 09:38:00,2,1,-1,31,20,51
523.0,2016-10-01 09:41:00,0,0,0,31,20,51
523.0,2016-10-01 09:44:00,0,0,0,31,20,51
523.0,2016-10-01 09:47:00,0,0,0,31,20,51
523.0,2016-10-01 09:50:00,0,0,0,31,20,51
523.0,2016-10-01 09:53:00,0,2,2,33,18,51
523.0,2016-10-01 09:56:00,0,0,0,33,18,51
523.0,2016-10-01 09:59:00,1,2,1,34,17,51
523.0,2016-10-01 10:02:00,1,1,0,34,17,51
523.0,2016-10-01 10:05:00,0,0,0,34,17,51
523.0,2016-10-01 10:08:00,0,0,0,34,17,51
523.0,2016-10-01 10:11:00,1,0,-1,33,18,51
523.0,2016-10-01 10:14:00,0,0,0,33,18,51
523.0,2016-10-01 10:17:00,1,0,-1,32,19,51
523.0,2016-10-01 10:20:00,1,1,0,32,19,51
523.0,2016-10-01 10:23:00,0,0,0,32,19,51
523.0,2016-10-01 10:26:00,0,0,0,32,19,51
523.0,2016-10-01 10:29:00,0,1,1,33,18,51
523.0,2016-10-01 10:30:00,0,1,1,33,18,51
523.0,2016-10-01 10:33:00,0,2,2,35,16,51
523.0,2016-10-01 10:36:00,0,0,0,35,16,51
523.0,2016-10-01 10:39:00,1,1,0,35,16,51
523.0,2016-10-01 10:42:00,2,0,-2,33,18,51
523.0,2016-10-01 10:45:00,0,0,0,33,18,51
523.0,2016-10-01 10:48:00,0,0,0,33,18,51
523.0,2016-10-01 10:51:00,1,0,-1,32,19,51
523.0,2016-10-01 10:54:00,1,0,-1,31,20,51
523.0,2016-10-01 10:57:00,0,1,1,32,19,51
523.0,2016-10-01 11:00:00,0,0,0,32,19,51
523.0,2016-10-01 11:03:00,1,0,-1,30,21,51
523.0,2016-10-01 11:06:00,0,0,0,30,21,51
523.0,2016-10-01 11:09:00,1,0,-1,29,22,51
523.0,2016-10-01 11:12:00,1,0,-1,28,23,51
523.0,2016-10-01 11:15:00,0,0,0,28,23,51
523.0,2016-10-01 11:18:00,1,1,0,28,23,51
523.0,2016-10-01 11:21:00,0,0,0,28,23,51
523.0,2016-10-01 11:24:00,1,0,-1,27,24,51
523.0,2016-10-01 11:27:00,1,3,2,29,22,51
523.0,2016-10-01 11:30:00,0,0,0,29,22,51
523.0,2016-10-01 11:33:00,0,0,0,29,22,51
523.0,2016-10-01 11:36:00,0,0,0,29,22,51
523.0,2016-10-01 11:37:00,0,0,0,30,21,51
523.0,2016-10-01 11:40:00,0,1,1,31,20,51
523.0,2016-10-01 11:43:00,0,0,0,31,20,51
523.0,2016-10-01 11:46:00,0,1,1,32,19,51
523.0,2016-10-01 11:49:00,1,0,-1,31,20,51
523.0,2016-10-01 11:52:00,0,0,0,31,20,51
523.0,2016-10-01 11:55:00,0,1,1,32,19,51
523.0,2016-10-01 11:58:00,0,1,1,33,18,51
523.0,2016-10-01 12:01:00,0,1,1,34,17,51
523.0,2016-10-01 12:04:00,0,0,0,34,17,51
523.0,2016-10-01 12:06:00,0,0,0,26,25,51
523.0,2016-10-01 12:09:00,0,0,0,26,25,51
523.0,2016-10-01 12:12:00,0,0,0,26,25,51
523.0,2016-10-01 12:15:00,0,0,0,26,25,51
523.0,2016-10-01 12:18:00,2,0,-2,24,27,51
523.0,2016-10-01 12:21:00,0,0,0,24,27,51
523.0,2016-10-01 12:24:00,0,0,0,24,27,51
523.0,2016-10-01 12:27:00,0,0,0,24,27,51
523.0,2016-10-01 12:30:00,0,0,0,24,27,51
523.0,2016-10-01 12:33:00,3,2,-1,23,28,51
523.0,2016-10-01 12:36:00,1,1,0,23,28,51
523.0,2016-10-01 12:38:00,1,0,-1,24,27,51
523.0,2016-10-01 12:41:00,0,0,0,24,27,51
523.0,2016-10-01 12:44:00,1,0,-1,23,28,51
523.0,2016-10-01 12:47:00,0,0,0,23,28,51
523.0,2016-10-01 12:50:00,0,0,0,23,28,51
523.0,2016-10-01 12:53:00,0,1,1,24,27,51
523.0,2016-10-01 12:56:00,1,0,-1,23,28,51
523.0,2016-10-01 12:59:00,0,1,1,24,27,51
523.0,2016-10-01 13:02:00,0,2,2,26,25,51
523.0,2016-10-01 13:05:00,0,1,1,27,24,51
523.0,2016-10-01 13:08:00,3,0,-3,24,27,51
523.0,2016-10-01 13:11:00,0,1,1,25,26,51
523.0,2016-10-01 13:14:00,2,0,-2,23,28,51
523.0,2016-10-01 13:17:00,0,1,1,24,27,51
523.0,2016-10-01 13:19:00,0,2,2,33,18,51
523.0,2016-10-01 13:22:00,0,0,0,33,18,51
523.0,2016-10-01 13:25:00,0,1,1,34,17,51
523.0,2016-10-01 13:28:00,0,0,0,34,17,51
523.0,2016-10-01 13:31:00,0,1,1,35,16,51
523.0,2016-10-01 13:34:00,0,0,0,35,16,51
523.0,2016-10-01 13:37:00,1,0,-1,34,17,51
523.0,2016-10-01 13:40:00,0,0,0,34,17,51
523.0,2016-10-01 13:43:00,0,0,0,34,17,51
523.0,2016-10-01 13:46:00,0,0,0,34,17,51
523.0,2016-10-01 13:49:00,0,1,1,35,16,51
523.0,2016-10-01 13:52:00,0,1,1,36,15,51
523.0,2016-10-01 13:54:00,0,1,1,36,15,51
523.0,2016-10-01 13:57:00,0,0,0,36,15,51
523.0,2016-10-01 14:00:00,0,0,0,36,15,51
523.0,2016-10-01 14:03:00,0,1,1,37,14,51
523.0,2016-10-01 14:06:00,0,0,0,37,14,51
523.0,2016-10-01 14:09:00,2,1,-1,36,15,51
523.0,2016-10-01 14:12:00,0,0,0,36,15,51
523.0,2016-10-01 14:15:00,1,0,-1,35,16,51
523.0,2016-10-01 14:18:00,0,1,1,36,15,51
523.0,2016-10-01 14:21:00,0,0,0,36,15,51
523.0,2016-10-01 14:24:00,0,1,1,37,14,51
523.0,2016-10-01 14:27:00,0,0,0,37,14,51
523.0,2016-10-01 14:28:00,0,0,0,37,14,51
523.0,2016-10-01 14:31:00,0,0,0,37,14,51
523.0,2016-10-01 14:34:00,0,0,0,37,14,51
523.0,2016-10-01 14:37:00,0,0,0,37,14,51
523.0,2016-10-01 14:40:00,0,0,0,37,14,51
523.0,2016-10-01 14:43:00,0,0,0,37,14,51
523.0,2016-10-01 14:46:00,0,0,0,37,14,51
523.0,2016-10-01 14:49:00,0,0,0,37,14,51
523.0,2016-10-01 14:52:00,1,0,-1,36,15,51
523.0,2016-10-01 14:55:00,0,0,0,36,15,51
523.0,2016-10-01 14:58:00,0,0,0,36,15,51
523.0,2016-10-01 15:01:00,0,1,1,37,14,51
523.0,2016-10-01 15:02:00,0,0,0,37,14,51
523.0,2016-10-01 15:05:00,0,0,0,37,14,51
523.0,2016-10-01 15:08:00,0,1,1,38,13,51
523.0,2016-10-01 15:11:00,0,0,0,38,13,51
523.0,2016-10-01 15:14:00,0,0,0,38,13,51
523.0,2016-10-01 15:17:00,0,1,1,39,12,51
523.0,2016-10-01 15:20:00,1,3,2,41,10,51
523.0,2016-10-01 15:23:00,0,1,1,42,9,51
523.0,2016-10-01 15:26:00,0,0,0,42,9,51
523.0,2016-10-01 15:29:00,3,0,-3,39,12,51
523.0,2016-10-01 15:32:00,0,2,2,41,10,51
523.0,2016-10-01 15:35:00,0,0,0,41,10,51
523.0,2016-10-01 15:37:00,0,1,1,42,9,51
523.0,2016-10-01 15:40:00,0,0,0,42,9,51
523.0,2016-10-01 15:43:00,1,0,-1,41,10,51
523.0,2016-10-01 15:46:00,0,0,0,41,10,51
523.0,2016-10-01 15:49:00,2,1,-1,40,11,51
523.0,2016-10-01 15:52:00,1,0,-1,39,12,51
523.0,2016-10-01 15:55:00,0,0,0,39,12,51
523.0,2016-10-01 15:58:00,2,0,-2,37,14,51
523.0,2016-10-01 16:01:00,0,0,0,37,14,51
523.0,2016-10-01 16:04:00,0,0,0,37,14,51
523.0,2016-10-01 16:07:00,1,2,1,38,13,51
523.0,2016-10-01 16:10:00,0,0,0,38,13,51
523.0,2016-10-01 16:11:00,0,0,0,38,13,51
523.0,2016-10-01 16:14:00,1,0,-1,37,14,51
523.0,2016-10-01 16:17:00,0,1,1,38,13,51
523.0,2016-10-01 16:20:00,0,0,0,38,13,51
523.0,2016-10-01 16:23:00,3,0,-3,35,16,51
523.0,2016-10-01 16:26:00,0,0,0,35,16,51
523.0,2016-10-01 16:29:00,0,0,0,35,16,51
523.0,2016-10-01 16:32:00,0,0,0,35,16,51
523.0,2016-10-01 16:35:00,0,0,0,35,16,51
523.0,2016-10-01 16:38:00,0,0,0,35,16,51
523.0,2016-10-01 16:41:00,2,0,-2,33,18,51
523.0,2016-10-01 16:44:00,0,0,0,33,18,51
523.0,2016-10-01 16:45:00,0,0,0,33,18,51
523.0,2016-10-01 16:48:00,0,1,1,34,17,51
523.0,2016-10-01 16:51:00,1,0,-1,33,18,51
523.0,2016-10-01 16:54:00,1,1,0,33,18,51
523.0,2016-10-01 16:57:00,1,1,0,33,18,51
523.0,2016-10-01 17:00:00,0,0,0,33,18,51
523.0,2016-10-01 17:03:00,1,0,-1,32,19,51
523.0,2016-10-01 17:06:00,1,0,-1,31,20,51
523.0,2016-10-01 17:09:00,0,0,0,31,20,51
523.0,2016-10-01 17:12:00,1,1,0,31,20,51
523.0,2016-10-01 17:15:00,0,0,0,31,20,51
523.0,2016-10-01 17:18:00,1,0,-1,30,21,51
523.0,2016-10-01 17:19:00,0,0,0,30,21,51
523.0,2016-10-01 17:22:00,0,2,2,32,19,51
523.0,2016-10-01 17:25:00,0,0,0,32,19,51
523.0,2016-10-01 17:28:00,0,0,0,32,19,51
523.0,2016-10-01 17:31:00,1,1,0,32,19,51
523.0,2016-10-01 17:34:00,1,0,-1,31,20,51
523.0,2016-10-01 17:37:00,0,1,1,32,19,51
523.0,2016-10-01 17:40:00,0,2,2,34,17,51
523.0,2016-10-01 17:43:00,0,0,0,34,17,51
523.0,2016-10-01 17:46:00,1,0,-1,33,18,51
523.0,2016-10-01 17:49:00,0,0,0,33,18,51
523.0,2016-10-01 17:52:00,2,0,-2,31,20,51
523.0,2016-10-01 17:53:00,2,0,-2,31,20,51
523.0,2016-10-01 17:56:00,0,2,2,33,18,51
523.0,2016-10-01 17:59:00,1,3,2,35,16,51
523.0,2016-10-01 18:02:00,1,1,0,35,16,51
523.0,2016-10-01 18:05:00,0,0,0,35,16,51
523.0,2016-10-01 18:08:00,1,0,-1,34,17,51
523.0,2016-10-01 18:11:00,0,0,0,34,17,51
523.0,2016-10-01 18:14:00,0,0,0,34,17,51
523.0,2016-10-01 18:17:00,0,0,0,34,17,51
523.0,2016-10-01 18:20:00,0,0,0,34,17,51
523.0,2016-10-01 18:23:00,1,0,-1,33,18,51
523.0,2016-10-01 18:26:00,0,0,0,33,18,51
523.0,2016-10-01 18:29:00,0,0,0,33,18,51
523.0,2016-10-01 18:32:00,1,1,0,33,18,51
523.0,2016-10-01 18:35:00,2,0,-2,31,20,51
523.0,2016-10-01 18:38:00,1,0,-1,30,21,51
523.0,2016-10-01 18:41:00,0,0,0,30,21,51
523.0,2016-10-01 18:44:00,0,0,0,30,21,51
523.0,2016-10-01 18:47:00,0,1,1,31,20,51
523.0,2016-10-01 18:50:00,1,0,-1,30,21,51
523.0,2016-10-01 18:53:00,0,0,0,30,21,51
523.0,2016-10-01 18:56:00,0,2,2,32,19,51
523.0,2016-10-01 18:59:00,0,0,0,32,19,51
523.0,2016-10-01 19:00:00,1,0,-1,31,20,51
523.0,2016-10-01 19:03:00,0,1,1,32,19,51
523.0,2016-10-01 19:06:00,0,0,0,32,19,51
523.0,2016-10-01 19:09:00,0,0,0,32,19,51
523.0,2016-10-01 19:12:00,0,0,0,32,19,51
523.0,2016-10-01 19:15:00,0,0,0,32,19,51
523.0,2016-10-01 19:18:00,0,0,0,32,19,51
523.0,2016-10-01 19:21:00,0,0,0,32,19,51
523.0,2016-10-01 19:24:00,0,0,0,32,19,51
523.0,2016-10-01 19:27:00,1,0,-1,31,20,51
523.0,2016-10-01 19:30:00,0,0,0,31,20,51
523.0,2016-10-01 19:33:00,0,0,0,31,20,51
523.0,2016-10-01 19:36:00,0,1,1,32,19,51
523.0,2016-10-01 19:37:00,1,0,-1,30,21,51
523.0,2016-10-01 19:40:00,0,0,0,30,21,51
523.0,2016-10-01 19:43:00,0,0,0,30,21,51
523.0,2016-10-01 19:46:00,0,0,0,30,21,51
523.0,2016-10-01 19:49:00,0,0,0,30,21,51
523.0,2016-10-01 19:52:00,0,0,0,30,21,51
523.0,2016-10-01 19:55:00,0,0,0,30,21,51
523.0,2016-10-01 19:58:00,0,0,0,30,21,51
523.0,2016-10-01 20:01:00,1,1,0,30,21,51
523.0,2016-10-01 20:04:00,0,0,0,30,21,51
523.0,2016-10-01 20:07:00,0,0,0,30,21,51
523.0,2016-10-01 20:10:00,0,0,0,30,21,51
523.0,2016-10-01 20:13:00,0,0,0,30,21,51
523.0,2016-10-01 20:16:00,1,0,-1,29,22,51
523.0,2016-10-01 20:19:00,1,1,0,29,22,51
523.0,2016-10-01 20:22:00,0,0,0,29,22,51
523.0,2016-10-01 20:25:00,0,0,0,29,22,51
523.0,2016-10-01 20:28:00,1,0,-1,28,23,51
523.0,2016-10-01 20:31:00,0,1,1,29,22,51
523.0,2016-10-01 20:34:00,0,0,0,29,22,51
523.0,2016-10-01 20:37:00,0,0,0,29,22,51
523.0,2016-10-01 20:40:00,0,0,0,29,22,51
523.0,2016-10-01 20:43:00,0,0,0,29,22,51
523.0,2016-10-01 20:44:00,0,0,0,29,22,51
523.0,2016-10-01 20:47:00,1,0,-1,28,23,51
523.0,2016-10-01 20:50:00,0,0,0,28,23,51
523.0,2016-10-01 20:53:00,0,0,0,28,23,51
523.0,2016-10-01 20:56:00,0,0,0,28,23,51
523.0,2016-10-01 20:59:00,0,0,0,28,23,51
523.0,2016-10-01 21:02:00,0,0,0,28,23,51
523.0,2016-10-01 21:05:00,0,2,2,30,21,51
523.0,2016-10-01 21:08:00,0,0,0,30,21,51
523.0,2016-10-01 21:11:00,0,0,0,30,21,51
523.0,2016-10-01 21:14:00,0,0,0,30,21,51
523.0,2016-10-01 21:17:00,0,0,0,30,21,51
523.0,2016-10-01 21:20:00,0,0,0,30,21,51
523.0,2016-10-01 21:23:00,1,0,-1,29,22,51
523.0,2016-10-01 21:26:00,0,0,0,29,22,51
523.0,2016-10-01 21:29:00,0,0,0,29,22,51
523.0,2016-10-01 21:32:00,0,0,0,29,22,51
523.0,2016-10-01 21:35:00,0,1,1,30,21,51
523.0,2016-10-01 21:38:00,0,2,2,32,19,51
523.0,2016-10-01 21:41:00,0,0,0,32,19,51
523.0,2016-10-01 21:44:00,0,0,0,32,19,51
523.0,2016-10-01 21:47:00,0,0,0,32,19,51
523.0,2016-10-01 21:50:00,0,2,2,34,17,51
523.0,2016-10-01 21:53:00,0,1,1,35,16,51
523.0,2016-10-01 21:56:00,0,0,0,35,16,51
523.0,2016-10-01 21:59:00,0,1,1,36,15,51
523.0,2016-10-01 22:02:00,0,0,0,36,15,51
523.0,2016-10-01 22:05:00,0,1,1,37,14,51
523.0,2016-10-01 22:08:00,1,0,-1,36,15,51
523.0,2016-10-01 22:11:00,0,1,1,37,14,51
523.0,2016-10-01 22:14:00,1,2,1,38,13,51
523.0,2016-10-01 22:17:00,0,0,0,38,13,51
523.0,2016-10-01 22:20:00,0,0,0,38,13,51
523.0,2016-10-01 22:23:00,1,0,-1,36,15,51
523.0,2016-10-01 22:26:00,0,0,0,36,15,51
523.0,2016-10-01 22:29:00,2,0,-2,34,17,51
523.0,2016-10-01 22:32:00,1,0,-1,33,18,51
523.0,2016-10-01 22:35:00,0,0,0,33,18,51
523.0,2016-10-01 22:38:00,0,0,0,33,18,51
523.0,2016-10-01 22:41:00,1,0,-1,32,19,51
523.0,2016-10-01 22:44:00,0,0,0,32,19,51
523.0,2016-10-01 22:47:00,0,0,0,32,19,51
523.0,2016-10-01 22:50:00,0,0,0,32,19,51
523.0,2016-10-01 22:53:00,0,0,0,32,19,51
523.0,2016-10-01 22:56:00,0,0,0,32,19,51
523.0,2016-10-01 22:59:00,0,0,0,32,19,51
523.0,2016-10-01 23:01:00,0,0,0,33,18,51
523.0,2016-10-01 23:04:00,0,0,0,33,18,51
523.0,2016-10-01 23:07:00,0,0,0,33,18,51
523.0,2016-10-01 23:10:00,0,0,0,33,18,51
523.0,2016-10-01 23:13:00,0,0,0,33,18,51
523.0,2016-10-01 23:16:00,0,0,0,33,18,51
523.0,2016-10-01 23:19:00,0,0,0,33,18,51
523.0,2016-10-01 23:22:00,1,0,-1,32,19,51
523.0,2016-10-01 23:25:00,0,0,0,32,19,51
523.0,2016-10-01 23:28:00,0,0,0,32,19,51
523.0,2016-10-01 23:31:00,0,0,0,32,19,51
523.0,2016-10-01 23:34:00,0,0,0,32,19,51
523.0,2016-10-01 23:37:00,0,1,1,33,18,51
523.0,2016-10-01 23:40:00,0,0,0,33,18,51
523.0,2016-10-01 23:43:00,1,0,-1,32,19,51
523.0,2016-10-01 23:46:00,0,0,0,32,19,51
523.0,2016-10-01 23:48:00,1,0,-1,31,20,51
523.0,2016-10-01 23:51:00,0,1,1,32,19,51
523.0,2016-10-01 23:54:00,0,0,0,32,19,51
523.0,2016-10-01 23:57:00,0,0,0,32,19,51
523.0,2016-10-02 00:00:00,0,0,0,32,19,51
523.0,2016-10-02 00:03:00,0,0,0,32,19,51
523.0,2016-10-02 00:06:00,0,0,0,32,19,51
523.0,2016-10-02 00:09:00,0,0,0,32,19,51
523.0,2016-10-02 00:11:00,0,0,0,34,17,51
523.0,2016-10-02 00:14:00,0,0,0,34,17,51
523.0,2016-10-02 00:17:00,0,0,0,34,17,51
523.0,2016-10-02 00:20:00,0,0,0,34,17,51
523.0,2016-10-02 00:23:00,0,0,0,34,17,51
523.0,2016-10-02 00:26:00,0,0,0,34,17,51
523.0,2016-10-02 00:29:00,0,0,0,34,17,51
523.0,2016-10-02 00:32:00,0,0,0,34,17,51
523.0,2016-10-02 00:35:00,0,0,0,34,17,51
523.0,2016-10-02 00:38:00,0,0,0,34,17,51
523.0,2016-10-02 00:41:00,0,0,0,34,17,51
523.0,2016-10-02 00:44:00,0,0,0,34,17,51
523.0,2016-10-02 00:45:00,0,0,0,30,21,51
523.0,2016-10-02 00:48:00,1,0,-1,29,22,51
523.0,2016-10-02 00:51:00,0,0,0,29,22,51
523.0,2016-10-02 00:54:00,0,0,0,29,22,51
523.0,2016-10-02 00:57:00,0,0,0,29,22,51
523.0,2016-10-02 01:00:00,0,0,0,29,22,51
523.0,2016-10-02 01:03:00,0,0,0,29,22,51
523.0,2016-10-02 01:06:00,0,0,0,29,22,51
523.0,2016-10-02 01:09:00,0,0,0,29,22,51
523.0,2016-10-02 01:12:00,0,0,0,29,22,51
523.0,2016-10-02 01:15:00,0,0,0,29,22,51
523.0,2016-10-02 01:18:00,0,0,0,29,22,51
523.0,2016-10-02 01:21:00,0,0,0,29,22,51
523.0,2016-10-02 01:24:00,0,0,0,29,22,51
523.0,2016-10-02 01:27:00,0,0,0,29,22,51
523.0,2016-10-02 01:29:00,0,0,0,31,20,51
523.0,2016-10-02 01:32:00,0,0,0,31,20,51
523.0,2016-10-02 01:35:00,0,0,0,31,20,51
523.0,2016-10-02 01:38:00,0,0,0,31,20,51
523.0,2016-10-02 01:41:00,1,0,-1,30,21,51
523.0,2016-10-02 01:44:00,0,0,0,30,21,51
523.0,2016-10-02 01:47:00,0,0,0,30,21,51
523.0,2016-10-02 01:50:00,0,1,1,31,20,51
523.0,2016-10-02 01:53:00,0,0,0,31,20,51
523.0,2016-10-02 01:56:00,0,0,0,31,20,51
523.0,2016-10-02 01:59:00,0,0,0,31,20,51
523.0,2016-10-02 02:01:00,0,0,0,31,20,51
523.0,2016-10-02 02:04:00,0,0,0,31,20,51
523.0,2016-10-02 02:07:00,0,0,0,31,20,51
523.0,2016-10-02 02:10:00,0,0,0,31,20,51
523.0,2016-10-02 02:13:00,0,0,0,31,20,51
523.0,2016-10-02 02:16:00,0,0,0,31,20,51
523.0,2016-10-02 02:19:00,0,0,0,31,20,51
523.0,2016-10-02 02:22:00,0,0,0,31,20,51
523.0,2016-10-02 02:25:00,0,0,0,31,20,51
523.0,2016-10-02 02:28:00,0,0,0,31,20,51
523.0,2016-10-02 02:31:00,0,0,0,31,20,51
523.0,2016-10-02 02:33:00,0,0,0,31,20,51
523.0,2016-10-02 02:36:00,0,0,0,31,20,51
523.0,2016-10-02 02:39:00,0,0,0,31,20,51
523.0,2016-10-02 02:42:00,0,0,0,31,20,51
523.0,2016-10-02 02:45:00,0,0,0,31,20,51
523.0,2016-10-02 02:48:00,0,0,0,31,20,51
523.0,2016-10-02 02:51:00,0,0,0,31,20,51
523.0,2016-10-02 02:54:00,0,0,0,31,20,51
523.0,2016-10-02 02:57:00,0,0,0,31,20,51
523.0,2016-10-02 03:00:00,0,0,0,31,20,51
523.0,2016-10-02 03:03:00,0,0,0,31,20,51
523.0,2016-10-02 03:05:00,0,0,0,31,20,51
523.0,2016-10-02 03:08:00,0,0,0,31,20,51
523.0,2016-10-02 03:11:00,0,0,0,31,20,51
523.0,2016-10-02 03:14:00,0,0,0,31,20,51
523.0,2016-10-02 03:17:00,0,0,0,31,20,51
523.0,2016-10-02 03:20:00,0,0,0,31,20,51
523.0,2016-10-02 03:23:00,0,0,0,31,20,51
523.0,2016-10-02 03:26:00,0,0,0,31,20,51
523.0,2016-10-02 03:29:00,0,0,0,31,20,51
523.0,2016-10-02 03:32:00,0,0,0,31,20,51
523.0,2016-10-02 03:35:00,0,0,0,31,20,51
523.0,2016-10-02 03:38:00,0,0,0,31,20,51
523.0,2016-10-02 03:41:00,0,0,0,31,20,51
523.0,2016-10-02 03:44:00,0,0,0,31,20,51
523.0,2016-10-02 03:47:00,0,0,0,31,20,51
523.0,2016-10-02 03:50:00,0,1,1,32,19,51
523.0,2016-10-02 03:53:00,0,0,0,32,19,51
523.0,2016-10-02 03:56:00,0,0,0,32,19,51
523.0,2016-10-02 03:59:00,0,0,0,32,19,51
523.0,2016-10-02 04:02:00,0,0,0,32,19,51
523.0,2016-10-02 04:05:00,0,0,0,32,19,51
523.0,2016-10-02 04:08:00,0,0,0,32,19,51
523.0,2016-10-02 04:11:00,0,0,0,32,19,51
523.0,2016-10-02 04:12:00,0,0,0,32,19,51
523.0,2016-10-02 04:15:00,0,0,0,32,19,51
523.0,2016-10-02 04:18:00,0,0,0,32,19,51
523.0,2016-10-02 04:21:00,0,0,0,32,19,51
523.0,2016-10-02 04:24:00,0,0,0,32,19,51
523.0,2016-10-02 04:27:00,0,0,0,32,19,51
523.0,2016-10-02 04:30:00,0,0,0,32,19,51
523.0,2016-10-02 04:33:00,0,0,0,32,19,51
523.0,2016-10-02 04:36:00,0,0,0,32,19,51
523.0,2016-10-02 04:39:00,0,0,0,32,19,51
523.0,2016-10-02 04:42:00,0,0,0,32,19,51
523.0,2016-10-02 04:45:00,0,0,0,32,19,51
523.0,2016-10-02 04:48:00,0,0,0,32,19,51
523.0,2016-10-02 04:51:00,0,0,0,32,19,51
523.0,2016-10-02 04:54:00,0,0,0,32,19,51
523.0,2016-10-02 04:57:00,0,0,0,32,19,51
523.0,2016-10-02 05:00:00,0,0,0,32,19,51
523.0,2016-10-02 05:03:00,0,0,0,32,19,51
523.0,2016-10-02 05:06:00,0,0,0,32,19,51
523.0,2016-10-02 05:09:00,0,0,0,32,19,51
523.0,2016-10-02 05:12:00,0,0,0,32,19,51
523.0,2016-10-02 05:14:00,0,0,0,32,19,51
523.0,2016-10-02 05:17:00,0,0,0,32,19,51
523.0,2016-10-02 05:20:00,0,0,0,32,19,51
523.0,2016-10-02 05:23:00,0,0,0,32,19,51
523.0,2016-10-02 05:26:00,0,0,0,32,19,51
523.0,2016-10-02 05:29:00,0,0,0,32,19,51
523.0,2016-10-02 05:32:00,0,0,0,32,19,51
523.0,2016-10-02 05:35:00,0,0,0,32,19,51
523.0,2016-10-02 05:38:00,0,0,0,32,19,51
523.0,2016-10-02 05:41:00,0,0,0,32,19,51
523.0,2016-10-02 05:44:00,0,0,0,32,19,51
523.0,2016-10-02 05:45:00,0,0,0,32,19,51
523.0,2016-10-02 05:48:00,0,0,0,32,19,51
523.0,2016-10-02 05:51:00,0,0,0,32,19,51
523.0,2016-10-02 05:54:00,0,0,0,32,19,51
523.0,2016-10-02 05:57:00,0,0,0,32,19,51
523.0,2016-10-02 06:00:00,0,0,0,32,19,51
523.0,2016-10-02 06:03:00,0,0,0,32,19,51
523.0,2016-10-02 06:06:00,0,0,0,32,19,51
523.0,2016-10-02 06:09:00,0,0,0,32,19,51
523.0,2016-10-02 06:12:00,0,0,0,32,19,51
523.0,2016-10-02 06:15:00,0,0,0,32,19,51
523.0,2016-10-02 06:17:00,0,0,0,32,19,51
523.0,2016-10-02 06:20:00,0,0,0,32,19,51
523.0,2016-10-02 06:23:00,0,0,0,32,19,51
523.0,2016-10-02 06:26:00,0,0,0,32,19,51
523.0,2016-10-02 06:29:00,0,0,0,32,19,51
523.0,2016-10-02 06:32:00,0,0,0,32,19,51
523.0,2016-10-02 06:35:00,0,0,0,32,19,51
523.0,2016-10-02 06:38:00,0,0,0,32,19,51
523.0,2016-10-02 06:41:00,0,0,0,32,19,51
523.0,2016-10-02 06:44:00,0,0,0,32,19,51
523.0,2016-10-02 06:47:00,0,0,0,32,19,51
523.0,2016-10-02 06:49:00,0,0,0,32,19,51
523.0,2016-10-02 06:52:00,0,0,0,32,19,51
523.0,2016-10-02 06:55:00,0,0,0,32,19,51
523.0,2016-10-02 06:58:00,0,0,0,32,19,51
523.0,2016-10-02 07:01:00,0,0,0,32,19,51
523.0,2016-10-02 07:04:00,0,0,0,32,19,51
523.0,2016-10-02 07:07:00,0,0,0,32,19,51
523.0,2016-10-02 07:10:00,0,0,0,32,19,51
523.0,2016-10-02 07:13:00,0,0,0,32,19,51
523.0,2016-10-02 07:16:00,0,0,0,32,19,51
523.0,2016-10-02 07:19:00,0,1,1,33,18,51
523.0,2016-10-02 07:22:00,0,0,0,33,18,51
523.0,2016-10-02 07:25:00,0,0,0,33,18,51
523.0,2016-10-02 07:28:00,0,0,0,33,18,51
523.0,2016-10-02 07:31:00,0,0,0,33,18,51
523.0,2016-10-02 07:34:00,0,0,0,33,18,51
523.0,2016-10-02 07:37:00,0,0,0,33,18,51
523.0,2016-10-02 07:40:00,0,1,1,34,17,51
523.0,2016-10-02 07:43:00,0,0,0,34,17,51
523.0,2016-10-02 07:46:00,0,0,0,34,17,51
523.0,2016-10-02 07:49:00,0,0,0,34,17,51
523.0,2016-10-02 07:52:00,0,0,0,34,17,51
523.0,2016-10-02 07:55:00,0,0,0,34,17,51
523.0,2016-10-02 07:58:00,0,0,0,34,17,51
523.0,2016-10-02 08:01:00,1,0,-1,33,18,51
523.0,2016-10-02 08:04:00,0,0,0,33,18,51
523.0,2016-10-02 08:07:00,0,0,0,33,18,51
523.0,2016-10-02 08:10:00,0,0,0,33,18,51
523.0,2016-10-02 08:13:00,0,0,0,33,18,51
523.0,2016-10-02 08:16:00,0,0,0,33,18,51
523.0,2016-10-02 08:19:00,0,0,0,33,18,51
523.0,2016-10-02 08:22:00,0,0,0,33,18,51
523.0,2016-10-02 08:25:00,0,0,0,33,18,51
523.0,2016-10-02 08:28:00,0,0,0,33,18,51
523.0,2016-10-02 08:29:00,0,0,0,33,18,51
523.0,2016-10-02 08:32:00,0,0,0,33,18,51
523.0,2016-10-02 08:35:00,0,1,1,34,17,51
523.0,2016-10-02 08:38:00,1,0,-1,33,18,51
523.0,2016-10-02 08:41:00,0,0,0,33,18,51
523.0,2016-10-02 08:44:00,0,0,0,33,18,51
523.0,2016-10-02 08:47:00,0,0,0,33,18,51
523.0,2016-10-02 08:50:00,0,1,1,34,17,51
523.0,2016-10-02 08:53:00,1,0,-1,33,18,51
523.0,2016-10-02 08:56:00,0,0,0,33,18,51
523.0,2016-10-02 08:59:00,1,0,-1,32,19,51
523.0,2016-10-02 09:02:00,0,0,0,32,19,51
523.0,2016-10-02 09:05:00,0,0,0,32,19,51
523.0,2016-10-02 09:08:00,1,0,-1,31,20,51
523.0,2016-10-02 09:11:00,1,0,-1,30,21,51
523.0,2016-10-02 09:14:00,0,0,0,30,21,51
523.0,2016-10-02 09:17:00,2,0,-2,28,23,51
523.0,2016-10-02 09:20:00,1,0,-1,27,24,51
523.0,2016-10-02 09:23:00,0,0,0,27,24,51
523.0,2016-10-02 09:26:00,0,0,0,27,24,51
523.0,2016-10-02 09:29:00,0,0,0,27,24,51
523.0,2016-10-02 09:32:00,0,0,0,27,24,51
523.0,2016-10-02 09:35:00,0,0,0,27,24,51
523.0,2016-10-02 09:36:00,0,0,0,27,24,51
523.0,2016-10-02 09:39:00,1,0,-1,26,25,51
523.0,2016-10-02 09:42:00,0,0,0,26,25,51
523.0,2016-10-02 09:45:00,0,0,0,26,25,51
523.0,2016-10-02 09:48:00,0,0,0,26,25,51
523.0,2016-10-02 09:51:00,1,0,-1,25,26,51
523.0,2016-10-02 09:54:00,0,0,0,25,26,51
523.0,2016-10-02 09:57:00,0,0,0,25,26,51
523.0,2016-10-02 10:00:00,0,0,0,25,26,51
523.0,2016-10-02 10:03:00,0,0,0,25,26,51
523.0,2016-10-02 10:06:00,0,0,0,25,26,51
523.0,2016-10-02 10:09:00,1,0,-1,24,27,51
523.0,2016-10-02 10:12:00,0,1,1,25,26,51
523.0,2016-10-02 10:15:00,0,0,0,25,26,51
523.0,2016-10-02 10:18:00,0,0,0,25,26,51
523.0,2016-10-02 10:21:00,0,0,0,25,26,51
523.0,2016-10-02 10:24:00,0,0,0,25,26,51
523.0,2016-10-02 10:27:00,1,0,-1,24,27,51
523.0,2016-10-02 10:30:00,1,1,0,24,27,51
523.0,2016-10-02 10:33:00,1,1,0,24,27,51
523.0,2016-10-02 10:36:00,1,0,-1,23,28,51
523.0,2016-10-02 10:39:00,1,0,-1,22,29,51
523.0,2016-10-02 10:42:00,0,0,0,22,29,51
523.0,2016-10-02 10:43:00,0,0,0,23,28,51
523.0,2016-10-02 10:46:00,0,0,0,23,28,51
523.0,2016-10-02 10:49:00,1,0,-1,22,29,51
523.0,2016-10-02 10:52:00,0,0,0,22,29,51
523.0,2016-10-02 10:55:00,0,0,0,22,29,51
523.0,2016-10-02 10:58:00,0,0,0,22,29,51
523.0,2016-10-02 11:01:00,1,0,-1,21,30,51
523.0,2016-10-02 11:04:00,0,0,0,21,30,51
523.0,2016-10-02 11:07:00,0,1,1,22,29,51
523.0,2016-10-02 11:10:00,0,0,0,22,29,51
523.0,2016-10-02 11:13:00,0,0,0,22,29,51
523.0,2016-10-02 11:16:00,0,0,0,22,29,51
523.0,2016-10-02 11:19:00,1,0,-1,21,30,51
523.0,2016-10-02 11:22:00,0,1,1,22,29,51
523.0,2016-10-02 11:25:00,0,0,0,22,29,51
523.0,2016-10-02 11:28:00,1,0,-1,21,30,51
523.0,2016-10-02 11:31:00,0,0,0,21,30,51
523.0,2016-10-02 11:34:00,1,0,-1,20,31,51
523.0,2016-10-02 11:37:00,0,0,0,20,31,51
523.0,2016-10-02 11:40:00,0,0,0,20,31,51
523.0,2016-10-02 11:43:00,1,0,-1,19,32,51
523.0,2016-10-02 11:46:00,0,0,0,19,32,51
523.0,2016-10-02 11:49:00,1,0,-1,18,33,51
523.0,2016-10-02 11:50:00,1,3,2,20,31,51
523.0,2016-10-02 11:53:00,0,0,0,20,31,51
523.0,2016-10-02 11:56:00,0,0,0,20,31,51
523.0,2016-10-02 11:59:00,1,1,0,20,31,51
523.0,2016-10-02 12:02:00,4,0,-4,16,35,51
523.0,2016-10-02 12:05:00,1,0,-1,15,36,51
523.0,2016-10-02 12:08:00,2,0,-2,13,38,51
523.0,2016-10-02 12:11:00,0,0,0,13,38,51
523.0,2016-10-02 12:14:00,0,0,0,13,38,51
523.0,2016-10-02 12:17:00,1,0,-1,12,39,51
523.0,2016-10-02 12:20:00,1,0,-1,11,40,51
523.0,2016-10-02 12:23:00,0,0,0,11,40,51
523.0,2016-10-02 12:25:00,0,0,0,32,19,51
523.0,2016-10-02 12:28:00,0,0,0,32,19,51
523.0,2016-10-02 12:31:00,0,0,0,32,19,51
523.0,2016-10-02 12:34:00,0,0,0,32,19,51
523.0,2016-10-02 12:37:00,0,0,0,32,19,51
523.0,2016-10-02 12:40:00,1,0,-1,31,20,51
523.0,2016-10-02 12:43:00,1,0,-1,30,21,51
523.0,2016-10-02 12:46:00,0,0,0,30,21,51
523.0,2016-10-02 12:49:00,0,0,0,30,21,51
523.0,2016-10-02 12:52:00,0,0,0,30,21,51
523.0,2016-10-02 12:55:00,1,0,-1,29,22,51
523.0,2016-10-02 12:57:00,1,1,0,31,20,51
523.0,2016-10-02 13:00:00,0,0,0,31,20,51
523.0,2016-10-02 13:03:00,0,0,0,31,20,51
523.0,2016-10-02 13:06:00,0,0,0,31,20,51
523.0,2016-10-02 13:09:00,0,0,0,31,20,51
523.0,2016-10-02 13:12:00,0,2,2,33,18,51
523.0,2016-10-02 13:15:00,0,0,0,33,18,51
523.0,2016-10-02 13:18:00,0,0,0,33,18,51
523.0,2016-10-02 13:21:00,0,2,2,35,16,51
523.0,2016-10-02 13:24:00,0,1,1,36,15,51
523.0,2016-10-02 13:27:00,0,0,0,36,15,51
523.0,2016-10-02 13:30:00,0,0,0,36,15,51
523.0,2016-10-02 13:31:00,0,1,1,15,36,51
523.0,2016-10-02 13:34:00,0,0,0,15,36,51
523.0,2016-10-02 13:37:00,0,0,0,15,36,51
523.0,2016-10-02 13:40:00,0,0,0,15,36,51
523.0,2016-10-02 13:43:00,0,1,1,16,35,51
523.0,2016-10-02 13:46:00,0,0,0,16,35,51
523.0,2016-10-02 13:49:00,0,0,0,16,35,51
523.0,2016-10-02 13:52:00,1,1,0,16,35,51
523.0,2016-10-02 13:55:00,0,0,0,16,35,51
523.0,2016-10-02 13:58:00,0,0,0,16,35,51
523.0,2016-10-02 14:01:00,0,0,0,16,35,51
523.0,2016-10-02 14:04:00,0,0,0,16,35,51
523.0,2016-10-02 14:05:00,1,0,-1,15,36,51
523.0,2016-10-02 14:08:00,0,0,0,15,36,51
523.0,2016-10-02 14:11:00,1,0,-1,14,37,51
523.0,2016-10-02 14:14:00,0,0,0,14,37,51
523.0,2016-10-02 14:17:00,0,0,0,14,37,51
523.0,2016-10-02 14:20:00,1,0,-1,13,38,51
523.0,2016-10-02 14:23:00,0,1,1,14,37,51
523.0,2016-10-02 14:26:00,0,0,0,14,37,51
523.0,2016-10-02 14:29:00,0,0,0,14,37,51
523.0,2016-10-02 14:32:00,0,0,0,14,37,51
523.0,2016-10-02 14:35:00,1,0,-1,13,38,51
523.0,2016-10-02 14:38:00,0,0,0,13,38,51
523.0,2016-10-02 14:39:00,0,0,0,13,38,51
523.0,2016-10-02 14:42:00,1,2,1,14,37,51
523.0,2016-10-02 14:45:00,0,2,2,16,35,51
523.0,2016-10-02 14:48:00,0,0,0,16,35,51
523.0,2016-10-02 14:51:00,1,0,-1,15,36,51
523.0,2016-10-02 14:54:00,3,0,-3,12,39,51
523.0,2016-10-02 14:57:00,0,1,1,13,38,51
523.0,2016-10-02 15:00:00,1,1,0,13,38,51
523.0,2016-10-02 15:03:00,2,0,-2,11,40,51
523.0,2016-10-02 15:06:00,1,0,-1,10,41,51
523.0,2016-10-02 15:09:00,0,0,0,10,41,51
523.0,2016-10-02 15:12:00,0,0,0,10,41,51
523.0,2016-10-02 15:13:00,0,1,1,10,41,51
523.0,2016-10-02 15:16:00,0,0,0,10,41,51
523.0,2016-10-02 15:19:00,1,0,-1,9,42,51
523.0,2016-10-02 15:22:00,0,0,0,9,42,51
523.0,2016-10-02 15:25:00,0,0,0,9,42,51
523.0,2016-10-02 15:28:00,0,0,0,9,42,51
523.0,2016-10-02 15:31:00,1,0,-1,8,43,51
523.0,2016-10-02 15:34:00,0,0,0,8,43,51
523.0,2016-10-02 15:37:00,0,0,0,8,43,51
523.0,2016-10-02 15:40:00,0,1,1,9,42,51
523.0,2016-10-02 15:43:00,2,0,-2,7,44,51
523.0,2016-10-02 15:46:00,0,2,2,9,42,51
523.0,2016-10-02 15:47:00,0,2,2,10,41,51
523.0,2016-10-02 15:50:00,0,0,0,10,41,51
523.0,2016-10-02 15:53:00,0,2,2,12,39,51
523.0,2016-10-02 15:56:00,1,1,0,12,39,51
523.0,2016-10-02 15:59:00,0,0,0,12,39,51
523.0,2016-10-02 16:02:00,0,0,0,12,39,51
523.0,2016-10-02 16:05:00,1,2,1,13,38,51
523.0,2016-10-02 16:08:00,0,0,0,13,38,51
523.0,2016-10-02 16:11:00,0,0,0,13,38,51
523.0,2016-10-02 16:14:00,2,2,0,13,38,51
523.0,2016-10-02 16:17:00,0,1,1,14,37,51
523.0,2016-10-02 16:20:00,0,0,0,14,37,51
523.0,2016-10-02 16:21:00,0,0,0,14,37,51
523.0,2016-10-02 16:24:00,1,0,-1,13,38,51
523.0,2016-10-02 16:27:00,1,0,-1,12,39,51
523.0,2016-10-02 16:30:00,1,1,0,12,39,51
523.0,2016-10-02 16:33:00,0,0,0,12,39,51
523.0,2016-10-02 16:36:00,0,0,0,12,39,51
523.0,2016-10-02 16:39:00,0,0,0,12,39,51
523.0,2016-10-02 16:42:00,0,0,0,12,39,51
523.0,2016-10-02 16:45:00,1,0,-1,11,40,51
523.0,2016-10-02 16:48:00,1,0,-1,10,41,51
523.0,2016-10-02 16:51:00,0,1,1,11,40,51
523.0,2016-10-02 16:54:00,1,1,0,10,41,51
523.0,2016-10-02 16:57:00,1,2,1,11,40,51
523.0,2016-10-02 17:00:00,1,0,-1,10,41,51
523.0,2016-10-02 17:03:00,2,0,-2,8,43,51
523.0,2016-10-02 17:06:00,0,0,0,8,43,51
523.0,2016-10-02 17:09:00,0,0,0,8,43,51
523.0,2016-10-02 17:12:00,0,0,0,8,43,51
523.0,2016-10-02 17:15:00,0,3,3,11,40,51
523.0,2016-10-02 17:18:00,2,0,-2,9,42,51
523.0,2016-10-02 17:21:00,0,0,0,9,42,51
523.0,2016-10-02 17:24:00,0,0,0,9,42,51
523.0,2016-10-02 17:27:00,0,0,0,10,41,51
523.0,2016-10-02 17:30:00,1,0,-1,9,42,51
523.0,2016-10-02 17:33:00,2,0,-2,7,44,51
523.0,2016-10-02 17:36:00,1,0,-1,6,45,51
523.0,2016-10-02 17:39:00,0,0,0,6,45,51
523.0,2016-10-02 17:42:00,0,2,2,8,43,51
523.0,2016-10-02 17:45:00,1,0,-1,7,44,51
523.0,2016-10-02 17:48:00,1,2,1,8,43,51
523.0,2016-10-02 17:51:00,0,0,0,8,43,51
523.0,2016-10-02 17:54:00,0,0,0,8,43,51
523.0,2016-10-02 17:57:00,2,0,-2,6,45,51
523.0,2016-10-02 18:00:00,1,0,-1,5,46,51
523.0,2016-10-02 18:01:00,0,0,0,5,46,51
523.0,2016-10-02 18:04:00,0,0,0,5,46,51
523.0,2016-10-02 18:07:00,1,0,-1,4,47,51
523.0,2016-10-02 18:10:00,0,2,2,6,45,51
523.0,2016-10-02 18:13:00,0,0,0,6,45,51
523.0,2016-10-02 18:16:00,0,0,0,6,45,51
523.0,2016-10-02 18:19:00,0,0,0,6,45,51
523.0,2016-10-02 18:22:00,1,0,-1,5,46,51
523.0,2016-10-02 18:25:00,0,0,0,5,46,51
523.0,2016-10-02 18:28:00,0,0,0,5,46,51
523.0,2016-10-02 18:31:00,2,0,-2,3,48,51
523.0,2016-10-02 18:34:00,0,0,0,3,48,51
523.0,2016-10-02 18:35:00,0,0,0,3,48,51
523.0,2016-10-02 18:38:00,0,0,0,3,48,51
523.0,2016-10-02 18:41:00,0,0,0,3,48,51
523.0,2016-10-02 18:44:00,1,1,0,3,48,51
523.0,2016-10-02 18:47:00,1,0,-1,2,49,51
523.0,2016-10-02 18:50:00,0,0,0,2,49,51
523.0,2016-10-02 18:53:00,0,1,1,3,48,51
523.0,2016-10-02 18:56:00,0,1,1,4,47,51
523.0,2016-10-02 18:59:00,2,0,-2,2,49,51
523.0,2016-10-02 19:02:00,0,0,0,2,49,51
523.0,2016-10-02 19:05:00,0,0,0,2,49,51
523.0,2016-10-02 19:07:00,0,0,0,2,49,51
523.0,2016-10-02 19:10:00,0,1,1,3,48,51
523.0,2016-10-02 19:13:00,0,0,0,3,48,51
523.0,2016-10-02 19:16:00,1,0,-1,2,49,51
523.0,2016-10-02 19:19:00,0,0,0,2,49,51
523.0,2016-10-02 19:22:00,0,0,0,2,49,51
523.0,2016-10-02 19:25:00,0,0,0,2,49,51
523.0,2016-10-02 19:28:00,0,0,0,2,49,51
523.0,2016-10-02 19:31:00,0,0,0,2,49,51
523.0,2016-10-02 19:34:00,1,0,-1,1,50,51
523.0,2016-10-02 19:37:00,1,0,-1,0,51,51
523.0,2016-10-02 19:40:00,0,0,0,0,51,51
523.0,2016-10-02 19:43:00,0,0,0,0,51,51
523.0,2016-10-02 19:46:00,0,0,0,0,51,51
523.0,2016-10-02 19:49:00,0,1,1,1,50,51
523.0,2016-10-02 19:52:00,0,0,0,1,50,51
523.0,2016-10-02 19:55:00,0,0,0,1,50,51
523.0,2016-10-02 19:58:00,0,1,1,2,49,51
523.0,2016-10-02 20:01:00,0,0,0,2,49,51
523.0,2016-10-02 20:04:00,0,0,0,2,49,51
523.0,2016-10-02 20:07:00,0,0,0,2,49,51
523.0,2016-10-02 20:10:00,0,0,0,2,49,51
523.0,2016-10-02 20:13:00,0,0,0,2,49,51
523.0,2016-10-02 20:15:00,1,0,-1,1,50,51
523.0,2016-10-02 20:18:00,0,0,0,1,50,51
523.0,2016-10-02 20:21:00,0,0,0,1,50,51
523.0,2016-10-02 20:24:00,0,0,0,1,50,51
523.0,2016-10-02 20:27:00,0,0,0,1,50,51
523.0,2016-10-02 20:30:00,0,0,0,1,50,51
523.0,2016-10-02 20:33:00,0,0,0,1,50,51
523.0,2016-10-02 20:36:00,0,0,0,1,50,51
523.0,2016-10-02 20:39:00,1,0,-1,0,51,51
523.0,2016-10-02 20:42:00,0,0,0,0,51,51
523.0,2016-10-02 20:45:00,0,0,0,0,51,51
523.0,2016-10-02 20:46:00,0,0,0,0,51,51
523.0,2016-10-02 20:49:00,0,0,0,0,51,51
523.0,2016-10-02 20:52:00,0,0,0,0,51,51
523.0,2016-10-02 20:55:00,0,0,0,0,51,51
523.0,2016-10-02 20:58:00,0,0,0,0,51,51
523.0,2016-10-02 21:01:00,0,1,1,1,50,51
523.0,2016-10-02 21:04:00,0,0,0,1,50,51
523.0,2016-10-02 21:07:00,1,0,-1,0,51,51
523.0,2016-10-02 21:10:00,0,1,1,1,50,51
523.0,2016-10-02 21:13:00,0,1,1,2,49,51
523.0,2016-10-02 21:16:00,0,0,0,2,49,51
523.0,2016-10-02 21:18:00,0,3,3,5,46,51
523.0,2016-10-02 21:21:00,0,0,0,5,46,51
523.0,2016-10-02 21:24:00,0,0,0,5,46,51
523.0,2016-10-02 21:27:00,0,0,0,5,46,51
523.0,2016-10-02 21:30:00,0,0,0,5,46,51
523.0,2016-10-02 21:33:00,0,1,1,6,45,51
523.0,2016-10-02 21:36:00,1,0,-1,5,46,51
523.0,2016-10-02 21:39:00,3,0,-3,2,49,51
523.0,2016-10-02 21:42:00,0,0,0,2,49,51
523.0,2016-10-02 21:45:00,0,0,0,2,49,51
523.0,2016-10-02 21:48:00,1,0,-1,1,50,51
523.0,2016-10-02 21:51:00,0,0,0,1,50,51
523.0,2016-10-02 21:54:00,0,0,0,1,50,51
523.0,2016-10-02 21:57:00,0,0,0,1,50,51
523.0,2016-10-02 22:00:00,1,0,-1,0,51,51
523.0,2016-10-02 22:03:00,0,0,0,0,51,51
523.0,2016-10-02 22:06:00,0,0,0,0,51,51
523.0,2016-10-02 22:09:00,0,0,0,0,51,51
523.0,2016-10-02 22:12:00,0,0,0,0,51,51
523.0,2016-10-02 22:15:00,0,0,0,0,51,51
523.0,2016-10-02 22:18:00,0,0,0,0,51,51
523.0,2016-10-02 22:21:00,0,0,0,0,51,51
523.0,2016-10-02 22:23:00,0,0,0,0,51,51
523.0,2016-10-02 22:26:00,0,0,0,0,51,51
523.0,2016-10-02 22:29:00,0,0,0,0,51,51
523.0,2016-10-02 22:32:00,0,0,0,0,51,51
523.0,2016-10-02 22:35:00,0,0,0,0,51,51
523.0,2016-10-02 22:38:00,0,0,0,0,51,51
523.0,2016-10-02 22:41:00,0,0,0,0,51,51
523.0,2016-10-02 22:44:00,0,1,1,1,50,51
523.0,2016-10-02 22:47:00,0,0,0,1,50,51
523.0,2016-10-02 22:50:00,0,0,0,1,50,51
523.0,2016-10-02 22:53:00,0,0,0,1,50,51
523.0,2016-10-02 22:55:00,0,0,0,1,50,51
523.0,2016-10-02 22:58:00,0,0,0,1,50,51
523.0,2016-10-02 23:01:00,0,0,0,1,50,51
523.0,2016-10-02 23:04:00,0,0,0,1,50,51
523.0,2016-10-02 23:07:00,0,1,1,2,49,51
523.0,2016-10-02 23:10:00,0,0,0,2,49,51
523.0,2016-10-02 23:13:00,0,0,0,2,49,51
523.0,2016-10-02 23:16:00,0,0,0,2,49,51
523.0,2016-10-02 23:19:00,0,0,0,2,49,51
523.0,2016-10-02 23:22:00,0,0,0,2,49,51
523.0,2016-10-02 23:25:00,1,0,-1,1,50,51
523.0,2016-10-02 23:28:00,0,0,0,1,50,51
523.0,2016-10-02 23:31:00,0,0,0,1,50,51
523.0,2016-10-02 23:34:00,0,0,0,1,50,51
523.0,2016-10-02 23:37:00,0,0,0,1,50,51
523.0,2016-10-02 23:40:00,1,0,-1,0,51,51
523.0,2016-10-02 23:43:00,0,0,0,0,51,51
523.0,2016-10-02 23:46:00,0,0,0,0,51,51
523.0,2016-10-02 23:49:00,0,0,0,0,51,51
523.0,2016-10-02 23:52:00,0,0,0,0,51,51
523.0,2016-10-02 23:55:00,0,0,0,0,51,51
523.0,2016-10-02 23:58:00,0,0,0,0,51,51
523.0,2016-10-03 00:01:00,0,0,0,0,51,51
523.0,2016-10-03 00:04:00,0,0,0,0,51,51
523.0,2016-10-03 00:07:00,0,0,0,0,51,51
523.0,2016-10-03 00:10:00,0,0,0,0,51,51
523.0,2016-10-03 00:13:00,0,0,0,0,51,51
523.0,2016-10-03 00:16:00,0,0,0,0,51,51
523.0,2016-10-03 00:19:00,0,0,0,0,51,51
523.0,2016-10-03 00:22:00,0,0,0,0,51,51
523.0,2016-10-03 00:24:00,0,0,0,11,40,51
523.0,2016-10-03 00:27:00,0,0,0,11,40,51
523.0,2016-10-03 00:30:00,0,0,0,11,40,51
523.0,2016-10-03 00:33:00,0,0,0,11,40,51
523.0,2016-10-03 00:36:00,0,0,0,11,40,51
523.0,2016-10-03 00:39:00,0,0,0,11,40,51
523.0,2016-10-03 00:42:00,0,0,0,11,40,51
523.0,2016-10-03 00:45:00,0,0,0,11,40,51
523.0,2016-10-03 00:48:00,0,0,0,11,40,51
523.0,2016-10-03 00:51:00,0,0,0,11,40,51
523.0,2016-10-03 00:54:00,0,0,0,11,40,51
523.0,2016-10-03 00:57:00,0,0,0,8,43,51
523.0,2016-10-03 01:00:00,0,0,0,8,43,51
523.0,2016-10-03 01:03:00,0,0,0,8,43,51
523.0,2016-10-03 01:04:00,0,0,0,0,51,51
523.0,2016-10-03 01:07:00,0,0,0,0,51,51
523.0,2016-10-03 01:10:00,0,0,0,0,51,51
523.0,2016-10-03 01:13:00,0,0,0,0,51,51
523.0,2016-10-03 01:16:00,0,0,0,0,51,51
523.0,2016-10-03 01:19:00,0,0,0,0,51,51
523.0,2016-10-03 01:22:00,0,0,0,0,51,51
523.0,2016-10-03 01:25:00,0,0,0,0,51,51
523.0,2016-10-03 01:28:00,0,0,0,0,51,51
523.0,2016-10-03 01:31:00,0,0,0,0,51,51
523.0,2016-10-03 01:34:00,0,0,0,0,51,51
523.0,2016-10-03 01:36:00,0,0,0,0,51,51
523.0,2016-10-03 01:39:00,0,0,0,0,51,51
523.0,2016-10-03 01:42:00,0,0,0,0,51,51
523.0,2016-10-03 01:45:00,0,0,0,0,51,51
523.0,2016-10-03 01:48:00,0,0,0,0,51,51
523.0,2016-10-03 01:51:00,0,0,0,0,51,51
523.0,2016-10-03 01:54:00,0,0,0,0,51,51
523.0,2016-10-03 01:57:00,0,0,0,0,51,51
523.0,2016-10-03 02:00:00,0,0,0,0,51,51
523.0,2016-10-03 02:03:00,0,0,0,0,51,51
523.0,2016-10-03 02:06:00,0,0,0,0,51,51
523.0,2016-10-03 02:08:00,0,0,0,0,51,51
523.0,2016-10-03 02:11:00,0,0,0,0,51,51
523.0,2016-10-03 02:14:00,0,0,0,0,51,51
523.0,2016-10-03 02:17:00,0,0,0,0,51,51
523.0,2016-10-03 02:20:00,0,0,0,0,51,51
523.0,2016-10-03 02:23:00,0,0,0,0,51,51
523.0,2016-10-03 02:26:00,0,0,0,0,51,51
523.0,2016-10-03 02:29:00,0,0,0,0,51,51
523.0,2016-10-03 02:32:00,0,0,0,0,51,51
523.0,2016-10-03 02:35:00,0,0,0,0,51,51
523.0,2016-10-03 02:38:00,0,0,0,0,51,51
523.0,2016-10-03 02:39:00,0,0,0,0,51,51
523.0,2016-10-03 02:42:00,0,0,0,0,51,51
523.0,2016-10-03 02:45:00,0,0,0,0,51,51
523.0,2016-10-03 02:48:00,0,0,0,0,51,51
523.0,2016-10-03 02:51:00,0,0,0,0,51,51
523.0,2016-10-03 02:54:00,0,0,0,0,51,51
523.0,2016-10-03 02:57:00,0,0,0,0,51,51
523.0,2016-10-03 03:00:00,0,0,0,0,51,51
523.0,2016-10-03 03:03:00,0,0,0,0,51,51
523.0,2016-10-03 03:06:00,0,0,0,0,51,51
523.0,2016-10-03 03:09:00,0,0,0,0,51,51
523.0,2016-10-03 03:11:00,0,0,0,0,51,51
523.0,2016-10-03 03:14:00,0,0,0,0,51,51
523.0,2016-10-03 03:17:00,0,0,0,0,51,51
523.0,2016-10-03 03:20:00,0,0,0,0,51,51
523.0,2016-10-03 03:23:00,0,0,0,0,51,51
523.0,2016-10-03 03:26:00,0,0,0,0,51,51
523.0,2016-10-03 03:29:00,0,0,0,0,51,51
523.0,2016-10-03 03:32:00,0,0,0,0,51,51
523.0,2016-10-03 03:35:00,0,0,0,0,51,51
523.0,2016-10-03 03:38:00,0,0,0,0,51,51
523.0,2016-10-03 03:41:00,0,0,0,0,51,51
523.0,2016-10-03 03:44:00,0,0,0,0,51,51
523.0,2016-10-03 03:47:00,0,0,0,0,51,51
523.0,2016-10-03 03:50:00,0,0,0,0,51,51
523.0,2016-10-03 03:53:00,0,0,0,0,51,51
523.0,2016-10-03 03:56:00,0,0,0,0,51,51
523.0,2016-10-03 03:59:00,0,0,0,0,51,51
523.0,2016-10-03 04:02:00,0,0,0,0,51,51
523.0,2016-10-03 04:05:00,0,0,0,0,51,51
523.0,2016-10-03 04:08:00,0,0,0,0,51,51
523.0,2016-10-03 04:11:00,0,0,0,0,51,51
523.0,2016-10-03 04:14:00,0,0,0,0,51,51
523.0,2016-10-03 04:17:00,0,0,0,0,51,51
523.0,2016-10-03 04:19:00,0,0,0,0,51,51
523.0,2016-10-03 04:22:00,0,0,0,0,51,51
523.0,2016-10-03 04:25:00,0,0,0,0,51,51
523.0,2016-10-03 04:28:00,0,0,0,0,51,51
523.0,2016-10-03 04:31:00,0,0,0,0,51,51
523.0,2016-10-03 04:34:00,0,0,0,0,51,51
523.0,2016-10-03 04:37:00,0,0,0,0,51,51
523.0,2016-10-03 04:40:00,0,0,0,0,51,51
523.0,2016-10-03 04:43:00,0,0,0,0,51,51
523.0,2016-10-03 04:46:00,0,0,0,0,51,51
523.0,2016-10-03 04:49:00,0,0,0,0,51,51
523.0,2016-10-03 04:51:00,0,0,0,0,51,51
523.0,2016-10-03 04:54:00,0,0,0,0,51,51
523.0,2016-10-03 04:57:00,0,0,0,0,51,51
523.0,2016-10-03 05:00:00,0,0,0,0,51,51
523.0,2016-10-03 05:03:00,0,0,0,0,51,51
523.0,2016-10-03 05:06:00,0,0,0,0,51,51
523.0,2016-10-03 05:09:00,0,0,0,0,51,51
523.0,2016-10-03 05:12:00,0,1,1,1,50,51
523.0,2016-10-03 05:15:00,0,0,0,1,50,51
523.0,2016-10-03 05:18:00,0,0,0,1,50,51
523.0,2016-10-03 05:21:00,0,0,0,1,50,51
523.0,2016-10-03 05:23:00,0,0,0,1,50,51
523.0,2016-10-03 05:26:00,0,0,0,1,50,51
523.0,2016-10-03 05:29:00,0,0,0,1,50,51
523.0,2016-10-03 05:32:00,0,0,0,1,50,51
523.0,2016-10-03 05:35:00,0,0,0,1,50,51
523.0,2016-10-03 05:38:00,0,0,0,1,50,51
523.0,2016-10-03 05:41:00,0,0,0,1,50,51
523.0,2016-10-03 05:44:00,0,1,1,2,49,51
523.0,2016-10-03 05:47:00,0,0,0,2,49,51
523.0,2016-10-03 05:50:00,0,0,0,2,49,51
523.0,2016-10-03 05:53:00,0,0,0,2,49,51
523.0,2016-10-03 05:56:00,0,0,0,2,49,51
523.0,2016-10-03 05:59:00,0,0,0,2,49,51
523.0,2016-10-03 06:02:00,0,0,0,2,49,51
523.0,2016-10-03 06:05:00,0,0,0,2,49,51
523.0,2016-10-03 06:08:00,0,0,0,2,49,51
523.0,2016-10-03 06:11:00,0,1,1,3,48,51
523.0,2016-10-03 06:14:00,0,0,0,3,48,51
523.0,2016-10-03 06:17:00,0,0,0,3,48,51
523.0,2016-10-03 06:20:00,1,0,-1,2,49,51
523.0,2016-10-03 06:23:00,2,0,-2,0,51,51
523.0,2016-10-03 06:26:00,0,0,0,0,51,51
523.0,2016-10-03 06:29:00,0,0,0,0,51,51
523.0,2016-10-03 06:31:00,0,0,0,0,51,51
523.0,2016-10-03 06:34:00,0,0,0,0,51,51
523.0,2016-10-03 06:37:00,1,1,0,0,51,51
523.0,2016-10-03 06:40:00,0,0,0,0,51,51
523.0,2016-10-03 06:43:00,0,0,0,0,51,51
523.0,2016-10-03 06:46:00,0,0,0,0,51,51
523.0,2016-10-03 06:49:00,0,0,0,0,51,51
523.0,2016-10-03 06:52:00,0,0,0,0,51,51
523.0,2016-10-03 06:55:00,0,0,0,0,51,51
523.0,2016-10-03 06:58:00,0,0,0,0,51,51
523.0,2016-10-03 07:01:00,0,0,0,0,51,51
523.0,2016-10-03 07:04:00,0,1,1,1,50,51
523.0,2016-10-03 07:06:00,1,2,1,1,50,51
523.0,2016-10-03 07:09:00,0,0,0,1,50,51
523.0,2016-10-03 07:12:00,1,1,0,1,50,51
523.0,2016-10-03 07:15:00,1,0,-1,0,51,51
523.0,2016-10-03 07:18:00,0,1,1,1,50,51
523.0,2016-10-03 07:21:00,0,0,0,1,50,51
523.0,2016-10-03 07:24:00,1,0,-1,0,51,51
523.0,2016-10-03 07:27:00,0,0,0,0,51,51
523.0,2016-10-03 07:30:00,0,0,0,0,51,51
523.0,2016-10-03 07:33:00,0,0,0,0,51,51
523.0,2016-10-03 07:36:00,0,0,0,0,51,51
523.0,2016-10-03 07:39:00,0,0,0,0,51,51
523.0,2016-10-03 07:41:00,0,1,1,1,50,51
523.0,2016-10-03 07:44:00,0,1,1,2,49,51
523.0,2016-10-03 07:47:00,2,0,-2,0,51,51
523.0,2016-10-03 07:50:00,0,0,0,0,51,51
523.0,2016-10-03 07:53:00,0,0,0,0,51,51
523.0,2016-10-03 07:56:00,0,0,0,0,51,51
523.0,2016-10-03 07:59:00,0,2,2,2,49,51
523.0,2016-10-03 08:02:00,1,1,0,2,49,51
523.0,2016-10-03 08:05:00,1,2,1,3,48,51
523.0,2016-10-03 08:08:00,1,0,-1,2,49,51
523.0,2016-10-03 08:11:00,2,0,-2,0,51,51
523.0,2016-10-03 08:14:00,0,0,0,0,51,51
523.0,2016-10-03 08:17:00,0,0,0,0,51,51
523.0,2016-10-03 08:20:00,1,2,1,1,50,51
523.0,2016-10-03 08:23:00,1,1,0,1,50,51
523.0,2016-10-03 08:26:00,0,0,0,1,50,51
523.0,2016-10-03 08:29:00,1,1,0,1,50,51
523.0,2016-10-03 08:32:00,0,0,0,1,50,51
523.0,2016-10-03 08:35:00,3,3,0,1,50,51
523.0,2016-10-03 08:38:00,1,0,-1,0,51,51
523.0,2016-10-03 08:41:00,1,2,1,1,50,51
523.0,2016-10-03 08:44:00,1,3,2,3,48,51
523.0,2016-10-03 08:47:00,3,3,0,3,48,51
523.0,2016-10-03 08:50:00,2,6,4,7,44,51
523.0,2016-10-03 08:52:00,3,5,2,9,42,51
523.0,2016-10-03 08:55:00,4,2,-2,7,44,51
523.0,2016-10-03 08:58:00,5,2,-3,4,47,51
523.0,2016-10-03 09:01:00,2,0,-2,2,49,51
523.0,2016-10-03 09:04:00,1,2,1,3,48,51
523.0,2016-10-03 09:07:00,1,3,2,5,46,51
523.0,2016-10-03 09:10:00,4,4,0,5,46,51
523.0,2016-10-03 09:13:00,1,0,-1,4,47,51
523.0,2016-10-03 09:16:00,3,2,-1,3,48,51
523.0,2016-10-03 09:19:00,2,4,2,5,46,51
523.0,2016-10-03 09:22:00,1,4,3,8,43,51
523.0,2016-10-03 09:25:00,3,1,-2,6,45,51
523.0,2016-10-03 09:28:00,4,1,-3,1,50,51
523.0,2016-10-03 09:31:00,2,2,0,1,50,51
523.0,2016-10-03 09:34:00,3,2,-1,0,51,51
523.0,2016-10-03 09:37:00,2,3,1,1,50,51
523.0,2016-10-03 09:40:00,2,1,-1,0,51,51
523.0,2016-10-03 09:43:00,2,2,0,0,51,51
523.0,2016-10-03 09:46:00,0,0,0,0,51,51
523.0,2016-10-03 09:49:00,1,2,1,1,50,51
523.0,2016-10-03 09:52:00,3,3,0,1,50,51
523.0,2016-10-03 09:55:00,1,1,0,1,50,51
523.0,2016-10-03 09:58:00,1,3,2,3,48,51
523.0,2016-10-03 10:01:00,5,2,-3,0,51,51
523.0,2016-10-03 10:02:00,4,2,-2,0,51,51
523.0,2016-10-03 10:05:00,0,0,0,0,51,51
523.0,2016-10-03 10:08:00,0,0,0,0,51,51
523.0,2016-10-03 10:11:00,1,1,0,0,51,51
523.0,2016-10-03 10:14:00,0,0,0,0,51,51
523.0,2016-10-03 10:17:00,0,1,1,1,50,51
523.0,2016-10-03 10:20:00,0,1,1,2,49,51
523.0,2016-10-03 10:23:00,0,2,2,4,47,51
523.0,2016-10-03 10:26:00,0,0,0,4,47,51
523.0,2016-10-03 10:29:00,0,2,2,6,45,51
523.0,2016-10-03 10:32:00,0,0,0,6,45,51
523.0,2016-10-03 10:35:00,0,2,2,8,43,51
523.0,2016-10-03 10:36:00,0,2,2,8,43,51
523.0,2016-10-03 10:39:00,1,0,-1,7,44,51
523.0,2016-10-03 10:42:00,1,0,-1,6,45,51
523.0,2016-10-03 10:45:00,1,0,-1,5,46,51
523.0,2016-10-03 10:48:00,1,1,0,5,46,51
523.0,2016-10-03 10:51:00,0,1,1,6,45,51
523.0,2016-10-03 10:54:00,0,0,0,6,45,51
523.0,2016-10-03 10:57:00,1,0,-1,5,46,51
523.0,2016-10-03 11:00:00,1,1,0,5,46,51
523.0,2016-10-03 11:03:00,1,0,-1,4,47,51
523.0,2016-10-03 11:06:00,0,0,0,4,47,51
523.0,2016-10-03 11:09:00,0,0,0,4,47,51
523.0,2016-10-03 11:10:00,0,0,0,4,47,51
523.0,2016-10-03 11:13:00,2,0,-2,2,49,51
523.0,2016-10-03 11:16:00,1,0,-1,1,50,51
523.0,2016-10-03 11:19:00,0,0,0,1,50,51
523.0,2016-10-03 11:22:00,0,1,1,2,49,51
523.0,2016-10-03 11:25:00,0,0,0,2,49,51
523.0,2016-10-03 11:28:00,0,1,1,3,48,51
523.0,2016-10-03 11:31:00,0,0,0,3,48,51
523.0,2016-10-03 11:34:00,1,0,-1,2,49,51
523.0,2016-10-03 11:37:00,0,0,0,2,49,51
523.0,2016-10-03 11:40:00,0,0,0,2,49,51
523.0,2016-10-03 11:43:00,1,1,0,2,49,51
523.0,2016-10-03 11:46:00,1,0,-1,0,51,51
523.0,2016-10-03 11:49:00,0,3,3,3,48,51
523.0,2016-10-03 11:52:00,0,0,0,3,48,51
523.0,2016-10-03 11:55:00,0,0,0,3,48,51
523.0,2016-10-03 11:58:00,2,0,-2,1,50,51
523.0,2016-10-03 12:00:00,1,0,-1,0,51,51
523.0,2016-10-03 12:03:00,2,0,-2,0,51,51
523.0,2016-10-03 12:06:00,0,0,0,0,51,51
523.0,2016-10-03 12:09:00,0,1,1,1,50,51
523.0,2016-10-03 12:12:00,0,0,0,1,50,51
523.0,2016-10-03 12:15:00,2,1,-1,0,51,51
523.0,2016-10-03 12:18:00,1,1,0,0,51,51
523.0,2016-10-03 12:21:00,0,0,0,0,51,51
523.0,2016-10-03 12:24:00,0,1,1,1,50,51
523.0,2016-10-03 12:27:00,1,1,0,1,50,51
523.0,2016-10-03 12:30:00,1,1,0,1,50,51
523.0,2016-10-03 12:33:00,2,1,-1,0,51,51
523.0,2016-10-03 12:36:00,0,1,1,1,50,51
523.0,2016-10-03 12:39:00,1,0,-1,0,51,51
523.0,2016-10-03 12:42:00,0,0,0,0,51,51
523.0,2016-10-03 12:45:00,0,0,0,0,51,51
523.0,2016-10-03 12:48:00,0,0,0,0,51,51
523.0,2016-10-03 12:51:00,0,3,3,3,48,51
523.0,2016-10-03 12:54:00,1,1,0,3,48,51
523.0,2016-10-03 12:57:00,1,1,0,3,48,51
523.0,2016-10-03 13:00:00,1,0,-1,2,49,51
523.0,2016-10-03 13:03:00,0,2,2,4,47,51
523.0,2016-10-03 13:06:00,0,0,0,4,47,51
523.0,2016-10-03 13:09:00,2,0,-2,2,49,51
523.0,2016-10-03 13:12:00,2,0,-2,0,51,51
523.0,2016-10-03 13:15:00,0,0,0,0,51,51
523.0,2016-10-03 13:18:00,0,0,0,0,51,51
523.0,2016-10-03 13:21:00,0,0,0,0,51,51
523.0,2016-10-03 13:24:00,0,2,2,2,49,51
523.0,2016-10-03 13:27:00,0,0,0,2,49,51
523.0,2016-10-03 13:28:00,0,0,0,3,48,51
523.0,2016-10-03 13:31:00,1,0,-1,2,49,51
523.0,2016-10-03 13:34:00,0,0,0,2,49,51
523.0,2016-10-03 13:37:00,0,0,0,2,49,51
523.0,2016-10-03 13:40:00,1,0,-1,1,50,51
523.0,2016-10-03 13:43:00,0,0,0,1,50,51
523.0,2016-10-03 13:46:00,1,1,0,1,50,51
523.0,2016-10-03 13:49:00,0,0,0,1,50,51
523.0,2016-10-03 13:52:00,0,1,1,2,49,51
523.0,2016-10-03 13:55:00,0,0,0,2,49,51
523.0,2016-10-03 13:58:00,0,0,0,2,49,51
523.0,2016-10-03 14:01:00,0,0,0,2,49,51
523.0,2016-10-03 14:04:00,0,0,0,2,49,51
523.0,2016-10-03 14:07:00,0,0,0,2,49,51
523.0,2016-10-03 14:10:00,2,0,-2,0,51,51
523.0,2016-10-03 14:13:00,0,0,0,0,51,51
523.0,2016-10-03 14:16:00,0,0,0,0,51,51
523.0,2016-10-03 14:19:00,0,0,0,0,51,51
523.0,2016-10-03 14:22:00,0,0,0,0,51,51
523.0,2016-10-03 14:25:00,0,0,0,0,51,51
523.0,2016-10-03 14:28:00,0,0,0,0,51,51
523.0,2016-10-03 14:31:00,0,1,1,1,50,51
523.0,2016-10-03 14:34:00,0,0,0,1,50,51
523.0,2016-10-03 14:37:00,0,0,0,1,50,51
523.0,2016-10-03 14:40:00,0,0,0,1,50,51
523.0,2016-10-03 14:41:00,0,0,0,1,50,51
523.0,2016-10-03 14:44:00,1,0,-1,0,51,51
523.0,2016-10-03 14:47:00,1,2,1,1,50,51
523.0,2016-10-03 14:50:00,0,1,1,2,49,51
523.0,2016-10-03 14:53:00,1,0,-1,1,50,51
523.0,2016-10-03 14:56:00,0,1,1,2,49,51
523.0,2016-10-03 14:59:00,0,2,2,4,47,51
523.0,2016-10-03 15:02:00,0,1,1,5,46,51
523.0,2016-10-03 15:05:00,0,0,0,5,46,51
523.0,2016-10-03 15:08:00,0,1,1,6,45,51
523.0,2016-10-03 15:11:00,0,1,1,7,44,51
523.0,2016-10-03 15:14:00,2,2,0,7,44,51
523.0,2016-10-03 15:17:00,1,1,0,7,44,51
523.0,2016-10-03 15:19:00,0,1,1,8,43,51
523.0,2016-10-03 15:22:00,0,0,0,8,43,51
523.0,2016-10-03 15:25:00,1,3,2,10,41,51
523.0,2016-10-03 15:28:00,1,0,-1,9,42,51
523.0,2016-10-03 15:31:00,0,1,1,10,41,51
523.0,2016-10-03 15:34:00,4,0,-4,6,45,51
523.0,2016-10-03 15:37:00,1,0,-1,5,46,51
523.0,2016-10-03 15:40:00,0,1,1,6,45,51
523.0,2016-10-03 15:43:00,1,3,2,8,43,51
523.0,2016-10-03 15:46:00,0,1,1,9,42,51
523.0,2016-10-03 15:49:00,0,1,1,10,41,51
523.0,2016-10-03 15:52:00,0,1,1,11,40,51
523.0,2016-10-03 15:55:00,1,2,1,12,39,51
523.0,2016-10-03 15:57:00,2,2,0,11,40,51
523.0,2016-10-03 16:00:00,2,3,1,12,39,51
523.0,2016-10-03 16:03:00,0,0,0,12,39,51
523.0,2016-10-03 16:06:00,1,1,0,12,39,51
523.0,2016-10-03 16:09:00,0,0,0,12,39,51
523.0,2016-10-03 16:12:00,1,0,-1,11,40,51
523.0,2016-10-03 16:15:00,1,0,-1,10,41,51
523.0,2016-10-03 16:18:00,1,1,0,10,41,51
523.0,2016-10-03 16:21:00,0,2,2,12,39,51
523.0,2016-10-03 16:24:00,1,2,1,13,38,51
523.0,2016-10-03 16:27:00,1,0,-1,12,39,51
523.0,2016-10-03 16:30:00,0,1,1,13,38,51
523.0,2016-10-03 16:33:00,1,0,-1,12,39,51
523.0,2016-10-03 16:35:00,1,0,-1,10,41,51
523.0,2016-10-03 16:38:00,2,2,0,10,41,51
523.0,2016-10-03 16:41:00,1,3,2,12,39,51
523.0,2016-10-03 16:44:00,0,6,6,18,33,51
523.0,2016-10-03 16:47:00,0,0,0,18,33,51
523.0,2016-10-03 16:50:00,0,1,1,19,32,51
523.0,2016-10-03 16:53:00,1,1,0,19,32,51
523.0,2016-10-03 16:56:00,2,1,-1,18,33,51
523.0,2016-10-03 16:59:00,0,1,1,19,32,51
523.0,2016-10-03 17:02:00,1,1,0,19,32,51
523.0,2016-10-03 17:05:00,3,0,-3,16,35,51
523.0,2016-10-03 17:08:00,5,1,-4,12,39,51
523.0,2016-10-03 17:11:00,2,2,0,12,39,51
523.0,2016-10-03 17:14:00,1,3,2,14,37,51
523.0,2016-10-03 17:17:00,2,3,1,15,36,51
523.0,2016-10-03 17:20:00,2,3,1,16,35,51
523.0,2016-10-03 17:23:00,4,1,-3,13,38,51
523.0,2016-10-03 17:26:00,1,2,1,14,37,51
523.0,2016-10-03 17:29:00,4,5,1,15,36,51
523.0,2016-10-03 17:32:00,4,3,-1,14,37,51
523.0,2016-10-03 17:35:00,2,0,-2,12,39,51
523.0,2016-10-03 17:38:00,0,6,6,18,33,51
523.0,2016-10-03 17:41:00,3,6,3,21,30,51
523.0,2016-10-03 17:44:00,1,4,3,24,27,51
523.0,2016-10-03 17:47:00,3,5,2,26,25,51
523.0,2016-10-03 17:50:00,1,3,2,28,23,51
523.0,2016-10-03 17:53:00,2,7,5,33,18,51
523.0,2016-10-03 17:55:00,0,3,3,35,16,51
523.0,2016-10-03 17:58:00,1,3,2,37,14,51
523.0,2016-10-03 18:01:00,3,8,5,42,9,51
523.0,2016-10-03 18:04:00,3,3,0,42,9,51
523.0,2016-10-03 18:07:00,3,3,0,42,9,51
523.0,2016-10-03 18:10:00,2,6,4,46,5,51
523.0,2016-10-03 18:13:00,2,0,-2,44,7,51
523.0,2016-10-03 18:16:00,4,1,-3,41,10,51
523.0,2016-10-03 18:19:00,4,6,2,43,8,51
523.0,2016-10-03 18:22:00,4,6,2,45,6,51
523.0,2016-10-03 18:25:00,1,4,3,48,3,51
523.0,2016-10-03 18:28:00,4,1,-3,45,6,51
523.0,2016-10-03 18:31:00,1,1,0,45,6,51
523.0,2016-10-03 18:34:00,3,1,-2,43,8,51
523.0,2016-10-03 18:37:00,2,3,1,44,7,51
523.0,2016-10-03 18:40:00,3,1,-2,42,9,51
523.0,2016-10-03 18:42:00,1,4,3,44,7,51
523.0,2016-10-03 18:45:00,3,2,-1,43,8,51
523.0,2016-10-03 18:48:00,2,1,-1,42,9,51
523.0,2016-10-03 18:51:00,3,0,-3,39,12,51
523.0,2016-10-03 18:54:00,0,0,0,39,12,51
523.0,2016-10-03 18:57:00,1,1,0,39,12,51
523.0,2016-10-03 19:00:00,2,4,2,41,10,51
523.0,2016-10-03 19:03:00,2,0,-2,39,12,51
523.0,2016-10-03 19:06:00,1,1,0,39,12,51
523.0,2016-10-03 19:09:00,1,1,0,39,12,51
523.0,2016-10-03 19:12:00,3,2,-1,38,13,51
523.0,2016-10-03 19:15:00,3,2,-1,37,14,51
523.0,2016-10-03 19:18:00,2,1,-1,36,15,51
523.0,2016-10-03 19:21:00,4,1,-3,31,20,51
523.0,2016-10-03 19:24:00,3,1,-2,29,22,51
523.0,2016-10-03 19:27:00,1,1,0,29,22,51
523.0,2016-10-03 19:30:00,0,0,0,29,22,51
523.0,2016-10-03 19:33:00,3,0,-3,26,25,51
523.0,2016-10-03 19:36:00,0,0,0,26,25,51
523.0,2016-10-03 19:39:00,0,0,0,26,25,51
523.0,2016-10-03 19:42:00,0,0,0,26,25,51
523.0,2016-10-03 19:45:00,0,0,0,26,25,51
523.0,2016-10-03 19:48:00,1,0,-1,25,26,51
523.0,2016-10-03 19:51:00,0,1,1,26,25,51
523.0,2016-10-03 19:54:00,0,1,1,27,24,51
523.0,2016-10-03 19:55:00,0,1,1,29,22,51
523.0,2016-10-03 19:58:00,0,0,0,29,22,51
523.0,2016-10-03 20:01:00,0,0,0,29,22,51
523.0,2016-10-03 20:04:00,0,0,0,29,22,51
523.0,2016-10-03 20:07:00,2,0,-2,27,24,51
523.0,2016-10-03 20:10:00,0,1,1,28,23,51
523.0,2016-10-03 20:13:00,0,0,0,28,23,51
523.0,2016-10-03 20:16:00,0,2,2,30,21,51
523.0,2016-10-03 20:19:00,2,1,-1,29,22,51
523.0,2016-10-03 20:22:00,2,1,-1,28,23,51
523.0,2016-10-03 20:25:00,1,0,-1,27,24,51
523.0,2016-10-03 20:28:00,1,3,2,29,22,51
523.0,2016-10-03 20:30:00,0,2,2,30,21,51
523.0,2016-10-03 20:33:00,0,1,1,31,20,51
523.0,2016-10-03 20:36:00,0,2,2,33,18,51
523.0,2016-10-03 20:39:00,1,0,-1,32,19,51
523.0,2016-10-03 20:42:00,0,0,0,32,19,51
523.0,2016-10-03 20:45:00,0,0,0,32,19,51
523.0,2016-10-03 20:48:00,0,0,0,32,19,51
523.0,2016-10-03 20:51:00,0,0,0,32,19,51
523.0,2016-10-03 20:54:00,0,0,0,32,19,51
523.0,2016-10-03 20:57:00,0,1,1,33,18,51
523.0,2016-10-03 21:00:00,0,2,2,35,16,51
523.0,2016-10-03 21:03:00,0,0,0,35,16,51
523.0,2016-10-03 21:06:00,0,1,1,36,15,51
523.0,2016-10-03 21:09:00,0,0,0,36,15,51
523.0,2016-10-03 21:12:00,0,0,0,36,15,51
523.0,2016-10-03 21:15:00,1,1,0,36,15,51
523.0,2016-10-03 21:18:00,0,1,1,37,14,51
523.0,2016-10-03 21:21:00,0,1,1,38,13,51
523.0,2016-10-03 21:24:00,0,0,0,38,13,51
523.0,2016-10-03 21:27:00,2,0,-2,36,15,51
523.0,2016-10-03 21:30:00,0,0,0,36,15,51
523.0,2016-10-03 21:33:00,0,0,0,36,15,51
523.0,2016-10-03 21:36:00,1,0,-1,35,16,51
523.0,2016-10-03 21:37:00,1,0,-1,35,16,51
523.0,2016-10-03 21:40:00,0,0,0,35,16,51
523.0,2016-10-03 21:43:00,0,2,2,37,14,51
523.0,2016-10-03 21:46:00,3,1,-2,35,16,51
523.0,2016-10-03 21:49:00,1,0,-1,34,17,51
523.0,2016-10-03 21:52:00,0,2,2,36,15,51
523.0,2016-10-03 21:55:00,0,2,2,38,13,51
523.0,2016-10-03 21:58:00,0,0,0,38,13,51
523.0,2016-10-03 22:01:00,0,0,0,38,13,51
523.0,2016-10-03 22:04:00,0,1,1,39,12,51
523.0,2016-10-03 22:07:00,0,1,1,40,11,51
523.0,2016-10-03 22:10:00,2,0,-2,37,14,51
523.0,2016-10-03 22:13:00,0,0,0,37,14,51
523.0,2016-10-03 22:16:00,0,0,0,37,14,51
523.0,2016-10-03 22:19:00,0,0,0,37,14,51
523.0,2016-10-03 22:22:00,1,0,-1,36,15,51
523.0,2016-10-03 22:25:00,1,0,-1,35,16,51
523.0,2016-10-03 22:28:00,0,0,0,35,16,51
523.0,2016-10-03 22:31:00,0,0,0,35,16,51
523.0,2016-10-03 22:34:00,1,0,-1,34,17,51
523.0,2016-10-03 22:36:00,0,0,0,35,16,51
523.0,2016-10-03 22:39:00,0,0,0,35,16,51
523.0,2016-10-03 22:42:00,0,0,0,35,16,51
523.0,2016-10-03 22:45:00,0,0,0,35,16,51
523.0,2016-10-03 22:48:00,0,0,0,35,16,51
523.0,2016-10-03 22:51:00,0,0,0,35,16,51
523.0,2016-10-03 22:54:00,0,0,0,35,16,51
523.0,2016-10-03 22:57:00,0,0,0,35,16,51
523.0,2016-10-03 23:00:00,0,0,0,35,16,51
523.0,2016-10-03 23:03:00,1,1,0,35,16,51
523.0,2016-10-03 23:06:00,0,1,1,36,15,51
523.0,2016-10-03 23:09:00,0,0,0,36,15,51
523.0,2016-10-03 23:12:00,0,0,0,36,15,51
523.0,2016-10-03 23:15:00,0,0,0,36,15,51
523.0,2016-10-03 23:18:00,1,0,-1,35,16,51
523.0,2016-10-03 23:21:00,0,0,0,35,16,51
523.0,2016-10-03 23:24:00,0,0,0,35,16,51
523.0,2016-10-03 23:27:00,0,0,0,35,16,51
523.0,2016-10-03 23:30:00,0,0,0,35,16,51
523.0,2016-10-03 23:33:00,0,0,0,35,16,51
523.0,2016-10-03 23:36:00,0,0,0,35,16,51
523.0,2016-10-03 23:39:00,0,0,0,35,16,51
523.0,2016-10-03 23:42:00,0,0,0,35,16,51
523.0,2016-10-03 23:45:00,0,0,0,35,16,51
523.0,2016-10-03 23:48:00,0,1,1,36,15,51
523.0,2016-10-03 23:51:00,0,0,0,36,15,51
523.0,2016-10-03 23:54:00,0,0,0,36,15,51
523.0,2016-10-03 23:57:00,0,0,0,36,15,51
523.0,2016-10-04 00:00:00,0,0,0,36,15,51
523.0,2016-10-04 00:03:00,0,0,0,36,15,51
523.0,2016-10-04 00:06:00,0,1,1,37,14,51
523.0,2016-10-04 00:09:00,0,0,0,37,14,51
523.0,2016-10-04 00:12:00,0,0,0,37,14,51
523.0,2016-10-04 00:15:00,0,0,0,37,14,51
523.0,2016-10-04 00:18:00,0,0,0,37,14,51
523.0,2016-10-04 00:20:00,0,0,0,0,51,51
523.0,2016-10-04 00:23:00,0,0,0,0,51,51
523.0,2016-10-04 00:26:00,0,0,0,0,51,51
523.0,2016-10-04 00:29:00,0,0,0,0,51,51
523.0,2016-10-04 00:32:00,0,0,0,0,51,51
523.0,2016-10-04 00:35:00,0,1,1,1,50,51
523.0,2016-10-04 00:38:00,0,0,0,1,50,51
523.0,2016-10-04 00:41:00,1,0,-1,0,51,51
523.0,2016-10-04 00:44:00,0,0,0,0,51,51
523.0,2016-10-04 00:47:00,0,0,0,0,51,51
523.0,2016-10-04 00:50:00,0,0,0,0,51,51
523.0,2016-10-04 00:53:00,0,0,0,0,51,51
523.0,2016-10-04 00:54:00,0,0,0,2,49,51
523.0,2016-10-04 00:57:00,0,0,0,2,49,51
523.0,2016-10-04 01:00:00,0,0,0,2,49,51
523.0,2016-10-04 01:03:00,0,0,0,2,49,51
523.0,2016-10-04 01:06:00,0,0,0,2,49,51
523.0,2016-10-04 01:09:00,0,0,0,2,49,51
523.0,2016-10-04 01:12:00,0,0,0,2,49,51
523.0,2016-10-04 01:15:00,0,0,0,2,49,51
523.0,2016-10-04 01:18:00,0,0,0,2,49,51
523.0,2016-10-04 01:19:00,0,0,0,38,13,51
523.0,2016-10-04 01:22:00,0,0,0,38,13,51
523.0,2016-10-04 01:25:00,0,0,0,38,13,51
523.0,2016-10-04 01:28:00,0,0,0,38,13,51
523.0,2016-10-04 01:31:00,0,0,0,38,13,51
523.0,2016-10-04 01:34:00,0,0,0,38,13,51
523.0,2016-10-04 01:37:00,0,0,0,38,13,51
523.0,2016-10-04 01:40:00,1,0,-1,37,14,51
523.0,2016-10-04 01:43:00,0,0,0,37,14,51
523.0,2016-10-04 01:46:00,0,0,0,37,14,51
523.0,2016-10-04 01:49:00,0,0,0,37,14,51
523.0,2016-10-04 01:50:00,0,0,0,37,14,51
523.0,2016-10-04 01:53:00,0,0,0,37,14,51
523.0,2016-10-04 01:56:00,0,0,0,37,14,51
523.0,2016-10-04 01:59:00,0,0,0,37,14,51
523.0,2016-10-04 02:02:00,0,0,0,37,14,51
523.0,2016-10-04 02:05:00,0,0,0,37,14,51
523.0,2016-10-04 02:08:00,0,0,0,37,14,51
523.0,2016-10-04 02:11:00,0,0,0,37,14,51
523.0,2016-10-04 02:14:00,0,1,1,38,13,51
523.0,2016-10-04 02:17:00,0,0,0,38,13,51
523.0,2016-10-04 02:20:00,0,0,0,38,13,51
523.0,2016-10-04 02:22:00,0,0,0,38,13,51
523.0,2016-10-04 02:25:00,0,0,0,38,13,51
523.0,2016-10-04 02:28:00,0,0,0,38,13,51
523.0,2016-10-04 02:31:00,0,0,0,38,13,51
523.0,2016-10-04 02:34:00,0,0,0,38,13,51
523.0,2016-10-04 02:37:00,0,0,0,38,13,51
523.0,2016-10-04 02:40:00,0,0,0,38,13,51
523.0,2016-10-04 02:43:00,0,0,0,38,13,51
523.0,2016-10-04 02:46:00,0,0,0,38,13,51
523.0,2016-10-04 02:49:00,0,0,0,38,13,51
523.0,2016-10-04 02:52:00,0,0,0,38,13,51
523.0,2016-10-04 02:53:00,0,0,0,38,13,51
523.0,2016-10-04 02:56:00,0,0,0,38,13,51
523.0,2016-10-04 02:59:00,0,0,0,38,13,51
523.0,2016-10-04 03:02:00,0,0,0,38,13,51
523.0,2016-10-04 03:05:00,0,0,0,38,13,51
523.0,2016-10-04 03:08:00,0,0,0,38,13,51
523.0,2016-10-04 03:11:00,0,0,0,38,13,51
523.0,2016-10-04 03:14:00,0,0,0,38,13,51
523.0,2016-10-04 03:17:00,0,0,0,38,13,51
523.0,2016-10-04 03:20:00,0,0,0,38,13,51
523.0,2016-10-04 03:23:00,0,0,0,38,13,51
523.0,2016-10-04 03:26:00,0,0,0,38,13,51
523.0,2016-10-04 03:29:00,0,0,0,38,13,51
523.0,2016-10-04 03:31:00,0,0,0,38,13,51
523.0,2016-10-04 03:34:00,0,0,0,38,13,51
523.0,2016-10-04 03:37:00,0,0,0,38,13,51
523.0,2016-10-04 03:40:00,0,0,0,38,13,51
523.0,2016-10-04 03:43:00,0,0,0,38,13,51
523.0,2016-10-04 03:46:00,0,0,0,38,13,51
523.0,2016-10-04 03:49:00,0,0,0,38,13,51
523.0,2016-10-04 03:52:00,0,0,0,38,13,51
523.0,2016-10-04 03:55:00,0,0,0,38,13,51
523.0,2016-10-04 03:58:00,0,0,0,38,13,51
523.0,2016-10-04 04:01:00,0,0,0,38,13,51
523.0,2016-10-04 04:03:00,0,0,0,38,13,51
523.0,2016-10-04 04:06:00,0,0,0,38,13,51
523.0,2016-10-04 04:09:00,0,0,0,38,13,51
523.0,2016-10-04 04:12:00,0,0,0,38,13,51
523.0,2016-10-04 04:15:00,0,0,0,38,13,51
523.0,2016-10-04 04:18:00,0,0,0,38,13,51
523.0,2016-10-04 04:21:00,0,0,0,38,13,51
523.0,2016-10-04 04:24:00,0,1,1,39,12,51
523.0,2016-10-04 04:27:00,0,0,0,39,12,51
523.0,2016-10-04 04:30:00,0,0,0,39,12,51
523.0,2016-10-04 04:33:00,0,0,0,39,12,51
523.0,2016-10-04 04:34:00,0,0,0,39,12,51
523.0,2016-10-04 04:37:00,0,0,0,39,12,51
523.0,2016-10-04 04:40:00,0,0,0,39,12,51
523.0,2016-10-04 04:43:00,0,0,0,39,12,51
523.0,2016-10-04 04:46:00,0,0,0,39,12,51
523.0,2016-10-04 04:49:00,0,0,0,39,12,51
523.0,2016-10-04 04:52:00,0,0,0,39,12,51
523.0,2016-10-04 04:55:00,0,0,0,39,12,51
523.0,2016-10-04 04:58:00,0,0,0,39,12,51
523.0,2016-10-04 05:01:00,0,0,0,39,12,51
523.0,2016-10-04 05:04:00,0,1,1,40,11,51
523.0,2016-10-04 05:06:00,0,0,0,40,11,51
523.0,2016-10-04 05:09:00,0,0,0,40,11,51
523.0,2016-10-04 05:12:00,0,0,0,40,11,51
523.0,2016-10-04 05:15:00,0,0,0,40,11,51
523.0,2016-10-04 05:18:00,0,0,0,40,11,51
523.0,2016-10-04 05:21:00,0,0,0,40,11,51
523.0,2016-10-04 05:24:00,0,0,0,40,11,51
523.0,2016-10-04 05:27:00,0,0,0,40,11,51
523.0,2016-10-04 05:30:00,0,0,0,40,11,51
523.0,2016-10-04 05:33:00,0,0,0,40,11,51
523.0,2016-10-04 05:36:00,0,0,0,40,11,51
523.0,2016-10-04 05:38:00,0,1,1,41,10,51
523.0,2016-10-04 05:41:00,0,0,0,41,10,51
523.0,2016-10-04 05:44:00,0,0,0,41,10,51
523.0,2016-10-04 05:47:00,0,0,0,41,10,51
523.0,2016-10-04 05:50:00,0,0,0,41,10,51
523.0,2016-10-04 05:53:00,1,0,-1,40,11,51
523.0,2016-10-04 05:56:00,0,0,0,40,11,51
523.0,2016-10-04 05:59:00,0,0,0,40,11,51
523.0,2016-10-04 06:02:00,0,0,0,40,11,51
523.0,2016-10-04 06:05:00,0,1,1,41,10,51
523.0,2016-10-04 06:08:00,0,0,0,41,10,51
523.0,2016-10-04 06:11:00,0,0,0,41,10,51
523.0,2016-10-04 06:12:00,0,0,0,41,10,51
523.0,2016-10-04 06:15:00,0,0,0,41,10,51
523.0,2016-10-04 06:18:00,0,0,0,41,10,51
523.0,2016-10-04 06:21:00,1,0,-1,40,11,51
523.0,2016-10-04 06:24:00,0,0,0,40,11,51
523.0,2016-10-04 06:27:00,1,0,-1,39,12,51
523.0,2016-10-04 06:30:00,2,0,-2,37,14,51
523.0,2016-10-04 06:33:00,1,1,0,37,14,51
523.0,2016-10-04 06:36:00,0,0,0,37,14,51
523.0,2016-10-04 06:39:00,1,0,-1,36,15,51
523.0,2016-10-04 06:42:00,2,1,-1,35,16,51
523.0,2016-10-04 06:45:00,1,1,0,35,16,51
523.0,2016-10-04 06:47:00,2,0,-2,33,18,51
523.0,2016-10-04 06:50:00,2,0,-2,31,20,51
523.0,2016-10-04 06:53:00,0,0,0,31,20,51
523.0,2016-10-04 06:56:00,1,0,-1,30,21,51
523.0,2016-10-04 06:59:00,1,0,-1,29,22,51
523.0,2016-10-04 07:02:00,0,1,1,30,21,51
523.0,2016-10-04 07:05:00,2,1,-1,29,22,51
523.0,2016-10-04 07:08:00,0,1,1,30,21,51
523.0,2016-10-04 07:11:00,1,1,0,30,21,51
523.0,2016-10-04 07:14:00,5,0,-5,25,26,51
523.0,2016-10-04 07:17:00,0,0,0,25,26,51
523.0,2016-10-04 07:20:00,0,0,0,25,26,51
523.0,2016-10-04 07:22:00,3,1,-2,23,28,51
523.0,2016-10-04 07:25:00,1,0,-1,22,29,51
523.0,2016-10-04 07:28:00,3,0,-3,19,32,51
523.0,2016-10-04 07:31:00,3,0,-3,16,35,51
523.0,2016-10-04 07:34:00,1,0,-1,15,36,51
523.0,2016-10-04 07:37:00,0,0,0,15,36,51
523.0,2016-10-04 07:40:00,2,1,-1,14,37,51
523.0,2016-10-04 07:43:00,1,0,-1,13,38,51
523.0,2016-10-04 07:46:00,1,0,-1,12,39,51
523.0,2016-10-04 07:49:00,5,1,-4,8,43,51
523.0,2016-10-04 07:52:00,1,0,-1,7,44,51
523.0,2016-10-04 07:55:00,1,0,-1,6,45,51
523.0,2016-10-04 07:58:00,2,2,0,6,45,51
523.0,2016-10-04 08:01:00,2,1,-1,5,46,51
523.0,2016-10-04 08:04:00,2,1,-1,4,47,51
523.0,2016-10-04 08:07:00,2,1,-1,3,48,51
523.0,2016-10-04 08:10:00,2,1,-1,2,49,51
523.0,2016-10-04 08:13:00,1,3,2,4,47,51
523.0,2016-10-04 08:16:00,3,2,-1,3,48,51
523.0,2016-10-04 08:19:00,5,3,-2,1,50,51
523.0,2016-10-04 08:22:00,3,4,1,2,49,51
523.0,2016-10-04 08:23:00,2,2,0,0,51,51
523.0,2016-10-04 08:26:00,0,2,2,2,49,51
523.0,2016-10-04 08:29:00,1,0,-1,1,50,51
523.0,2016-10-04 08:32:00,2,1,-1,0,51,51
523.0,2016-10-04 08:35:00,1,3,2,2,49,51
523.0,2016-10-04 08:38:00,0,0,0,2,49,51
523.0,2016-10-04 08:41:00,0,2,2,4,47,51
523.0,2016-10-04 08:44:00,1,1,0,4,47,51
523.0,2016-10-04 08:47:00,4,1,-3,1,50,51
523.0,2016-10-04 08:50:00,4,6,2,3,48,51
523.0,2016-10-04 08:53:00,1,3,2,5,46,51
523.0,2016-10-04 08:56:00,0,1,1,6,45,51
523.0,2016-10-04 08:59:00,3,1,-2,4,47,51
523.0,2016-10-04 09:02:00,2,6,4,8,43,51
523.0,2016-10-04 09:05:00,2,2,0,8,43,51
523.0,2016-10-04 09:08:00,2,2,0,8,43,51
523.0,2016-10-04 09:11:00,2,4,2,10,41,51
523.0,2016-10-04 09:12:00,5,3,-2,6,45,51
523.0,2016-10-04 09:15:00,1,2,1,7,44,51
523.0,2016-10-04 09:18:00,2,3,1,8,43,51
523.0,2016-10-04 09:21:00,3,2,-1,7,44,51
523.0,2016-10-04 09:24:00,0,5,5,12,39,51
523.0,2016-10-04 09:27:00,1,2,1,13,38,51
523.0,2016-10-04 09:30:00,1,2,1,14,37,51
523.0,2016-10-04 09:33:00,3,0,-3,11,40,51
523.0,2016-10-04 09:36:00,2,2,0,11,40,51
523.0,2016-10-04 09:39:00,3,2,-1,10,41,51
523.0,2016-10-04 09:42:00,1,0,-1,9,42,51
523.0,2016-10-04 09:45:00,4,3,-1,8,43,51
523.0,2016-10-04 09:46:00,2,3,1,7,44,51
523.0,2016-10-04 09:49:00,5,1,-4,3,48,51
523.0,2016-10-04 09:52:00,4,4,0,3,48,51
523.0,2016-10-04 09:55:00,1,1,0,3,48,51
523.0,2016-10-04 09:58:00,0,2,2,5,46,51
523.0,2016-10-04 10:01:00,3,4,1,6,45,51
523.0,2016-10-04 10:04:00,3,0,-3,3,48,51
523.0,2016-10-04 10:07:00,1,2,1,4,47,51
523.0,2016-10-04 10:10:00,2,1,-1,3,48,51
523.0,2016-10-04 10:13:00,0,1,1,4,47,51
523.0,2016-10-04 10:16:00,1,0,-1,3,48,51
523.0,2016-10-04 10:19:00,0,2,2,5,46,51
523.0,2016-10-04 10:22:00,1,3,2,7,44,51
523.0,2016-10-04 10:25:00,1,0,-1,6,45,51
523.0,2016-10-04 10:28:00,0,0,0,6,45,51
523.0,2016-10-04 10:31:00,1,1,0,6,45,51
523.0,2016-10-04 10:34:00,1,1,0,6,45,51
523.0,2016-10-04 10:37:00,0,0,0,6,45,51
523.0,2016-10-04 10:40:00,0,0,0,6,45,51
523.0,2016-10-04 10:43:00,0,0,0,6,45,51
523.0,2016-10-04 10:46:00,1,1,0,6,45,51
523.0,2016-10-04 10:49:00,2,2,0,6,45,51
523.0,2016-10-04 10:52:00,2,0,-2,3,48,51
523.0,2016-10-04 10:55:00,5,3,-2,1,50,51
523.0,2016-10-04 10:58:00,2,0,-2,0,51,51
523.0,2016-10-04 11:01:00,0,0,0,0,51,51
523.0,2016-10-04 11:04:00,2,1,-1,0,51,51
523.0,2016-10-04 11:07:00,0,1,1,1,50,51
523.0,2016-10-04 11:10:00,1,1,0,1,50,51
523.0,2016-10-04 11:13:00,1,0,-1,0,51,51
523.0,2016-10-04 11:16:00,0,0,0,0,51,51
523.0,2016-10-04 11:19:00,0,0,0,0,51,51
523.0,2016-10-04 11:22:00,0,1,1,1,50,51
523.0,2016-10-04 11:25:00,1,0,-1,0,51,51
523.0,2016-10-04 11:26:00,1,1,0,1,50,51
523.0,2016-10-04 11:29:00,0,0,0,1,50,51
523.0,2016-10-04 11:32:00,1,0,-1,0,51,51
523.0,2016-10-04 11:35:00,0,0,0,0,51,51
523.0,2016-10-04 11:38:00,0,1,1,1,50,51
523.0,2016-10-04 11:41:00,0,1,1,2,49,51
523.0,2016-10-04 11:44:00,0,0,0,2,49,51
523.0,2016-10-04 11:47:00,2,0,-2,0,51,51
523.0,2016-10-04 11:50:00,0,0,0,0,51,51
523.0,2016-10-04 11:53:00,1,2,1,1,50,51
523.0,2016-10-04 11:56:00,0,1,1,2,49,51
523.0,2016-10-04 11:59:00,1,0,-1,1,50,51
523.0,2016-10-04 12:02:00,0,0,0,1,50,51
523.0,2016-10-04 12:05:00,1,0,-1,0,51,51
523.0,2016-10-04 12:08:00,0,0,0,0,51,51
523.0,2016-10-04 12:11:00,0,0,0,0,51,51
523.0,2016-10-04 12:14:00,0,0,0,37,14,51
523.0,2016-10-04 12:17:00,0,0,0,37,14,51
523.0,2016-10-04 12:20:00,0,0,0,37,14,51
523.0,2016-10-04 12:23:00,0,2,2,39,12,51
523.0,2016-10-04 12:26:00,1,5,4,43,8,51
523.0,2016-10-04 12:29:00,0,0,0,43,8,51
523.0,2016-10-04 12:32:00,0,2,2,45,6,51
523.0,2016-10-04 12:35:00,0,0,0,45,6,51
523.0,2016-10-04 12:38:00,1,3,2,47,4,51
523.0,2016-10-04 12:41:00,1,1,0,47,4,51
523.0,2016-10-04 12:44:00,0,1,1,48,3,51
523.0,2016-10-04 12:47:00,2,0,-2,35,16,51
523.0,2016-10-04 12:50:00,1,0,-1,34,17,51
523.0,2016-10-04 12:53:00,0,1,1,35,16,51
523.0,2016-10-04 12:56:00,2,0,-2,33,18,51
523.0,2016-10-04 12:59:00,2,0,-2,31,20,51
523.0,2016-10-04 13:02:00,0,0,0,31,20,51
523.0,2016-10-04 13:05:00,0,0,0,31,20,51
523.0,2016-10-04 13:08:00,1,1,0,31,20,51
523.0,2016-10-04 13:11:00,1,1,0,5,46,51
523.0,2016-10-04 13:14:00,2,0,-2,3,48,51
523.0,2016-10-04 13:17:00,1,0,-1,2,49,51
523.0,2016-10-04 13:20:00,1,1,0,2,49,51
523.0,2016-10-04 13:23:00,0,1,1,3,48,51
523.0,2016-10-04 13:26:00,1,0,-1,2,49,51
523.0,2016-10-04 13:29:00,2,2,0,2,49,51
523.0,2016-10-04 13:32:00,1,2,1,3,48,51
523.0,2016-10-04 13:35:00,1,0,-1,2,49,51
523.0,2016-10-04 13:38:00,0,0,0,2,49,51
523.0,2016-10-04 13:41:00,1,2,1,3,48,51
523.0,2016-10-04 13:44:00,3,0,-3,0,51,51
523.0,2016-10-04 13:46:00,1,1,0,1,50,51
523.0,2016-10-04 13:49:00,0,1,1,2,49,51
523.0,2016-10-04 13:52:00,0,1,1,3,48,51
523.0,2016-10-04 13:55:00,2,1,-1,2,49,51
523.0,2016-10-04 13:58:00,2,0,-2,0,51,51
523.0,2016-10-04 14:01:00,0,1,1,1,50,51
523.0,2016-10-04 14:04:00,1,0,-1,0,51,51
523.0,2016-10-04 14:07:00,0,0,0,0,51,51
523.0,2016-10-04 14:10:00,0,0,0,0,51,51
523.0,2016-10-04 14:13:00,0,2,2,2,49,51
523.0,2016-10-04 14:16:00,0,1,1,3,48,51
523.0,2016-10-04 14:19:00,0,0,0,3,48,51
523.0,2016-10-04 14:22:00,0,0,0,3,48,51
523.0,2016-10-04 14:25:00,1,1,0,3,48,51
523.0,2016-10-04 14:28:00,0,0,0,3,48,51
523.0,2016-10-04 14:31:00,0,0,0,3,48,51
523.0,2016-10-04 14:34:00,1,3,2,5,46,51
523.0,2016-10-04 14:37:00,1,1,0,5,46,51
523.0,2016-10-04 14:40:00,0,1,1,6,45,51
523.0,2016-10-04 14:43:00,1,1,0,6,45,51
523.0,2016-10-04 14:46:00,2,1,-1,5,46,51
523.0,2016-10-04 14:49:00,3,0,-3,2,49,51
523.0,2016-10-04 14:52:00,2,0,-2,0,51,51
523.0,2016-10-04 14:55:00,0,2,2,2,49,51
523.0,2016-10-04 14:58:00,0,1,1,3,48,51
523.0,2016-10-04 15:01:00,1,1,0,3,48,51
523.0,2016-10-04 15:04:00,1,1,0,3,48,51
523.0,2016-10-04 15:07:00,0,0,0,3,48,51
523.0,2016-10-04 15:10:00,0,0,0,3,48,51
523.0,2016-10-04 15:13:00,0,0,0,3,48,51
523.0,2016-10-04 15:16:00,0,0,0,3,48,51
523.0,2016-10-04 15:19:00,0,1,1,4,47,51
523.0,2016-10-04 15:22:00,1,1,0,4,47,51
523.0,2016-10-04 15:25:00,1,0,-1,3,48,51
523.0,2016-10-04 15:28:00,0,0,0,3,48,51
523.0,2016-10-04 15:31:00,0,0,0,3,48,51
523.0,2016-10-04 15:34:00,0,0,0,3,48,51
523.0,2016-10-04 15:37:00,0,0,0,3,48,51
523.0,2016-10-04 15:40:00,0,2,2,5,46,51
523.0,2016-10-04 15:43:00,0,1,1,6,45,51
523.0,2016-10-04 15:46:00,1,1,0,6,45,51
523.0,2016-10-04 15:49:00,1,0,-1,4,47,51
523.0,2016-10-04 15:52:00,0,3,3,7,44,51
523.0,2016-10-04 15:55:00,0,1,1,8,43,51
523.0,2016-10-04 15:58:00,1,0,-1,7,44,51
523.0,2016-10-04 16:01:00,1,1,0,7,44,51
523.0,2016-10-04 16:04:00,1,0,-1,6,45,51
523.0,2016-10-04 16:07:00,4,0,-4,2,49,51
523.0,2016-10-04 16:10:00,1,0,-1,1,50,51
523.0,2016-10-04 16:13:00,0,1,1,2,49,51
523.0,2016-10-04 16:16:00,0,2,2,4,47,51
523.0,2016-10-04 16:19:00,2,0,-2,2,49,51
523.0,2016-10-04 16:22:00,0,0,0,2,49,51
523.0,2016-10-04 16:25:00,1,4,3,5,46,51
523.0,2016-10-04 16:28:00,0,3,3,8,43,51
523.0,2016-10-04 16:31:00,1,1,0,8,43,51
523.0,2016-10-04 16:34:00,1,0,-1,7,44,51
523.0,2016-10-04 16:37:00,0,2,2,9,42,51
523.0,2016-10-04 16:40:00,0,4,4,13,38,51
523.0,2016-10-04 16:43:00,0,1,1,14,37,51
523.0,2016-10-04 16:46:00,2,2,0,14,37,51
523.0,2016-10-04 16:48:00,2,4,2,16,35,51
523.0,2016-10-04 16:51:00,1,4,3,19,32,51
523.0,2016-10-04 16:54:00,1,0,-1,18,33,51
523.0,2016-10-04 16:57:00,1,3,2,20,31,51
523.0,2016-10-04 17:00:00,4,1,-3,17,34,51
523.0,2016-10-04 17:03:00,3,1,-2,15,36,51
523.0,2016-10-04 17:06:00,1,2,1,16,35,51
523.0,2016-10-04 17:09:00,1,3,2,18,33,51
523.0,2016-10-04 17:12:00,5,3,-2,16,35,51
523.0,2016-10-04 17:15:00,2,1,-1,15,36,51
523.0,2016-10-04 17:18:00,2,3,1,16,35,51
523.0,2016-10-04 17:21:00,1,5,4,20,31,51
523.0,2016-10-04 17:24:00,1,0,-1,19,32,51
523.0,2016-10-04 17:27:00,2,5,3,22,29,51
523.0,2016-10-04 17:30:00,3,5,2,24,27,51
523.0,2016-10-04 17:33:00,3,4,1,25,26,51
523.0,2016-10-04 17:36:00,3,6,3,28,23,51
523.0,2016-10-04 17:39:00,5,0,-5,23,28,51
523.0,2016-10-04 17:42:00,2,2,0,23,28,51
523.0,2016-10-04 17:43:00,1,1,0,21,30,51
523.0,2016-10-04 17:46:00,4,7,3,24,27,51
523.0,2016-10-04 17:49:00,3,3,0,24,27,51
523.0,2016-10-04 17:52:00,4,7,3,27,24,51
523.0,2016-10-04 17:55:00,1,4,3,30,21,51
523.0,2016-10-04 17:58:00,6,3,-3,27,24,51
523.0,2016-10-04 18:01:00,6,8,2,29,22,51
523.0,2016-10-04 18:04:00,3,0,-3,26,25,51
523.0,2016-10-04 18:07:00,3,2,-1,25,26,51
523.0,2016-10-04 18:10:00,8,2,-6,19,32,51
523.0,2016-10-04 18:13:00,1,6,5,24,27,51
523.0,2016-10-04 18:16:00,10,1,-9,15,36,51
523.0,2016-10-04 18:19:00,5,1,-4,11,40,51
523.0,2016-10-04 18:22:00,5,6,1,12,39,51
523.0,2016-10-04 18:25:00,5,1,-4,8,43,51
523.0,2016-10-04 18:28:00,2,2,0,8,43,51
523.0,2016-10-04 18:31:00,3,5,2,10,41,51
523.0,2016-10-04 18:34:00,2,2,0,10,41,51
523.0,2016-10-04 18:35:00,3,4,1,12,39,51
523.0,2016-10-04 18:38:00,2,1,-1,11,40,51
523.0,2016-10-04 18:41:00,4,2,-2,9,42,51
523.0,2016-10-04 18:44:00,1,0,-1,8,43,51
523.0,2016-10-04 18:47:00,2,0,-2,6,45,51
523.0,2016-10-04 18:50:00,2,2,0,6,45,51
523.0,2016-10-04 18:53:00,7,5,-2,4,47,51
523.0,2016-10-04 18:56:00,1,2,1,5,46,51
523.0,2016-10-04 18:59:00,2,1,-1,4,47,51
523.0,2016-10-04 19:02:00,2,1,-1,3,48,51
523.0,2016-10-04 19:05:00,1,2,1,4,47,51
523.0,2016-10-04 19:08:00,1,0,-1,3,48,51
523.0,2016-10-04 19:11:00,0,1,1,4,47,51
523.0,2016-10-04 19:14:00,1,0,-1,3,48,51
523.0,2016-10-04 19:17:00,3,3,0,3,48,51
523.0,2016-10-04 19:20:00,1,1,0,0,51,51
523.0,2016-10-04 19:23:00,1,1,0,0,51,51
523.0,2016-10-04 19:26:00,1,1,0,0,51,51
523.0,2016-10-04 19:29:00,1,4,3,3,48,51
523.0,2016-10-04 19:32:00,1,0,-1,2,49,51
523.0,2016-10-04 19:35:00,1,1,0,2,49,51
523.0,2016-10-04 19:38:00,2,2,0,2,49,51
523.0,2016-10-04 19:41:00,1,0,-1,1,50,51
523.0,2016-10-04 19:44:00,1,0,-1,0,51,51
523.0,2016-10-04 19:47:00,0,1,1,1,50,51
523.0,2016-10-04 19:50:00,2,2,0,1,50,51
523.0,2016-10-04 19:53:00,1,0,-1,0,51,51
523.0,2016-10-04 19:56:00,0,1,1,1,50,51
523.0,2016-10-04 19:59:00,1,0,-1,0,51,51
523.0,2016-10-04 20:02:00,1,1,0,0,51,51
523.0,2016-10-04 20:05:00,1,1,0,0,51,51
523.0,2016-10-04 20:08:00,0,0,0,0,51,51
523.0,2016-10-04 20:11:00,0,0,0,0,51,51
523.0,2016-10-04 20:14:00,0,0,0,0,51,51
523.0,2016-10-04 20:17:00,0,0,0,0,51,51
523.0,2016-10-04 20:20:00,0,0,0,0,51,51
523.0,2016-10-04 20:23:00,0,1,1,1,50,51
523.0,2016-10-04 20:26:00,0,1,1,2,49,51
523.0,2016-10-04 20:29:00,0,3,3,5,46,51
523.0,2016-10-04 20:31:00,0,4,4,7,44,51
523.0,2016-10-04 20:34:00,2,1,-1,6,45,51
523.0,2016-10-04 20:37:00,1,1,0,6,45,51
523.0,2016-10-04 20:40:00,0,0,0,6,45,51
523.0,2016-10-04 20:43:00,1,1,0,6,45,51
523.0,2016-10-04 20:46:00,0,0,0,6,45,51
523.0,2016-10-04 20:49:00,0,0,0,6,45,51
523.0,2016-10-04 20:52:00,0,1,1,7,44,51
523.0,2016-10-04 20:55:00,0,0,0,7,44,51
523.0,2016-10-04 20:58:00,1,1,0,7,44,51
523.0,2016-10-04 21:01:00,1,2,1,8,43,51
523.0,2016-10-04 21:04:00,0,0,0,8,43,51
523.0,2016-10-04 21:05:00,1,0,-1,7,44,51
523.0,2016-10-04 21:08:00,0,0,0,7,44,51
523.0,2016-10-04 21:11:00,0,1,1,8,43,51
523.0,2016-10-04 21:14:00,0,4,4,12,39,51
523.0,2016-10-04 21:17:00,0,1,1,13,38,51
523.0,2016-10-04 21:20:00,1,0,-1,12,39,51
523.0,2016-10-04 21:23:00,1,0,-1,11,40,51
523.0,2016-10-04 21:26:00,1,0,-1,10,41,51
523.0,2016-10-04 21:29:00,1,0,-1,9,42,51
523.0,2016-10-04 21:32:00,0,0,0,9,42,51
523.0,2016-10-04 21:35:00,1,0,-1,8,43,51
523.0,2016-10-04 21:38:00,0,0,0,8,43,51
523.0,2016-10-04 21:40:00,0,0,0,8,43,51
523.0,2016-10-04 21:43:00,0,0,0,8,43,51
523.0,2016-10-04 21:46:00,1,2,1,9,42,51
523.0,2016-10-04 21:49:00,0,0,0,9,42,51
523.0,2016-10-04 21:52:00,0,1,1,10,41,51
523.0,2016-10-04 21:55:00,1,0,-1,9,42,51
523.0,2016-10-04 21:58:00,0,0,0,9,42,51
523.0,2016-10-04 22:01:00,0,0,0,9,42,51
523.0,2016-10-04 22:04:00,0,0,0,9,42,51
523.0,2016-10-04 22:07:00,3,1,-2,7,44,51
523.0,2016-10-04 22:10:00,0,1,1,8,43,51
523.0,2016-10-04 22:13:00,1,0,-1,7,44,51
523.0,2016-10-04 22:14:00,0,0,0,7,44,51
523.0,2016-10-04 22:17:00,0,0,0,7,44,51
523.0,2016-10-04 22:20:00,1,0,-1,6,45,51
523.0,2016-10-04 22:23:00,0,0,0,6,45,51
523.0,2016-10-04 22:26:00,0,0,0,6,45,51
523.0,2016-10-04 22:29:00,0,0,0,6,45,51
523.0,2016-10-04 22:32:00,0,0,0,6,45,51
523.0,2016-10-04 22:35:00,0,0,0,6,45,51
523.0,2016-10-04 22:38:00,0,0,0,6,45,51
523.0,2016-10-04 22:41:00,0,0,0,6,45,51
523.0,2016-10-04 22:44:00,0,1,1,7,44,51
523.0,2016-10-04 22:47:00,0,0,0,7,44,51
523.0,2016-10-04 22:50:00,2,0,-2,5,46,51
523.0,2016-10-04 22:53:00,0,0,0,5,46,51
523.0,2016-10-04 22:56:00,0,0,0,5,46,51
523.0,2016-10-04 22:59:00,2,0,-2,3,48,51
523.0,2016-10-04 23:02:00,0,0,0,3,48,51
523.0,2016-10-04 23:05:00,0,0,0,3,48,51
523.0,2016-10-04 23:08:00,0,1,1,4,47,51
523.0,2016-10-04 23:11:00,0,0,0,4,47,51
523.0,2016-10-04 23:14:00,0,0,0,4,47,51
523.0,2016-10-04 23:17:00,0,0,0,4,47,51
523.0,2016-10-04 23:20:00,0,0,0,4,47,51
523.0,2016-10-04 23:23:00,0,2,2,6,45,51
523.0,2016-10-04 23:26:00,0,0,0,6,45,51
523.0,2016-10-04 23:29:00,0,0,0,6,45,51
523.0,2016-10-04 23:32:00,1,0,-1,5,46,51
523.0,2016-10-04 23:35:00,0,0,0,5,46,51
523.0,2016-10-04 23:38:00,0,0,0,5,46,51
523.0,2016-10-04 23:41:00,1,0,-1,4,47,51
523.0,2016-10-04 23:44:00,0,0,0,4,47,51
523.0,2016-10-04 23:47:00,1,0,-1,3,48,51
523.0,2016-10-04 23:50:00,0,0,0,3,48,51
523.0,2016-10-04 23:53:00,1,0,-1,2,49,51
523.0,2016-10-04 23:56:00,0,0,0,2,49,51
523.0,2016-10-04 23:59:00,0,0,0,2,49,51
523.0,2016-10-05 00:01:00,0,0,0,1,50,51
523.0,2016-10-05 00:04:00,0,0,0,1,50,51
523.0,2016-10-05 00:07:00,0,0,0,1,50,51
523.0,2016-10-05 00:10:00,0,0,0,1,50,51
523.0,2016-10-05 00:13:00,0,0,0,1,50,51
523.0,2016-10-05 00:16:00,0,0,0,1,50,51
523.0,2016-10-05 00:19:00,0,0,0,1,50,51
523.0,2016-10-05 00:22:00,0,0,0,1,50,51
523.0,2016-10-05 00:25:00,0,0,0,1,50,51
523.0,2016-10-05 00:28:00,0,0,0,1,50,51
523.0,2016-10-05 00:31:00,0,0,0,1,50,51
523.0,2016-10-05 00:34:00,0,0,0,1,50,51
523.0,2016-10-05 00:37:00,0,0,0,8,43,51
523.0,2016-10-05 00:40:00,0,0,0,8,43,51
523.0,2016-10-05 00:43:00,0,2,2,10,41,51
523.0,2016-10-05 00:46:00,0,0,0,10,41,51
523.0,2016-10-05 00:49:00,0,0,0,10,41,51
523.0,2016-10-05 00:52:00,0,0,0,10,41,51
523.0,2016-10-05 00:55:00,0,0,0,10,41,51
523.0,2016-10-05 00:58:00,0,0,0,10,41,51
523.0,2016-10-05 01:01:00,0,0,0,4,47,51
523.0,2016-10-05 01:04:00,0,0,0,4,47,51
523.0,2016-10-05 01:07:00,0,0,0,4,47,51
523.0,2016-10-05 01:10:00,0,0,0,4,47,51
523.0,2016-10-05 01:13:00,0,0,0,4,47,51
523.0,2016-10-05 01:16:00,0,0,0,4,47,51
523.0,2016-10-05 01:19:00,0,0,0,4,47,51
523.0,2016-10-05 01:22:00,0,0,0,4,47,51
523.0,2016-10-05 01:25:00,0,0,0,4,47,51
523.0,2016-10-05 01:28:00,0,0,0,4,47,51
523.0,2016-10-05 01:31:00,0,0,0,4,47,51
523.0,2016-10-05 01:32:00,0,0,0,4,47,51
523.0,2016-10-05 01:35:00,0,0,0,4,47,51
523.0,2016-10-05 01:38:00,0,0,0,4,47,51
523.0,2016-10-05 01:41:00,0,0,0,4,47,51
523.0,2016-10-05 01:44:00,0,0,0,4,47,51
523.0,2016-10-05 01:47:00,0,0,0,4,47,51
523.0,2016-10-05 01:50:00,0,0,0,4,47,51
523.0,2016-10-05 01:53:00,0,0,0,4,47,51
523.0,2016-10-05 01:56:00,0,0,0,4,47,51
523.0,2016-10-05 01:59:00,0,0,0,4,47,51
523.0,2016-10-05 02:02:00,0,0,0,4,47,51
523.0,2016-10-05 02:04:00,0,0,0,4,47,51
523.0,2016-10-05 02:07:00,0,0,0,4,47,51
523.0,2016-10-05 02:10:00,0,0,0,4,47,51
523.0,2016-10-05 02:13:00,0,0,0,4,47,51
523.0,2016-10-05 02:16:00,0,0,0,4,47,51
523.0,2016-10-05 02:19:00,0,0,0,4,47,51
523.0,2016-10-05 02:22:00,0,0,0,4,47,51
523.0,2016-10-05 02:25:00,0,0,0,4,47,51
523.0,2016-10-05 02:28:00,0,0,0,4,47,51
523.0,2016-10-05 02:31:00,0,0,0,4,47,51
523.0,2016-10-05 02:34:00,0,0,0,4,47,51
523.0,2016-10-05 02:36:00,0,0,0,4,47,51
523.0,2016-10-05 02:39:00,0,0,0,4,47,51
523.0,2016-10-05 02:42:00,0,0,0,4,47,51
523.0,2016-10-05 02:45:00,0,0,0,4,47,51
523.0,2016-10-05 02:48:00,0,0,0,4,47,51
523.0,2016-10-05 02:51:00,0,0,0,4,47,51
523.0,2016-10-05 02:54:00,0,0,0,4,47,51
523.0,2016-10-05 02:57:00,0,0,0,4,47,51
523.0,2016-10-05 03:00:00,0,0,0,4,47,51
523.0,2016-10-05 03:03:00,0,0,0,4,47,51
523.0,2016-10-05 03:06:00,0,0,0,4,47,51
523.0,2016-10-05 03:07:00,0,0,0,5,46,51
523.0,2016-10-05 03:10:00,0,0,0,5,46,51
523.0,2016-10-05 03:13:00,0,0,0,5,46,51
523.0,2016-10-05 03:16:00,0,0,0,5,46,51
523.0,2016-10-05 03:19:00,0,0,0,5,46,51
523.0,2016-10-05 03:22:00,0,0,0,5,46,51
523.0,2016-10-05 03:25:00,0,0,0,5,46,51
523.0,2016-10-05 03:28:00,0,0,0,5,46,51
523.0,2016-10-05 03:31:00,0,0,0,5,46,51
523.0,2016-10-05 03:34:00,0,0,0,5,46,51
523.0,2016-10-05 03:37:00,0,0,0,5,46,51
523.0,2016-10-05 03:40:00,0,0,0,5,46,51
523.0,2016-10-05 03:43:00,0,0,0,5,46,51
523.0,2016-10-05 03:44:00,0,0,0,5,46,51
523.0,2016-10-05 03:47:00,0,0,0,5,46,51
523.0,2016-10-05 03:50:00,0,0,0,5,46,51
523.0,2016-10-05 03:53:00,0,0,0,5,46,51
523.0,2016-10-05 03:56:00,0,0,0,5,46,51
523.0,2016-10-05 03:59:00,0,0,0,5,46,51
523.0,2016-10-05 04:02:00,0,0,0,5,46,51
523.0,2016-10-05 04:05:00,0,0,0,5,46,51
523.0,2016-10-05 04:08:00,0,0,0,5,46,51
523.0,2016-10-05 04:11:00,0,0,0,5,46,51
523.0,2016-10-05 04:14:00,0,0,0,5,46,51
523.0,2016-10-05 04:15:00,0,0,0,5,46,51
523.0,2016-10-05 04:18:00,0,0,0,5,46,51
523.0,2016-10-05 04:21:00,0,0,0,5,46,51
523.0,2016-10-05 04:24:00,0,0,0,5,46,51
523.0,2016-10-05 04:27:00,0,0,0,5,46,51
523.0,2016-10-05 04:30:00,0,0,0,5,46,51
523.0,2016-10-05 04:33:00,0,0,0,5,46,51
523.0,2016-10-05 04:36:00,0,0,0,5,46,51
523.0,2016-10-05 04:39:00,0,0,0,5,46,51
523.0,2016-10-05 04:42:00,0,0,0,5,46,51
523.0,2016-10-05 04:45:00,0,0,0,5,46,51
523.0,2016-10-05 04:47:00,0,0,0,5,46,51
523.0,2016-10-05 04:50:00,0,0,0,5,46,51
523.0,2016-10-05 04:53:00,0,1,1,6,45,51
523.0,2016-10-05 04:56:00,0,0,0,6,45,51
523.0,2016-10-05 04:59:00,0,0,0,6,45,51
523.0,2016-10-05 05:02:00,0,0,0,6,45,51
523.0,2016-10-05 05:05:00,0,0,0,6,45,51
523.0,2016-10-05 05:08:00,1,0,-1,5,46,51
523.0,2016-10-05 05:11:00,0,0,0,5,46,51
523.0,2016-10-05 05:14:00,0,0,0,5,46,51
523.0,2016-10-05 05:17:00,0,0,0,5,46,51
523.0,2016-10-05 05:19:00,0,0,0,5,46,51
523.0,2016-10-05 05:22:00,0,0,0,5,46,51
523.0,2016-10-05 05:25:00,0,0,0,5,46,51
523.0,2016-10-05 05:28:00,0,0,0,5,46,51
523.0,2016-10-05 05:31:00,0,0,0,5,46,51
523.0,2016-10-05 05:34:00,0,0,0,5,46,51
523.0,2016-10-05 05:37:00,0,0,0,5,46,51
523.0,2016-10-05 05:40:00,0,0,0,5,46,51
523.0,2016-10-05 05:43:00,0,0,0,5,46,51
523.0,2016-10-05 05:46:00,0,0,0,5,46,51
523.0,2016-10-05 05:49:00,0,0,0,5,46,51
523.0,2016-10-05 05:52:00,1,0,-1,4,47,51
523.0,2016-10-05 05:55:00,0,0,0,4,47,51
523.0,2016-10-05 05:58:00,0,0,0,4,47,51
523.0,2016-10-05 06:01:00,0,0,0,4,47,51
523.0,2016-10-05 06:04:00,0,0,0,4,47,51
523.0,2016-10-05 06:07:00,0,0,0,4,47,51
523.0,2016-10-05 06:10:00,0,1,1,5,46,51
523.0,2016-10-05 06:13:00,0,0,0,5,46,51
523.0,2016-10-05 06:16:00,0,0,0,5,46,51
523.0,2016-10-05 06:19:00,0,0,0,5,46,51
523.0,2016-10-05 06:22:00,0,0,0,5,46,51
523.0,2016-10-05 06:25:00,0,0,0,5,46,51
523.0,2016-10-05 06:26:00,0,0,0,5,46,51
523.0,2016-10-05 06:29:00,4,0,-4,1,50,51
523.0,2016-10-05 06:32:00,0,2,2,3,48,51
523.0,2016-10-05 06:35:00,0,0,0,3,48,51
523.0,2016-10-05 06:38:00,1,0,-1,2,49,51
523.0,2016-10-05 06:41:00,0,0,0,2,49,51
523.0,2016-10-05 06:44:00,2,1,-1,1,50,51
523.0,2016-10-05 06:47:00,0,0,0,1,50,51
523.0,2016-10-05 06:50:00,0,0,0,1,50,51
523.0,2016-10-05 06:53:00,0,0,0,1,50,51
523.0,2016-10-05 06:56:00,0,0,0,1,50,51
523.0,2016-10-05 06:59:00,0,0,0,1,50,51
523.0,2016-10-05 07:00:00,0,0,0,0,51,51
523.0,2016-10-05 07:03:00,0,0,0,0,51,51
523.0,2016-10-05 07:06:00,0,1,1,1,50,51
523.0,2016-10-05 07:09:00,0,0,0,1,50,51
523.0,2016-10-05 07:12:00,2,2,0,1,50,51
523.0,2016-10-05 07:15:00,1,0,-1,0,51,51
523.0,2016-10-05 07:18:00,0,0,0,0,51,51
523.0,2016-10-05 07:21:00,0,0,0,0,51,51
523.0,2016-10-05 07:24:00,0,0,0,0,51,51
523.0,2016-10-05 07:27:00,0,1,1,1,50,51
523.0,2016-10-05 07:30:00,1,0,-1,0,51,51
523.0,2016-10-05 07:33:00,0,0,0,0,51,51
523.0,2016-10-05 07:36:00,1,1,0,0,51,51
523.0,2016-10-05 07:37:00,1,0,-1,0,51,51
523.0,2016-10-05 07:40:00,0,0,0,0,51,51
523.0,2016-10-05 07:43:00,0,0,0,0,51,51
523.0,2016-10-05 07:46:00,0,0,0,0,51,51
523.0,2016-10-05 07:49:00,0,0,0,0,51,51
523.0,2016-10-05 07:52:00,0,2,2,2,49,51
523.0,2016-10-05 07:55:00,1,1,0,2,49,51
523.0,2016-10-05 07:58:00,1,1,0,2,49,51
523.0,2016-10-05 08:01:00,1,0,-1,1,50,51
523.0,2016-10-05 08:04:00,2,1,-1,0,51,51
523.0,2016-10-05 08:07:00,2,2,0,0,51,51
523.0,2016-10-05 08:10:00,2,3,1,1,50,51
523.0,2016-10-05 08:12:00,3,2,-1,0,51,51
523.0,2016-10-05 08:15:00,3,4,1,1,50,51
523.0,2016-10-05 08:18:00,0,2,2,3,48,51
523.0,2016-10-05 08:21:00,3,2,-1,2,49,51
523.0,2016-10-05 08:24:00,3,2,-1,1,50,51
523.0,2016-10-05 08:27:00,2,0,-2,0,51,51
523.0,2016-10-05 08:30:00,1,1,0,0,51,51
523.0,2016-10-05 08:33:00,0,1,1,1,50,51
523.0,2016-10-05 08:36:00,1,1,0,1,50,51
523.0,2016-10-05 08:39:00,1,1,0,1,50,51
523.0,2016-10-05 08:42:00,3,2,-1,0,51,51
523.0,2016-10-05 08:45:00,0,0,0,0,51,51
523.0,2016-10-05 08:47:00,1,6,5,5,46,51
523.0,2016-10-05 08:50:00,2,5,3,8,43,51
523.0,2016-10-05 08:53:00,1,3,2,10,41,51
523.0,2016-10-05 08:56:00,1,4,3,13,38,51
523.0,2016-10-05 08:59:00,4,1,-3,10,41,51
523.0,2016-10-05 09:02:00,2,3,1,11,40,51
523.0,2016-10-05 09:05:00,2,5,3,14,37,51
523.0,2016-10-05 09:08:00,5,1,-4,10,41,51
523.0,2016-10-05 09:11:00,1,2,1,11,40,51
523.0,2016-10-05 09:14:00,5,2,-3,8,43,51
523.0,2016-10-05 09:17:00,5,1,-4,4,47,51
523.0,2016-10-05 09:20:00,1,3,2,6,45,51
523.0,2016-10-05 09:22:00,4,5,1,6,45,51
523.0,2016-10-05 09:25:00,6,3,-3,3,48,51
523.0,2016-10-05 09:28:00,2,2,0,3,48,51
523.0,2016-10-05 09:31:00,2,2,0,3,48,51
523.0,2016-10-05 09:34:00,0,1,1,4,47,51
523.0,2016-10-05 09:37:00,0,1,1,5,46,51
523.0,2016-10-05 09:40:00,2,1,-1,4,47,51
523.0,2016-10-05 09:43:00,2,2,0,4,47,51
523.0,2016-10-05 09:46:00,3,2,-1,3,48,51
523.0,2016-10-05 09:49:00,2,1,-1,2,49,51
523.0,2016-10-05 09:50:00,1,1,0,0,51,51
523.0,2016-10-05 09:53:00,0,3,3,3,48,51
523.0,2016-10-05 09:56:00,3,0,-3,0,51,51
523.0,2016-10-05 09:59:00,2,2,0,0,51,51
523.0,2016-10-05 10:02:00,2,3,1,1,50,51
523.0,2016-10-05 10:05:00,1,1,0,1,50,51
523.0,2016-10-05 10:08:00,2,2,0,1,50,51
523.0,2016-10-05 10:11:00,2,1,-1,0,51,51
523.0,2016-10-05 10:14:00,0,0,0,0,51,51
523.0,2016-10-05 10:17:00,0,0,0,0,51,51
523.0,2016-10-05 10:20:00,0,0,0,0,51,51
523.0,2016-10-05 10:21:00,0,0,0,0,51,51
523.0,2016-10-05 10:24:00,0,1,1,1,50,51
523.0,2016-10-05 10:27:00,0,1,1,2,49,51
523.0,2016-10-05 10:30:00,1,0,-1,1,50,51
523.0,2016-10-05 10:33:00,1,0,-1,0,51,51
523.0,2016-10-05 10:36:00,1,1,0,0,51,51
523.0,2016-10-05 10:39:00,0,0,0,0,51,51
523.0,2016-10-05 10:42:00,0,1,1,1,50,51
523.0,2016-10-05 10:45:00,0,0,0,1,50,51
523.0,2016-10-05 10:48:00,0,0,0,1,50,51
523.0,2016-10-05 10:51:00,0,0,0,1,50,51
523.0,2016-10-05 10:54:00,0,0,0,1,50,51
523.0,2016-10-05 10:55:00,0,1,1,2,49,51
523.0,2016-10-05 10:58:00,0,1,1,3,48,51
523.0,2016-10-05 11:01:00,3,2,-1,2,49,51
523.0,2016-10-05 11:04:00,0,0,0,2,49,51
523.0,2016-10-05 11:07:00,0,0,0,2,49,51
523.0,2016-10-05 11:10:00,0,0,0,2,49,51
523.0,2016-10-05 11:13:00,1,0,-1,1,50,51
523.0,2016-10-05 11:16:00,1,0,-1,0,51,51
523.0,2016-10-05 11:19:00,0,0,0,0,51,51
523.0,2016-10-05 11:22:00,0,0,0,0,51,51
523.0,2016-10-05 11:25:00,0,0,0,0,51,51
523.0,2016-10-05 11:28:00,0,0,0,0,51,51
523.0,2016-10-05 11:29:00,0,0,0,0,51,51
523.0,2016-10-05 11:32:00,0,0,0,0,51,51
523.0,2016-10-05 11:35:00,0,0,0,0,51,51
523.0,2016-10-05 11:38:00,0,0,0,0,51,51
523.0,2016-10-05 11:41:00,0,1,1,1,50,51
523.0,2016-10-05 11:44:00,0,0,0,1,50,51
523.0,2016-10-05 11:47:00,1,0,-1,0,51,51
523.0,2016-10-05 11:50:00,0,1,1,1,50,51
523.0,2016-10-05 11:53:00,1,1,0,1,50,51
523.0,2016-10-05 11:56:00,1,0,-1,0,51,51
523.0,2016-10-05 11:59:00,1,2,1,1,50,51
523.0,2016-10-05 12:02:00,1,1,0,1,50,51
523.0,2016-10-05 12:05:00,0,0,0,1,50,51
523.0,2016-10-05 12:08:00,1,1,0,1,50,51
523.0,2016-10-05 12:11:00,1,1,0,1,50,51
523.0,2016-10-05 12:14:00,0,0,0,1,50,51
523.0,2016-10-05 12:17:00,1,0,-1,0,51,51
523.0,2016-10-05 12:20:00,0,0,0,0,51,51
523.0,2016-10-05 12:23:00,0,0,0,0,51,51
523.0,2016-10-05 12:26:00,0,0,0,0,51,51
523.0,2016-10-05 12:28:00,0,0,0,2,49,51
523.0,2016-10-05 12:31:00,0,1,1,3,48,51
523.0,2016-10-05 12:34:00,0,0,0,3,48,51
523.0,2016-10-05 12:37:00,0,0,0,3,48,51
523.0,2016-10-05 12:40:00,0,0,0,3,48,51
523.0,2016-10-05 12:43:00,0,0,0,3,48,51
523.0,2016-10-05 12:46:00,1,1,0,3,48,51
523.0,2016-10-05 12:49:00,0,0,0,3,48,51
523.0,2016-10-05 12:52:00,1,0,-1,2,49,51
523.0,2016-10-05 12:55:00,2,2,0,2,49,51
523.0,2016-10-05 12:58:00,0,1,1,3,48,51
523.0,2016-10-05 13:01:00,0,3,3,6,45,51
523.0,2016-10-05 13:04:00,1,0,-1,5,46,51
523.0,2016-10-05 13:07:00,0,1,1,6,45,51
523.0,2016-10-05 13:10:00,0,1,1,7,44,51
523.0,2016-10-05 13:12:00,0,0,0,5,46,51
523.0,2016-10-05 13:15:00,0,1,1,6,45,51
523.0,2016-10-05 13:18:00,2,0,-2,4,47,51
523.0,2016-10-05 13:21:00,2,1,-1,3,48,51
523.0,2016-10-05 13:24:00,0,1,1,4,47,51
523.0,2016-10-05 13:27:00,2,0,-2,2,49,51
523.0,2016-10-05 13:30:00,1,0,-1,1,50,51
523.0,2016-10-05 13:33:00,0,1,1,2,49,51
523.0,2016-10-05 13:36:00,1,0,-1,1,50,51
523.0,2016-10-05 13:39:00,0,2,2,3,48,51
523.0,2016-10-05 13:42:00,0,1,1,4,47,51
523.0,2016-10-05 13:45:00,1,0,-1,3,48,51
523.0,2016-10-05 13:48:00,1,0,-1,2,49,51
523.0,2016-10-05 13:51:00,1,0,-1,0,51,51
523.0,2016-10-05 13:54:00,0,2,2,2,49,51
523.0,2016-10-05 13:57:00,0,0,0,2,49,51
523.0,2016-10-05 14:00:00,0,0,0,2,49,51
523.0,2016-10-05 14:03:00,0,1,1,3,48,51
523.0,2016-10-05 14:06:00,2,0,-2,1,50,51
523.0,2016-10-05 14:09:00,1,0,-1,0,51,51
523.0,2016-10-05 14:12:00,0,2,2,2,49,51
523.0,2016-10-05 14:15:00,0,1,1,3,48,51
523.0,2016-10-05 14:18:00,1,1,0,3,48,51
523.0,2016-10-05 14:21:00,2,2,0,3,48,51
523.0,2016-10-05 14:24:00,0,0,0,3,48,51
523.0,2016-10-05 14:27:00,3,1,-2,1,50,51
523.0,2016-10-05 14:30:00,0,1,1,2,49,51
523.0,2016-10-05 14:33:00,0,1,1,3,48,51
523.0,2016-10-05 14:35:00,0,1,1,4,47,51
523.0,2016-10-05 14:38:00,3,0,-3,1,50,51
523.0,2016-10-05 14:41:00,1,4,3,4,47,51
523.0,2016-10-05 14:44:00,1,2,1,5,46,51
523.0,2016-10-05 14:47:00,1,1,0,5,46,51
523.0,2016-10-05 14:50:00,1,0,-1,4,47,51
523.0,2016-10-05 14:53:00,0,0,0,4,47,51
523.0,2016-10-05 14:56:00,0,3,3,7,44,51
523.0,2016-10-05 14:59:00,0,2,2,9,42,51
523.0,2016-10-05 15:02:00,1,0,-1,8,43,51
523.0,2016-10-05 15:05:00,1,1,0,8,43,51
523.0,2016-10-05 15:08:00,0,1,1,9,42,51
523.0,2016-10-05 15:11:00,1,2,1,10,41,51
523.0,2016-10-05 15:14:00,0,1,1,11,40,51
523.0,2016-10-05 15:17:00,2,1,-1,10,41,51
523.0,2016-10-05 15:20:00,1,1,0,10,41,51
523.0,2016-10-05 15:23:00,0,2,2,12,39,51
523.0,2016-10-05 15:26:00,1,0,-1,11,40,51
523.0,2016-10-05 15:29:00,0,1,1,12,39,51
523.0,2016-10-05 15:32:00,1,0,-1,11,40,51
523.0,2016-10-05 15:35:00,0,0,0,11,40,51
523.0,2016-10-05 15:38:00,0,2,2,13,38,51
523.0,2016-10-05 15:41:00,2,0,-2,11,40,51
523.0,2016-10-05 15:44:00,1,1,0,11,40,51
523.0,2016-10-05 15:47:00,0,2,2,13,38,51
523.0,2016-10-05 15:50:00,0,1,1,14,37,51
523.0,2016-10-05 15:53:00,0,2,2,16,35,51
523.0,2016-10-05 15:56:00,2,4,2,18,33,51
523.0,2016-10-05 15:59:00,0,2,2,20,31,51
523.0,2016-10-05 16:02:00,1,1,0,20,31,51
523.0,2016-10-05 16:05:00,0,1,1,21,30,51
523.0,2016-10-05 16:08:00,2,2,0,21,30,51
523.0,2016-10-05 16:11:00,2,2,0,21,30,51
523.0,2016-10-05 16:12:00,2,2,0,22,29,51
523.0,2016-10-05 16:15:00,0,1,1,23,28,51
523.0,2016-10-05 16:18:00,3,2,-1,22,29,51
523.0,2016-10-05 16:21:00,1,0,-1,21,30,51
523.0,2016-10-05 16:24:00,0,0,0,21,30,51
523.0,2016-10-05 16:27:00,2,0,-2,19,32,51
523.0,2016-10-05 16:30:00,2,1,-1,18,33,51
523.0,2016-10-05 16:33:00,2,1,-1,17,34,51
523.0,2016-10-05 16:36:00,1,4,3,20,31,51
523.0,2016-10-05 16:39:00,2,1,-1,19,32,51
523.0,2016-10-05 16:42:00,0,3,3,22,29,51
523.0,2016-10-05 16:45:00,0,3,3,25,26,51
523.0,2016-10-05 16:48:00,3,4,1,26,25,51
523.0,2016-10-05 16:51:00,1,2,1,27,24,51
523.0,2016-10-05 16:54:00,1,2,1,28,23,51
523.0,2016-10-05 16:57:00,1,0,-1,27,24,51
523.0,2016-10-05 17:00:00,4,1,-3,24,27,51
523.0,2016-10-05 17:03:00,3,1,-2,21,30,51
523.0,2016-10-05 17:06:00,1,2,1,22,29,51
523.0,2016-10-05 17:09:00,0,2,2,24,27,51
523.0,2016-10-05 17:12:00,1,2,1,25,26,51
523.0,2016-10-05 17:15:00,1,2,1,26,25,51
523.0,2016-10-05 17:18:00,1,5,4,30,21,51
523.0,2016-10-05 17:21:00,3,7,4,34,17,51
523.0,2016-10-05 17:24:00,1,4,3,37,14,51
523.0,2016-10-05 17:27:00,0,3,3,40,11,51
523.0,2016-10-05 17:30:00,3,3,0,40,11,51
523.0,2016-10-05 17:33:00,2,5,3,43,8,51
523.0,2016-10-05 17:36:00,4,2,-2,41,10,51
523.0,2016-10-05 17:39:00,2,1,-1,40,11,51
523.0,2016-10-05 17:42:00,2,1,-1,39,12,51
523.0,2016-10-05 17:45:00,3,4,1,40,11,51
523.0,2016-10-05 17:48:00,2,0,-2,38,13,51
523.0,2016-10-05 17:51:00,4,5,1,39,12,51
523.0,2016-10-05 17:54:00,2,4,2,41,10,51
523.0,2016-10-05 17:57:00,2,1,-1,40,11,51
523.0,2016-10-05 18:00:00,5,0,-5,35,16,51
523.0,2016-10-05 18:01:00,5,1,-4,34,17,51
523.0,2016-10-05 18:04:00,3,2,-1,33,18,51
523.0,2016-10-05 18:07:00,2,4,2,35,16,51
523.0,2016-10-05 18:10:00,2,2,0,35,16,51
523.0,2016-10-05 18:13:00,12,1,-11,24,27,51
523.0,2016-10-05 18:16:00,8,1,-7,17,34,51
523.0,2016-10-05 18:19:00,5,2,-3,14,37,51
523.0,2016-10-05 18:22:00,3,2,-1,13,38,51
523.0,2016-10-05 18:25:00,2,3,1,14,37,51
523.0,2016-10-05 18:28:00,1,0,-1,13,38,51
523.0,2016-10-05 18:31:00,5,4,-1,12,39,51
523.0,2016-10-05 18:34:00,2,0,-2,10,41,51
523.0,2016-10-05 18:37:00,6,2,-4,6,45,51
523.0,2016-10-05 18:40:00,2,1,-1,5,46,51
523.0,2016-10-05 18:43:00,2,4,2,7,44,51
523.0,2016-10-05 18:46:00,5,1,-4,3,48,51
523.0,2016-10-05 18:49:00,0,0,0,3,48,51
523.0,2016-10-05 18:52:00,3,1,-2,1,50,51
523.0,2016-10-05 18:53:00,2,0,-2,3,48,51
523.0,2016-10-05 18:56:00,2,1,-1,2,49,51
523.0,2016-10-05 18:59:00,1,4,3,5,46,51
523.0,2016-10-05 19:02:00,2,2,0,5,46,51
523.0,2016-10-05 19:05:00,2,3,1,6,45,51
523.0,2016-10-05 19:08:00,0,1,1,7,44,51
523.0,2016-10-05 19:11:00,2,0,-2,5,46,51
523.0,2016-10-05 19:14:00,2,2,0,5,46,51
523.0,2016-10-05 19:17:00,4,1,-3,2,49,51
523.0,2016-10-05 19:20:00,1,2,1,3,48,51
523.0,2016-10-05 19:23:00,1,1,0,3,48,51
523.0,2016-10-05 19:26:00,1,0,-1,2,49,51
523.0,2016-10-05 19:29:00,1,2,1,3,48,51
523.0,2016-10-05 19:32:00,0,0,0,3,48,51
523.0,2016-10-05 19:34:00,0,1,1,4,47,51
523.0,2016-10-05 19:37:00,1,0,-1,3,48,51
523.0,2016-10-05 19:40:00,1,0,-1,2,49,51
523.0,2016-10-05 19:43:00,0,2,2,4,47,51
523.0,2016-10-05 19:46:00,0,0,0,4,47,51
523.0,2016-10-05 19:49:00,1,1,0,4,47,51
523.0,2016-10-05 19:52:00,0,3,3,7,44,51
523.0,2016-10-05 19:55:00,0,0,0,7,44,51
523.0,2016-10-05 19:58:00,0,3,3,10,41,51
523.0,2016-10-05 20:01:00,1,3,2,12,39,51
523.0,2016-10-05 20:04:00,0,2,2,14,37,51
523.0,2016-10-05 20:07:00,1,1,0,14,37,51
523.0,2016-10-05 20:09:00,0,0,0,14,37,51
523.0,2016-10-05 20:12:00,1,1,0,14,37,51
523.0,2016-10-05 20:15:00,0,0,0,14,37,51
523.0,2016-10-05 20:18:00,0,0,0,14,37,51
523.0,2016-10-05 20:21:00,0,0,0,14,37,51
523.0,2016-10-05 20:24:00,0,2,2,16,35,51
523.0,2016-10-05 20:27:00,1,1,0,16,35,51
523.0,2016-10-05 20:30:00,0,2,2,18,33,51
523.0,2016-10-05 20:33:00,1,1,0,18,33,51
523.0,2016-10-05 20:36:00,0,1,1,19,32,51
523.0,2016-10-05 20:39:00,0,1,1,20,31,51
523.0,2016-10-05 20:42:00,0,0,0,20,31,51
523.0,2016-10-05 20:45:00,0,0,0,20,31,51
523.0,2016-10-05 20:48:00,1,1,0,20,31,51
523.0,2016-10-05 20:51:00,0,1,1,21,30,51
523.0,2016-10-05 20:54:00,1,0,-1,20,31,51
523.0,2016-10-05 20:55:00,1,1,0,22,29,51
523.0,2016-10-05 20:58:00,2,0,-2,20,31,51
523.0,2016-10-05 21:01:00,0,1,1,21,30,51
523.0,2016-10-05 21:04:00,0,0,0,21,30,51
523.0,2016-10-05 21:07:00,1,0,-1,20,31,51
523.0,2016-10-05 21:10:00,0,0,0,20,31,51
523.0,2016-10-05 21:13:00,2,2,0,20,31,51
523.0,2016-10-05 21:16:00,0,0,0,20,31,51
523.0,2016-10-05 21:19:00,0,1,1,21,30,51
523.0,2016-10-05 21:22:00,2,0,-2,19,32,51
523.0,2016-10-05 21:25:00,1,2,1,20,31,51
523.0,2016-10-05 21:28:00,0,0,0,20,31,51
523.0,2016-10-05 21:30:00,0,3,3,23,28,51
523.0,2016-10-05 21:33:00,0,0,0,23,28,51
523.0,2016-10-05 21:36:00,2,0,-2,21,30,51
523.0,2016-10-05 21:39:00,0,1,1,22,29,51
523.0,2016-10-05 21:42:00,2,0,-2,20,31,51
523.0,2016-10-05 21:45:00,0,1,1,21,30,51
523.0,2016-10-05 21:48:00,0,0,0,21,30,51
523.0,2016-10-05 21:51:00,0,0,0,21,30,51
523.0,2016-10-05 21:54:00,1,1,0,21,30,51
523.0,2016-10-05 21:57:00,0,0,0,21,30,51
523.0,2016-10-05 22:00:00,0,0,0,21,30,51
523.0,2016-10-05 22:03:00,0,0,0,21,30,51
523.0,2016-10-05 22:06:00,0,0,0,21,30,51
523.0,2016-10-05 22:09:00,1,1,0,21,30,51
523.0,2016-10-05 22:12:00,2,1,-1,20,31,51
523.0,2016-10-05 22:15:00,0,1,1,21,30,51
523.0,2016-10-05 22:18:00,0,1,1,22,29,51
523.0,2016-10-05 22:21:00,1,2,1,23,28,51
523.0,2016-10-05 22:24:00,0,1,1,24,27,51
523.0,2016-10-05 22:27:00,1,0,-1,23,28,51
523.0,2016-10-05 22:30:00,0,0,0,23,28,51
523.0,2016-10-05 22:33:00,0,0,0,23,28,51
523.0,2016-10-05 22:34:00,0,0,0,23,28,51
523.0,2016-10-05 22:37:00,0,1,1,24,27,51
523.0,2016-10-05 22:40:00,2,1,-1,23,28,51
523.0,2016-10-05 22:43:00,0,1,1,24,27,51
523.0,2016-10-05 22:46:00,2,2,0,24,27,51
523.0,2016-10-05 22:49:00,0,1,1,25,26,51
523.0,2016-10-05 22:52:00,1,0,-1,24,27,51
523.0,2016-10-05 22:55:00,0,1,1,25,26,51
523.0,2016-10-05 22:58:00,2,0,-2,23,28,51
523.0,2016-10-05 23:01:00,0,1,1,24,27,51
523.0,2016-10-05 23:04:00,0,0,0,24,27,51
523.0,2016-10-05 23:07:00,0,0,0,24,27,51
523.0,2016-10-05 23:10:00,0,0,0,24,27,51
523.0,2016-10-05 23:13:00,0,0,0,24,27,51
523.0,2016-10-05 23:16:00,1,1,0,24,27,51
523.0,2016-10-05 23:19:00,1,0,-1,23,28,51
523.0,2016-10-05 23:22:00,0,0,0,23,28,51
523.0,2016-10-05 23:25:00,0,0,0,23,28,51
523.0,2016-10-05 23:28:00,1,0,-1,22,29,51
523.0,2016-10-05 23:31:00,2,0,-2,20,31,51
523.0,2016-10-05 23:34:00,0,0,0,20,31,51
523.0,2016-10-05 23:37:00,0,0,0,20,31,51
523.0,2016-10-05 23:40:00,0,0,0,20,31,51
523.0,2016-10-05 23:43:00,0,0,0,20,31,51
523.0,2016-10-05 23:46:00,0,0,0,20,31,51
523.0,2016-10-05 23:49:00,0,0,0,20,31,51
523.0,2016-10-05 23:52:00,0,0,0,20,31,51
523.0,2016-10-05 23:55:00,0,0,0,20,31,51
523.0,2016-10-05 23:58:00,0,0,0,20,31,51
523.0,2016-10-06 00:01:00,0,0,0,20,31,51
523.0,2016-10-06 00:03:00,0,1,1,3,48,51
523.0,2016-10-06 00:06:00,0,0,0,3,48,51
523.0,2016-10-06 00:09:00,0,0,0,3,48,51
523.0,2016-10-06 00:12:00,0,0,0,3,48,51
523.0,2016-10-06 00:15:00,1,0,-1,2,49,51
523.0,2016-10-06 00:18:00,1,0,-1,1,50,51
523.0,2016-10-06 00:21:00,0,0,0,1,50,51
523.0,2016-10-06 00:24:00,0,0,0,1,50,51
523.0,2016-10-06 00:27:00,0,0,0,1,50,51
523.0,2016-10-06 00:30:00,0,0,0,1,50,51
523.0,2016-10-06 00:33:00,0,0,0,1,50,51
523.0,2016-10-06 00:36:00,0,0,0,1,50,51
523.0,2016-10-06 00:37:00,0,0,0,1,50,51
523.0,2016-10-06 00:40:00,0,0,0,1,50,51
523.0,2016-10-06 00:43:00,0,0,0,1,50,51
523.0,2016-10-06 00:46:00,0,0,0,1,50,51
523.0,2016-10-06 00:49:00,0,0,0,1,50,51
523.0,2016-10-06 00:52:00,0,0,0,1,50,51
523.0,2016-10-06 00:55:00,1,0,-1,0,51,51
523.0,2016-10-06 00:58:00,1,0,-1,0,51,51
523.0,2016-10-06 01:01:00,0,0,0,0,51,51
523.0,2016-10-06 01:04:00,0,0,0,0,51,51
523.0,2016-10-06 01:07:00,0,1,1,1,50,51
523.0,2016-10-06 01:10:00,0,0,0,1,50,51
523.0,2016-10-06 01:11:00,0,0,0,19,32,51
523.0,2016-10-06 01:14:00,0,0,0,19,32,51
523.0,2016-10-06 01:17:00,0,0,0,19,32,51
523.0,2016-10-06 01:20:00,0,0,0,19,32,51
523.0,2016-10-06 01:23:00,0,0,0,19,32,51
523.0,2016-10-06 01:26:00,0,0,0,19,32,51
523.0,2016-10-06 01:29:00,0,0,0,19,32,51
523.0,2016-10-06 01:32:00,0,1,1,20,31,51
523.0,2016-10-06 01:35:00,0,0,0,20,31,51
523.0,2016-10-06 01:38:00,0,0,0,20,31,51
523.0,2016-10-06 01:41:00,0,0,0,20,31,51
523.0,2016-10-06 01:43:00,0,0,0,20,31,51
523.0,2016-10-06 01:46:00,0,0,0,20,31,51
523.0,2016-10-06 01:49:00,0,0,0,20,31,51
523.0,2016-10-06 01:52:00,0,0,0,20,31,51
523.0,2016-10-06 01:55:00,0,0,0,20,31,51
523.0,2016-10-06 01:58:00,1,0,-1,19,32,51
523.0,2016-10-06 02:01:00,0,0,0,19,32,51
523.0,2016-10-06 02:04:00,0,0,0,19,32,51
523.0,2016-10-06 02:07:00,0,1,1,20,31,51
523.0,2016-10-06 02:10:00,0,0,0,20,31,51
523.0,2016-10-06 02:13:00,0,0,0,20,31,51
523.0,2016-10-06 02:14:00,0,0,0,20,31,51
523.0,2016-10-06 02:17:00,0,0,0,20,31,51
523.0,2016-10-06 02:20:00,0,0,0,20,31,51
523.0,2016-10-06 02:23:00,0,0,0,20,31,51
523.0,2016-10-06 02:26:00,0,0,0,20,31,51
523.0,2016-10-06 02:29:00,0,0,0,20,31,51
523.0,2016-10-06 02:32:00,0,0,0,20,31,51
523.0,2016-10-06 02:35:00,0,0,0,20,31,51
523.0,2016-10-06 02:38:00,0,0,0,20,31,51
523.0,2016-10-06 02:41:00,0,0,0,20,31,51
523.0,2016-10-06 02:44:00,0,0,0,20,31,51
523.0,2016-10-06 02:45:00,0,0,0,20,31,51
523.0,2016-10-06 02:48:00,0,0,0,20,31,51
523.0,2016-10-06 02:51:00,0,0,0,20,31,51
523.0,2016-10-06 02:54:00,0,0,0,20,31,51
523.0,2016-10-06 02:57:00,0,0,0,20,31,51
523.0,2016-10-06 03:00:00,0,0,0,20,31,51
523.0,2016-10-06 03:03:00,0,0,0,20,31,51
523.0,2016-10-06 03:06:00,0,0,0,20,31,51
523.0,2016-10-06 03:09:00,0,0,0,20,31,51
523.0,2016-10-06 03:12:00,0,0,0,20,31,51
523.0,2016-10-06 03:15:00,0,0,0,20,31,51
523.0,2016-10-06 03:17:00,0,0,0,20,31,51
523.0,2016-10-06 03:20:00,0,0,0,20,31,51
523.0,2016-10-06 03:23:00,0,0,0,20,31,51
523.0,2016-10-06 03:26:00,0,0,0,20,31,51
523.0,2016-10-06 03:29:00,0,0,0,20,31,51
523.0,2016-10-06 03:32:00,0,0,0,20,31,51
523.0,2016-10-06 03:35:00,0,0,0,20,31,51
523.0,2016-10-06 03:38:00,0,0,0,20,31,51
523.0,2016-10-06 03:41:00,0,0,0,20,31,51
523.0,2016-10-06 03:44:00,0,0,0,20,31,51
523.0,2016-10-06 03:47:00,0,0,0,20,31,51
523.0,2016-10-06 03:50:00,0,0,0,20,31,51
523.0,2016-10-06 03:53:00,0,0,0,20,31,51
523.0,2016-10-06 03:54:00,0,0,0,20,31,51
523.0,2016-10-06 03:57:00,0,0,0,20,31,51
523.0,2016-10-06 04:00:00,0,0,0,20,31,51
523.0,2016-10-06 04:03:00,0,0,0,20,31,51
523.0,2016-10-06 04:06:00,0,0,0,20,31,51
523.0,2016-10-06 04:09:00,0,0,0,20,31,51
523.0,2016-10-06 04:12:00,0,0,0,20,31,51
523.0,2016-10-06 04:15:00,0,0,0,20,31,51
523.0,2016-10-06 04:18:00,0,0,0,20,31,51
523.0,2016-10-06 04:21:00,0,0,0,20,31,51
523.0,2016-10-06 04:24:00,0,0,0,20,31,51
523.0,2016-10-06 04:25:00,0,0,0,20,31,51
523.0,2016-10-06 04:28:00,0,0,0,20,31,51
523.0,2016-10-06 04:31:00,0,0,0,20,31,51
523.0,2016-10-06 04:34:00,0,0,0,20,31,51
523.0,2016-10-06 04:37:00,0,0,0,20,31,51
523.0,2016-10-06 04:40:00,0,0,0,20,31,51
523.0,2016-10-06 04:43:00,0,0,0,20,31,51
523.0,2016-10-06 04:46:00,0,0,0,20,31,51
523.0,2016-10-06 04:49:00,0,0,0,20,31,51
523.0,2016-10-06 04:52:00,0,0,0,20,31,51
523.0,2016-10-06 04:55:00,0,1,1,21,30,51
523.0,2016-10-06 04:56:00,0,1,1,21,30,51
523.0,2016-10-06 04:59:00,0,0,0,21,30,51
523.0,2016-10-06 05:02:00,0,0,0,21,30,51
523.0,2016-10-06 05:05:00,0,0,0,21,30,51
523.0,2016-10-06 05:08:00,0,0,0,21,30,51
523.0,2016-10-06 05:11:00,0,0,0,21,30,51
523.0,2016-10-06 05:14:00,0,0,0,21,30,51
523.0,2016-10-06 05:17:00,0,0,0,21,30,51
523.0,2016-10-06 05:20:00,0,0,0,21,30,51
523.0,2016-10-06 05:23:00,0,0,0,21,30,51
523.0,2016-10-06 05:26:00,0,0,0,21,30,51
523.0,2016-10-06 05:28:00,0,0,0,21,30,51
523.0,2016-10-06 05:31:00,0,0,0,21,30,51
523.0,2016-10-06 05:34:00,0,0,0,21,30,51
523.0,2016-10-06 05:37:00,0,0,0,21,30,51
523.0,2016-10-06 05:40:00,0,0,0,21,30,51
523.0,2016-10-06 05:43:00,1,0,-1,20,31,51
523.0,2016-10-06 05:46:00,0,1,1,21,30,51
523.0,2016-10-06 05:49:00,1,0,-1,20,31,51
523.0,2016-10-06 05:52:00,0,0,0,20,31,51
523.0,2016-10-06 05:55:00,0,0,0,20,31,51
523.0,2016-10-06 05:58:00,0,0,0,20,31,51
523.0,2016-10-06 06:01:00,0,0,0,20,31,51
523.0,2016-10-06 06:04:00,0,0,0,20,31,51
523.0,2016-10-06 06:07:00,0,0,0,20,31,51
523.0,2016-10-06 06:10:00,1,0,-1,19,32,51
523.0,2016-10-06 06:13:00,0,1,1,20,31,51
523.0,2016-10-06 06:16:00,0,0,0,20,31,51
523.0,2016-10-06 06:19:00,1,0,-1,19,32,51
523.0,2016-10-06 06:22:00,0,0,0,19,32,51
523.0,2016-10-06 06:25:00,1,0,-1,18,33,51
523.0,2016-10-06 06:28:00,1,0,-1,17,34,51
523.0,2016-10-06 06:31:00,3,0,-3,14,37,51
523.0,2016-10-06 06:34:00,1,0,-1,13,38,51
523.0,2016-10-06 06:35:00,1,0,-1,13,38,51
523.0,2016-10-06 06:38:00,2,0,-2,11,40,51
523.0,2016-10-06 06:41:00,0,0,0,11,40,51
523.0,2016-10-06 06:44:00,1,1,0,11,40,51
523.0,2016-10-06 06:47:00,1,0,-1,10,41,51
523.0,2016-10-06 06:50:00,1,0,-1,9,42,51
523.0,2016-10-06 06:53:00,0,1,1,10,41,51
523.0,2016-10-06 06:56:00,0,0,0,10,41,51
523.0,2016-10-06 06:59:00,1,0,-1,9,42,51
523.0,2016-10-06 07:02:00,2,2,0,9,42,51
523.0,2016-10-06 07:05:00,2,1,-1,8,43,51
523.0,2016-10-06 07:08:00,0,0,0,8,43,51
523.0,2016-10-06 07:10:00,1,0,-1,7,44,51
523.0,2016-10-06 07:13:00,0,1,1,8,43,51
523.0,2016-10-06 07:16:00,0,0,0,8,43,51
523.0,2016-10-06 07:19:00,1,0,-1,7,44,51
523.0,2016-10-06 07:22:00,0,0,0,7,44,51
523.0,2016-10-06 07:25:00,4,1,-3,4,47,51
523.0,2016-10-06 07:28:00,1,1,0,4,47,51
523.0,2016-10-06 07:31:00,0,0,0,4,47,51
523.0,2016-10-06 07:34:00,2,0,-2,2,49,51
523.0,2016-10-06 07:37:00,1,0,-1,1,50,51
523.0,2016-10-06 07:40:00,1,0,-1,0,51,51
523.0,2016-10-06 07:43:00,1,1,0,0,51,51
523.0,2016-10-06 07:46:00,0,0,0,0,51,51
523.0,2016-10-06 07:49:00,0,0,0,0,51,51
523.0,2016-10-06 07:52:00,0,0,0,0,51,51
523.0,2016-10-06 07:55:00,1,1,0,0,51,51
523.0,2016-10-06 07:58:00,0,2,2,2,49,51
523.0,2016-10-06 08:01:00,0,3,3,5,46,51
523.0,2016-10-06 08:04:00,1,1,0,5,46,51
523.0,2016-10-06 08:07:00,3,0,-3,2,49,51
523.0,2016-10-06 08:10:00,2,1,-1,1,50,51
523.0,2016-10-06 08:13:00,2,1,-1,0,51,51
523.0,2016-10-06 08:16:00,3,2,-1,0,51,51
523.0,2016-10-06 08:19:00,1,7,6,6,45,51
523.0,2016-10-06 08:22:00,2,1,-1,4,47,51
523.0,2016-10-06 08:25:00,2,1,-1,3,48,51
523.0,2016-10-06 08:28:00,1,0,-1,2,49,51
523.0,2016-10-06 08:31:00,2,1,-1,1,50,51
523.0,2016-10-06 08:34:00,1,0,-1,0,51,51
523.0,2016-10-06 08:37:00,0,2,2,2,49,51
523.0,2016-10-06 08:40:00,2,2,0,2,49,51
523.0,2016-10-06 08:43:00,4,3,-1,1,50,51
523.0,2016-10-06 08:46:00,3,2,-1,0,51,51
523.0,2016-10-06 08:49:00,2,3,1,1,50,51
523.0,2016-10-06 08:52:00,3,5,2,3,48,51
523.0,2016-10-06 08:55:00,1,1,0,3,48,51
523.0,2016-10-06 08:57:00,2,2,0,3,48,51
523.0,2016-10-06 09:00:00,4,3,-1,2,49,51
523.0,2016-10-06 09:03:00,2,0,-2,0,51,51
523.0,2016-10-06 09:06:00,1,5,4,4,47,51
523.0,2016-10-06 09:09:00,3,3,0,4,47,51
523.0,2016-10-06 09:12:00,5,4,-1,3,48,51
523.0,2016-10-06 09:15:00,2,2,0,3,48,51
523.0,2016-10-06 09:18:00,3,2,-1,2,49,51
523.0,2016-10-06 09:21:00,2,3,1,3,48,51
523.0,2016-10-06 09:24:00,7,4,-3,0,51,51
523.0,2016-10-06 09:27:00,1,1,0,0,51,51
523.0,2016-10-06 09:30:00,1,1,0,0,51,51
523.0,2016-10-06 09:32:00,2,2,0,1,50,51
523.0,2016-10-06 09:35:00,0,0,0,1,50,51
523.0,2016-10-06 09:38:00,3,3,0,1,50,51
523.0,2016-10-06 09:41:00,3,4,1,2,49,51
523.0,2016-10-06 09:44:00,3,2,-1,1,50,51
523.0,2016-10-06 09:47:00,2,4,2,3,48,51
523.0,2016-10-06 09:50:00,2,0,-2,1,50,51
523.0,2016-10-06 09:53:00,2,0,-2,0,51,51
523.0,2016-10-06 09:56:00,1,1,0,0,51,51
523.0,2016-10-06 09:59:00,0,0,0,0,51,51
523.0,2016-10-06 10:02:00,2,2,0,0,51,51
523.0,2016-10-06 10:05:00,1,2,1,1,50,51
523.0,2016-10-06 10:06:00,2,1,-1,0,51,51
523.0,2016-10-06 10:09:00,0,0,0,0,51,51
523.0,2016-10-06 10:12:00,1,2,1,1,50,51
523.0,2016-10-06 10:15:00,1,1,0,1,50,51
523.0,2016-10-06 10:18:00,0,1,1,2,49,51
523.0,2016-10-06 10:21:00,0,0,0,2,49,51
523.0,2016-10-06 10:24:00,1,0,-1,1,50,51
523.0,2016-10-06 10:27:00,0,1,1,2,49,51
523.0,2016-10-06 10:30:00,0,0,0,2,49,51
523.0,2016-10-06 10:33:00,0,2,2,4,47,51
523.0,2016-10-06 10:36:00,0,0,0,4,47,51
523.0,2016-10-06 10:39:00,0,0,0,4,47,51
523.0,2016-10-06 10:40:00,0,1,1,4,47,51
523.0,2016-10-06 10:43:00,0,0,0,4,47,51
523.0,2016-10-06 10:46:00,0,0,0,4,47,51
523.0,2016-10-06 10:49:00,1,2,1,5,46,51
523.0,2016-10-06 10:52:00,2,1,-1,4,47,51
523.0,2016-10-06 10:55:00,0,1,1,5,46,51
523.0,2016-10-06 10:58:00,0,1,1,6,45,51
523.0,2016-10-06 11:01:00,1,0,-1,5,46,51
523.0,2016-10-06 11:04:00,0,2,2,7,44,51
523.0,2016-10-06 11:07:00,3,0,-3,4,47,51
523.0,2016-10-06 11:10:00,1,0,-1,3,48,51
523.0,2016-10-06 11:13:00,2,1,-1,2,49,51
523.0,2016-10-06 11:14:00,2,1,-1,2,49,51
523.0,2016-10-06 11:17:00,1,0,-1,1,50,51
523.0,2016-10-06 11:20:00,1,1,0,1,50,51
523.0,2016-10-06 11:23:00,0,0,0,1,50,51
523.0,2016-10-06 11:26:00,0,0,0,1,50,51
523.0,2016-10-06 11:29:00,0,2,2,3,48,51
523.0,2016-10-06 11:32:00,0,0,0,3,48,51
523.0,2016-10-06 11:35:00,2,1,-1,2,49,51
523.0,2016-10-06 11:38:00,0,0,0,2,49,51
523.0,2016-10-06 11:40:00,0,0,0,2,49,51
523.0,2016-10-06 11:43:00,0,0,0,2,49,51
523.0,2016-10-06 11:46:00,0,2,2,4,47,51
523.0,2016-10-06 11:49:00,0,0,0,4,47,51
523.0,2016-10-06 11:52:00,1,2,1,5,46,51
523.0,2016-10-06 11:55:00,0,1,1,6,45,51
523.0,2016-10-06 11:58:00,0,1,1,7,44,51
523.0,2016-10-06 12:01:00,2,1,-1,6,45,51
523.0,2016-10-06 12:04:00,2,2,0,6,45,51
523.0,2016-10-06 12:07:00,0,1,1,7,44,51
523.0,2016-10-06 12:10:00,1,2,1,8,43,51
523.0,2016-10-06 12:13:00,1,0,-1,20,31,51
523.0,2016-10-06 12:16:00,0,0,0,20,31,51
523.0,2016-10-06 12:19:00,1,0,-1,19,32,51
523.0,2016-10-06 12:22:00,1,1,0,19,32,51
523.0,2016-10-06 12:25:00,0,0,0,19,32,51
523.0,2016-10-06 12:28:00,0,0,0,19,32,51
523.0,2016-10-06 12:31:00,0,1,1,20,31,51
523.0,2016-10-06 12:34:00,0,1,1,21,30,51
523.0,2016-10-06 12:37:00,1,0,-1,20,31,51
523.0,2016-10-06 12:39:00,1,0,-1,18,33,51
523.0,2016-10-06 12:42:00,0,1,1,19,32,51
523.0,2016-10-06 12:45:00,1,2,1,20,31,51
523.0,2016-10-06 12:48:00,2,2,0,20,31,51
523.0,2016-10-06 12:51:00,0,4,4,24,27,51
523.0,2016-10-06 12:54:00,2,0,-2,22,29,51
523.0,2016-10-06 12:57:00,2,2,0,22,29,51
523.0,2016-10-06 13:00:00,3,1,-2,20,31,51
523.0,2016-10-06 13:03:00,0,1,1,21,30,51
523.0,2016-10-06 13:06:00,0,1,1,22,29,51
523.0,2016-10-06 13:09:00,0,0,0,22,29,51
523.0,2016-10-06 13:12:00,1,1,0,22,29,51
523.0,2016-10-06 13:15:00,0,0,0,22,29,51
523.0,2016-10-06 13:18:00,0,0,0,22,29,51
523.0,2016-10-06 13:21:00,0,1,1,23,28,51
523.0,2016-10-06 13:23:00,2,2,0,11,40,51
523.0,2016-10-06 13:26:00,1,2,1,12,39,51
523.0,2016-10-06 13:29:00,1,1,0,12,39,51
523.0,2016-10-06 13:32:00,0,1,1,13,38,51
523.0,2016-10-06 13:35:00,0,2,2,15,36,51
523.0,2016-10-06 13:38:00,0,0,0,15,36,51
523.0,2016-10-06 13:41:00,1,1,0,15,36,51
523.0,2016-10-06 13:44:00,1,2,1,16,35,51
523.0,2016-10-06 13:47:00,2,1,-1,15,36,51
523.0,2016-10-06 13:50:00,0,1,1,16,35,51
523.0,2016-10-06 13:53:00,0,1,1,17,34,51
523.0,2016-10-06 13:56:00,0,0,0,17,34,51
523.0,2016-10-06 13:59:00,2,0,-2,15,36,51
523.0,2016-10-06 14:00:00,0,1,1,16,35,51
523.0,2016-10-06 14:03:00,2,1,-1,15,36,51
523.0,2016-10-06 14:06:00,0,0,0,15,36,51
523.0,2016-10-06 14:09:00,1,1,0,15,36,51
523.0,2016-10-06 14:12:00,0,1,1,16,35,51
523.0,2016-10-06 14:15:00,0,0,0,16,35,51
523.0,2016-10-06 14:18:00,2,0,-2,14,37,51
523.0,2016-10-06 14:21:00,1,1,0,14,37,51
523.0,2016-10-06 14:24:00,0,1,1,15,36,51
523.0,2016-10-06 14:27:00,0,1,1,16,35,51
523.0,2016-10-06 14:30:00,1,1,0,16,35,51
523.0,2016-10-06 14:33:00,0,0,0,16,35,51
523.0,2016-10-06 14:36:00,1,0,-1,15,36,51
523.0,2016-10-06 14:39:00,0,0,0,15,36,51
523.0,2016-10-06 14:42:00,1,1,0,15,36,51
523.0,2016-10-06 14:45:00,0,2,2,17,34,51
523.0,2016-10-06 14:48:00,1,1,0,17,34,51
523.0,2016-10-06 14:51:00,0,1,1,18,33,51
523.0,2016-10-06 14:54:00,0,1,1,19,32,51
523.0,2016-10-06 14:57:00,1,2,1,20,31,51
523.0,2016-10-06 15:00:00,1,0,-1,19,32,51
523.0,2016-10-06 15:02:00,0,0,0,19,32,51
523.0,2016-10-06 15:05:00,0,1,1,20,31,51
523.0,2016-10-06 15:08:00,1,0,-1,19,32,51
523.0,2016-10-06 15:11:00,2,2,0,19,32,51
523.0,2016-10-06 15:14:00,0,0,0,19,32,51
523.0,2016-10-06 15:17:00,0,0,0,19,32,51
523.0,2016-10-06 15:20:00,0,1,1,20,31,51
523.0,2016-10-06 15:23:00,1,0,-1,19,32,51
523.0,2016-10-06 15:26:00,3,0,-3,16,35,51
523.0,2016-10-06 15:29:00,2,1,-1,15,36,51
523.0,2016-10-06 15:32:00,2,1,-1,14,37,51
523.0,2016-10-06 15:35:00,2,1,-1,13,38,51
523.0,2016-10-06 15:38:00,1,3,2,15,36,51
523.0,2016-10-06 15:41:00,1,1,0,15,36,51
523.0,2016-10-06 15:44:00,1,3,2,17,34,51
523.0,2016-10-06 15:47:00,1,0,-1,16,35,51
523.0,2016-10-06 15:50:00,1,0,-1,15,36,51
523.0,2016-10-06 15:53:00,3,3,0,15,36,51
523.0,2016-10-06 15:56:00,0,1,1,16,35,51
523.0,2016-10-06 15:59:00,1,0,-1,15,36,51
523.0,2016-10-06 16:02:00,1,1,0,15,36,51
523.0,2016-10-06 16:05:00,2,1,-1,14,37,51
523.0,2016-10-06 16:08:00,0,5,5,19,32,51
523.0,2016-10-06 16:09:00,0,3,3,22,29,51
523.0,2016-10-06 16:12:00,2,0,-2,20,31,51
523.0,2016-10-06 16:15:00,0,2,2,22,29,51
523.0,2016-10-06 16:18:00,7,2,-5,17,34,51
523.0,2016-10-06 16:21:00,3,1,-2,15,36,51
523.0,2016-10-06 16:24:00,2,2,0,15,36,51
523.0,2016-10-06 16:27:00,0,0,0,15,36,51
523.0,2016-10-06 16:30:00,1,1,0,15,36,51
523.0,2016-10-06 16:33:00,2,2,0,15,36,51
523.0,2016-10-06 16:36:00,1,3,2,17,34,51
523.0,2016-10-06 16:39:00,0,4,4,21,30,51
523.0,2016-10-06 16:42:00,0,1,1,22,29,51
523.0,2016-10-06 16:45:00,3,3,0,22,29,51
523.0,2016-10-06 16:48:00,1,5,4,26,25,51
523.0,2016-10-06 16:51:00,2,8,6,32,19,51
523.0,2016-10-06 16:54:00,0,3,3,35,16,51
523.0,2016-10-06 16:57:00,2,1,-1,34,17,51
523.0,2016-10-06 17:00:00,2,2,0,34,17,51
523.0,2016-10-06 17:03:00,2,1,-1,33,18,51
523.0,2016-10-06 17:06:00,3,4,1,34,17,51
523.0,2016-10-06 17:09:00,4,2,-2,32,19,51
523.0,2016-10-06 17:12:00,0,2,2,34,17,51
523.0,2016-10-06 17:15:00,4,1,-3,31,20,51
523.0,2016-10-06 17:18:00,2,6,4,35,16,51
523.0,2016-10-06 17:21:00,5,4,-1,34,17,51
523.0,2016-10-06 17:23:00,1,6,5,36,15,51
523.0,2016-10-06 17:26:00,1,2,1,37,14,51
523.0,2016-10-06 17:29:00,4,2,-2,35,16,51
523.0,2016-10-06 17:32:00,3,0,-3,32,19,51
523.0,2016-10-06 17:35:00,0,6,6,38,13,51
523.0,2016-10-06 17:38:00,1,2,1,39,12,51
523.0,2016-10-06 17:41:00,4,2,-2,37,14,51
523.0,2016-10-06 17:44:00,3,2,-1,36,15,51
523.0,2016-10-06 17:47:00,0,3,3,39,12,51
523.0,2016-10-06 17:50:00,2,1,-1,38,13,51
523.0,2016-10-06 17:53:00,4,5,1,39,12,51
523.0,2016-10-06 17:56:00,1,1,0,39,12,51
523.0,2016-10-06 17:59:00,1,1,0,39,12,51
523.0,2016-10-06 18:02:00,4,3,-1,38,13,51
523.0,2016-10-06 18:05:00,1,4,3,41,10,51
523.0,2016-10-06 18:08:00,7,3,-4,37,14,51
523.0,2016-10-06 18:11:00,6,2,-4,33,18,51
523.0,2016-10-06 18:14:00,3,3,0,33,18,51
523.0,2016-10-06 18:17:00,3,6,3,36,15,51
523.0,2016-10-06 18:20:00,3,4,1,37,14,51
523.0,2016-10-06 18:23:00,0,6,6,43,8,51
523.0,2016-10-06 18:26:00,3,5,2,45,6,51
523.0,2016-10-06 18:29:00,3,4,1,46,5,51
523.0,2016-10-06 18:32:00,1,1,0,46,5,51
523.0,2016-10-06 18:35:00,2,3,1,47,4,51
523.0,2016-10-06 18:38:00,2,1,-1,48,3,51
523.0,2016-10-06 18:41:00,1,0,-1,47,4,51
523.0,2016-10-06 18:44:00,1,0,-1,46,5,51
523.0,2016-10-06 18:47:00,2,1,-1,45,6,51
523.0,2016-10-06 18:50:00,2,0,-2,43,8,51
523.0,2016-10-06 18:53:00,1,1,0,43,8,51
523.0,2016-10-06 18:56:00,2,0,-2,41,10,51
523.0,2016-10-06 18:59:00,6,3,-3,38,13,51
523.0,2016-10-06 19:02:00,2,4,2,40,11,51
523.0,2016-10-06 19:05:00,3,1,-2,38,13,51
523.0,2016-10-06 19:08:00,3,0,-3,35,16,51
523.0,2016-10-06 19:11:00,3,3,0,35,16,51
523.0,2016-10-06 19:14:00,2,2,0,35,16,51
523.0,2016-10-06 19:17:00,2,1,-1,34,17,51
523.0,2016-10-06 19:20:00,2,2,0,34,17,51
523.0,2016-10-06 19:23:00,1,3,2,36,15,51
523.0,2016-10-06 19:26:00,3,0,-3,33,18,51
523.0,2016-10-06 19:29:00,1,2,1,34,17,51
523.0,2016-10-06 19:32:00,0,3,3,37,14,51
523.0,2016-10-06 19:35:00,0,2,2,41,10,51
523.0,2016-10-06 19:38:00,1,1,0,41,10,51
523.0,2016-10-06 19:41:00,2,1,-1,40,11,51
523.0,2016-10-06 19:44:00,2,1,-1,39,12,51
523.0,2016-10-06 19:47:00,1,0,-1,38,13,51
523.0,2016-10-06 19:50:00,1,2,1,39,12,51
523.0,2016-10-06 19:53:00,2,2,0,39,12,51
523.0,2016-10-06 19:56:00,2,0,-2,37,14,51
523.0,2016-10-06 19:59:00,1,3,2,39,12,51
523.0,2016-10-06 20:02:00,0,1,1,40,11,51
523.0,2016-10-06 20:05:00,0,1,1,41,10,51
523.0,2016-10-06 20:08:00,0,1,1,42,9,51
523.0,2016-10-06 20:11:00,1,1,0,41,10,51
523.0,2016-10-06 20:14:00,1,1,0,41,10,51
523.0,2016-10-06 20:17:00,0,0,0,41,10,51
523.0,2016-10-06 20:20:00,0,0,0,41,10,51
523.0,2016-10-06 20:23:00,2,2,0,41,10,51
523.0,2016-10-06 20:26:00,0,0,0,41,10,51
523.0,2016-10-06 20:29:00,0,2,2,43,8,51
523.0,2016-10-06 20:32:00,2,0,-2,41,10,51
523.0,2016-10-06 20:35:00,1,1,0,41,10,51
523.0,2016-10-06 20:38:00,1,0,-1,40,11,51
523.0,2016-10-06 20:41:00,0,0,0,40,11,51
523.0,2016-10-06 20:44:00,0,1,1,41,10,51
523.0,2016-10-06 20:46:00,1,0,-1,40,11,51
523.0,2016-10-06 20:49:00,2,1,-1,39,12,51
523.0,2016-10-06 20:52:00,0,0,0,39,12,51
523.0,2016-10-06 20:55:00,2,1,-1,38,13,51
523.0,2016-10-06 20:58:00,3,2,-1,37,14,51
523.0,2016-10-06 21:01:00,0,0,0,37,14,51
523.0,2016-10-06 21:04:00,0,0,0,37,14,51
523.0,2016-10-06 21:07:00,0,1,1,38,13,51
523.0,2016-10-06 21:10:00,0,1,1,39,12,51
523.0,2016-10-06 21:13:00,0,1,1,40,11,51
523.0,2016-10-06 21:16:00,2,0,-2,38,13,51
523.0,2016-10-06 21:19:00,2,1,-1,37,14,51
523.0,2016-10-06 21:20:00,0,1,1,37,14,51
523.0,2016-10-06 21:23:00,1,2,1,38,13,51
523.0,2016-10-06 21:26:00,1,1,0,38,13,51
523.0,2016-10-06 21:29:00,0,1,1,39,12,51
523.0,2016-10-06 21:32:00,0,0,0,39,12,51
523.0,2016-10-06 21:35:00,1,1,0,39,12,51
523.0,2016-10-06 21:38:00,0,0,0,39,12,51
523.0,2016-10-06 21:41:00,0,0,0,39,12,51
523.0,2016-10-06 21:44:00,0,0,0,39,12,51
523.0,2016-10-06 21:47:00,2,0,-2,37,14,51
523.0,2016-10-06 21:50:00,1,0,-1,36,15,51
523.0,2016-10-06 21:53:00,2,0,-2,34,17,51
523.0,2016-10-06 21:54:00,1,0,-1,32,19,51
523.0,2016-10-06 21:57:00,1,0,-1,31,20,51
523.0,2016-10-06 22:00:00,1,0,-1,30,21,51
523.0,2016-10-06 22:03:00,1,0,-1,29,22,51
523.0,2016-10-06 22:06:00,0,0,0,29,22,51
523.0,2016-10-06 22:09:00,0,0,0,29,22,51
523.0,2016-10-06 22:12:00,0,0,0,29,22,51
523.0,2016-10-06 22:15:00,0,0,0,29,22,51
523.0,2016-10-06 22:18:00,0,2,2,31,20,51
523.0,2016-10-06 22:20:00,0,0,0,31,20,51
523.0,2016-10-06 22:23:00,0,0,0,31,20,51
523.0,2016-10-06 22:26:00,0,0,0,31,20,51
523.0,2016-10-06 22:29:00,2,0,-2,29,22,51
523.0,2016-10-06 22:32:00,1,0,-1,28,23,51
523.0,2016-10-06 22:35:00,1,1,0,28,23,51
523.0,2016-10-06 22:38:00,1,1,0,28,23,51
523.0,2016-10-06 22:41:00,0,0,0,28,23,51
523.0,2016-10-06 22:44:00,0,0,0,28,23,51
523.0,2016-10-06 22:47:00,0,0,0,28,23,51
523.0,2016-10-06 22:50:00,1,0,-1,27,24,51
523.0,2016-10-06 22:51:00,1,0,-1,27,24,51
523.0,2016-10-06 22:54:00,0,0,0,27,24,51
523.0,2016-10-06 22:57:00,1,1,0,27,24,51
523.0,2016-10-06 23:00:00,0,0,0,27,24,51
523.0,2016-10-06 23:03:00,0,0,0,27,24,51
523.0,2016-10-06 23:06:00,0,0,0,27,24,51
523.0,2016-10-06 23:09:00,0,0,0,27,24,51
523.0,2016-10-06 23:12:00,0,0,0,27,24,51
523.0,2016-10-06 23:15:00,0,0,0,27,24,51
523.0,2016-10-06 23:18:00,0,0,0,27,24,51
523.0,2016-10-06 23:21:00,0,0,0,27,24,51
523.0,2016-10-06 23:24:00,0,0,0,27,24,51
523.0,2016-10-06 23:25:00,0,0,0,27,24,51
523.0,2016-10-06 23:28:00,0,0,0,27,24,51
523.0,2016-10-06 23:31:00,0,0,0,27,24,51
523.0,2016-10-06 23:34:00,0,0,0,27,24,51
523.0,2016-10-06 23:37:00,0,0,0,27,24,51
523.0,2016-10-06 23:40:00,1,0,-1,26,25,51
523.0,2016-10-06 23:43:00,0,0,0,26,25,51
523.0,2016-10-06 23:46:00,0,0,0,26,25,51
523.0,2016-10-06 23:49:00,0,0,0,26,25,51
523.0,2016-10-06 23:52:00,3,0,-3,23,28,51
523.0,2016-10-06 23:55:00,0,0,0,23,28,51
523.0,2016-10-06 23:58:00,0,1,1,24,27,51
523.0,2016-10-07 00:01:00,0,0,0,24,27,51
523.0,2016-10-07 00:04:00,0,0,0,24,27,51
523.0,2016-10-07 00:07:00,0,0,0,24,27,51
523.0,2016-10-07 00:10:00,1,0,-1,23,28,51
523.0,2016-10-07 00:13:00,0,0,0,23,28,51
523.0,2016-10-07 00:14:00,0,0,0,7,44,51
523.0,2016-10-07 00:17:00,0,0,0,7,44,51
523.0,2016-10-07 00:20:00,0,1,1,8,43,51
523.0,2016-10-07 00:23:00,0,0,0,8,43,51
523.0,2016-10-07 00:26:00,0,1,1,9,42,51
523.0,2016-10-07 00:29:00,0,0,0,9,42,51
523.0,2016-10-07 00:32:00,0,0,0,9,42,51
523.0,2016-10-07 00:35:00,1,0,-1,8,43,51
523.0,2016-10-07 00:38:00,0,0,0,8,43,51
523.0,2016-10-07 00:41:00,0,0,0,8,43,51
523.0,2016-10-07 00:44:00,0,0,0,8,43,51
523.0,2016-10-07 00:47:00,0,0,0,8,43,51
523.0,2016-10-07 00:49:00,0,0,0,8,43,51
523.0,2016-10-07 00:52:00,0,0,0,8,43,51
523.0,2016-10-07 00:55:00,0,0,0,8,43,51
523.0,2016-10-07 00:58:00,0,0,0,8,43,51
523.0,2016-10-07 01:01:00,0,0,0,8,43,51
523.0,2016-10-07 01:02:00,0,0,0,24,27,51
523.0,2016-10-07 01:05:00,0,0,0,24,27,51
523.0,2016-10-07 01:08:00,0,0,0,24,27,51
523.0,2016-10-07 01:11:00,0,0,0,24,27,51
523.0,2016-10-07 01:14:00,0,0,0,24,27,51
523.0,2016-10-07 01:17:00,0,0,0,24,27,51
523.0,2016-10-07 01:20:00,0,0,0,24,27,51
523.0,2016-10-07 01:23:00,0,0,0,24,27,51
523.0,2016-10-07 01:26:00,1,1,0,24,27,51
523.0,2016-10-07 01:29:00,0,0,0,24,27,51
523.0,2016-10-07 01:32:00,0,0,0,24,27,51
523.0,2016-10-07 01:34:00,0,0,0,24,27,51
523.0,2016-10-07 01:37:00,0,0,0,24,27,51
523.0,2016-10-07 01:40:00,0,0,0,24,27,51
523.0,2016-10-07 01:43:00,0,0,0,24,27,51
523.0,2016-10-07 01:46:00,0,0,0,24,27,51
523.0,2016-10-07 01:49:00,0,0,0,24,27,51
523.0,2016-10-07 01:52:00,0,0,0,24,27,51
523.0,2016-10-07 01:55:00,0,0,0,24,27,51
523.0,2016-10-07 01:58:00,1,0,-1,23,28,51
523.0,2016-10-07 02:01:00,0,0,0,23,28,51
523.0,2016-10-07 02:04:00,0,1,1,24,27,51
523.0,2016-10-07 02:06:00,0,0,0,24,27,51
523.0,2016-10-07 02:09:00,0,0,0,24,27,51
523.0,2016-10-07 02:12:00,0,0,0,24,27,51
523.0,2016-10-07 02:15:00,0,0,0,24,27,51
523.0,2016-10-07 02:18:00,0,0,0,24,27,51
523.0,2016-10-07 02:21:00,0,0,0,24,27,51
523.0,2016-10-07 02:24:00,0,0,0,24,27,51
523.0,2016-10-07 02:27:00,0,0,0,24,27,51
523.0,2016-10-07 02:30:00,0,0,0,24,27,51
523.0,2016-10-07 02:33:00,0,0,0,24,27,51
523.0,2016-10-07 02:36:00,0,0,0,24,27,51
523.0,2016-10-07 02:38:00,0,0,0,24,27,51
523.0,2016-10-07 02:41:00,0,0,0,24,27,51
523.0,2016-10-07 02:44:00,0,0,0,24,27,51
523.0,2016-10-07 02:47:00,0,0,0,24,27,51
523.0,2016-10-07 02:50:00,0,0,0,24,27,51
523.0,2016-10-07 02:53:00,0,0,0,24,27,51
523.0,2016-10-07 02:56:00,0,0,0,24,27,51
523.0,2016-10-07 02:59:00,0,0,0,24,27,51
523.0,2016-10-07 03:02:00,0,0,0,24,27,51
523.0,2016-10-07 03:05:00,0,0,0,24,27,51
523.0,2016-10-07 03:08:00,0,0,0,24,27,51
523.0,2016-10-07 03:09:00,0,0,0,25,26,51
523.0,2016-10-07 03:12:00,0,0,0,25,26,51
523.0,2016-10-07 03:15:00,0,0,0,25,26,51
523.0,2016-10-07 03:18:00,0,1,1,26,25,51
523.0,2016-10-07 03:21:00,0,0,0,26,25,51
523.0,2016-10-07 03:24:00,0,0,0,26,25,51
523.0,2016-10-07 03:27:00,0,0,0,26,25,51
523.0,2016-10-07 03:30:00,0,0,0,26,25,51
523.0,2016-10-07 03:33:00,0,0,0,26,25,51
523.0,2016-10-07 03:36:00,0,0,0,26,25,51
523.0,2016-10-07 03:39:00,0,0,0,26,25,51
523.0,2016-10-07 03:42:00,0,0,0,26,25,51
523.0,2016-10-07 03:45:00,0,0,0,26,25,51
523.0,2016-10-07 03:46:00,0,0,0,26,25,51
523.0,2016-10-07 03:49:00,0,0,0,26,25,51
523.0,2016-10-07 03:52:00,0,0,0,26,25,51
523.0,2016-10-07 03:55:00,0,0,0,26,25,51
523.0,2016-10-07 03:58:00,0,0,0,26,25,51
523.0,2016-10-07 04:01:00,0,0,0,26,25,51
523.0,2016-10-07 04:04:00,0,0,0,26,25,51
523.0,2016-10-07 04:07:00,0,0,0,26,25,51
523.0,2016-10-07 04:10:00,0,0,0,26,25,51
523.0,2016-10-07 04:13:00,0,0,0,26,25,51
523.0,2016-10-07 04:16:00,0,0,0,26,25,51
523.0,2016-10-07 04:17:00,0,0,0,26,25,51
523.0,2016-10-07 04:20:00,0,0,0,26,25,51
523.0,2016-10-07 04:23:00,0,0,0,26,25,51
523.0,2016-10-07 04:26:00,0,0,0,26,25,51
523.0,2016-10-07 04:29:00,0,0,0,26,25,51
523.0,2016-10-07 04:32:00,0,0,0,26,25,51
523.0,2016-10-07 04:35:00,0,0,0,26,25,51
523.0,2016-10-07 04:38:00,0,0,0,26,25,51
523.0,2016-10-07 04:41:00,0,0,0,26,25,51
523.0,2016-10-07 04:44:00,0,0,0,26,25,51
523.0,2016-10-07 04:47:00,0,0,0,26,25,51
523.0,2016-10-07 04:48:00,0,0,0,26,25,51
523.0,2016-10-07 04:51:00,0,0,0,26,25,51
523.0,2016-10-07 04:54:00,0,0,0,26,25,51
523.0,2016-10-07 04:57:00,0,0,0,26,25,51
523.0,2016-10-07 05:00:00,0,0,0,26,25,51
523.0,2016-10-07 05:03:00,0,1,1,27,24,51
523.0,2016-10-07 05:06:00,0,0,0,27,24,51
523.0,2016-10-07 05:09:00,0,0,0,27,24,51
523.0,2016-10-07 05:12:00,0,0,0,27,24,51
523.0,2016-10-07 05:15:00,0,0,0,27,24,51
523.0,2016-10-07 05:18:00,0,0,0,27,24,51
523.0,2016-10-07 05:21:00,0,0,0,27,24,51
523.0,2016-10-07 05:24:00,0,0,0,27,24,51
523.0,2016-10-07 05:27:00,0,0,0,27,24,51
523.0,2016-10-07 05:30:00,0,0,0,27,24,51
523.0,2016-10-07 05:33:00,0,0,0,27,24,51
523.0,2016-10-07 05:36:00,0,0,0,27,24,51
523.0,2016-10-07 05:39:00,0,0,0,27,24,51
523.0,2016-10-07 05:42:00,0,0,0,27,24,51
523.0,2016-10-07 05:45:00,0,0,0,27,24,51
523.0,2016-10-07 05:48:00,0,1,1,28,23,51
523.0,2016-10-07 05:51:00,1,0,-1,27,24,51
523.0,2016-10-07 05:54:00,0,0,0,27,24,51
523.0,2016-10-07 05:55:00,0,0,0,27,24,51
523.0,2016-10-07 05:58:00,0,0,0,27,24,51
523.0,2016-10-07 06:01:00,0,0,0,27,24,51
523.0,2016-10-07 06:04:00,0,1,1,28,23,51
523.0,2016-10-07 06:07:00,0,0,0,28,23,51
523.0,2016-10-07 06:10:00,0,0,0,28,23,51
523.0,2016-10-07 06:13:00,0,0,0,28,23,51
523.0,2016-10-07 06:16:00,0,0,0,28,23,51
523.0,2016-10-07 06:19:00,1,0,-1,27,24,51
523.0,2016-10-07 06:22:00,0,0,0,27,24,51
523.0,2016-10-07 06:25:00,0,0,0,27,24,51
523.0,2016-10-07 06:28:00,0,0,0,27,24,51
523.0,2016-10-07 06:30:00,0,0,0,27,24,51
523.0,2016-10-07 06:33:00,0,1,1,28,23,51
523.0,2016-10-07 06:36:00,1,0,-1,27,24,51
523.0,2016-10-07 06:39:00,0,0,0,27,24,51
523.0,2016-10-07 06:42:00,2,0,-2,25,26,51
523.0,2016-10-07 06:45:00,2,0,-2,23,28,51
523.0,2016-10-07 06:48:00,0,0,0,23,28,51
523.0,2016-10-07 06:51:00,0,0,0,23,28,51
523.0,2016-10-07 06:54:00,1,0,-1,22,29,51
523.0,2016-10-07 06:57:00,0,0,0,22,29,51
523.0,2016-10-07 07:00:00,2,0,-2,20,31,51
523.0,2016-10-07 07:03:00,3,0,-3,17,34,51
523.0,2016-10-07 07:06:00,2,1,-1,16,35,51
523.0,2016-10-07 07:09:00,0,0,0,16,35,51
523.0,2016-10-07 07:12:00,1,0,-1,15,36,51
523.0,2016-10-07 07:15:00,2,0,-2,13,38,51
523.0,2016-10-07 07:18:00,1,0,-1,12,39,51
523.0,2016-10-07 07:21:00,2,0,-2,10,41,51
523.0,2016-10-07 07:24:00,1,0,-1,9,42,51
523.0,2016-10-07 07:27:00,3,0,-3,6,45,51
523.0,2016-10-07 07:30:00,0,0,0,6,45,51
523.0,2016-10-07 07:33:00,1,0,-1,5,46,51
523.0,2016-10-07 07:36:00,1,0,-1,4,47,51
523.0,2016-10-07 07:39:00,2,0,-2,2,49,51
523.0,2016-10-07 07:42:00,3,0,-3,0,51,51
523.0,2016-10-07 07:45:00,0,1,1,1,50,51
523.0,2016-10-07 07:48:00,1,0,-1,0,51,51
523.0,2016-10-07 07:51:00,0,0,0,0,51,51
523.0,2016-10-07 07:54:00,0,0,0,0,51,51
523.0,2016-10-07 07:57:00,0,0,0,0,51,51
523.0,2016-10-07 08:00:00,1,2,1,1,50,51
523.0,2016-10-07 08:03:00,2,1,-1,0,51,51
523.0,2016-10-07 08:06:00,0,0,0,0,51,51
523.0,2016-10-07 08:09:00,0,3,3,3,48,51
523.0,2016-10-07 08:12:00,1,0,-1,2,49,51
523.0,2016-10-07 08:15:00,2,2,0,2,49,51
523.0,2016-10-07 08:18:00,4,3,-1,0,51,51
523.0,2016-10-07 08:21:00,0,1,1,1,50,51
523.0,2016-10-07 08:24:00,3,2,-1,0,51,51
523.0,2016-10-07 08:27:00,0,3,3,3,48,51
523.0,2016-10-07 08:30:00,2,1,-1,2,49,51
523.0,2016-10-07 08:33:00,1,4,3,5,46,51
523.0,2016-10-07 08:36:00,1,4,3,8,43,51
523.0,2016-10-07 08:39:00,1,2,1,9,42,51
523.0,2016-10-07 08:42:00,1,3,2,11,40,51
523.0,2016-10-07 08:45:00,6,2,-4,7,44,51
523.0,2016-10-07 08:48:00,3,0,-3,4,47,51
523.0,2016-10-07 08:51:00,3,4,1,5,46,51
523.0,2016-10-07 08:54:00,4,2,-2,3,48,51
523.0,2016-10-07 08:55:00,4,4,0,6,45,51
523.0,2016-10-07 08:58:00,5,0,-5,1,50,51
523.0,2016-10-07 09:01:00,2,5,3,4,47,51
523.0,2016-10-07 09:04:00,1,3,2,6,45,51
523.0,2016-10-07 09:07:00,2,0,-2,4,47,51
523.0,2016-10-07 09:10:00,2,1,-1,3,48,51
523.0,2016-10-07 09:13:00,3,3,0,3,48,51
523.0,2016-10-07 09:16:00,5,4,-1,2,49,51
523.0,2016-10-07 09:19:00,1,2,1,3,48,51
523.0,2016-10-07 09:22:00,4,3,-1,2,49,51
523.0,2016-10-07 09:25:00,1,2,1,3,48,51
523.0,2016-10-07 09:28:00,3,4,1,4,47,51
523.0,2016-10-07 09:30:00,8,2,-6,0,51,51
523.0,2016-10-07 09:33:00,2,2,0,0,51,51
523.0,2016-10-07 09:36:00,1,2,1,1,50,51
523.0,2016-10-07 09:39:00,2,0,-2,0,51,51
523.0,2016-10-07 09:42:00,1,2,1,1,50,51
523.0,2016-10-07 09:45:00,3,2,-1,0,51,51
523.0,2016-10-07 09:48:00,1,1,0,0,51,51
523.0,2016-10-07 09:51:00,0,0,0,0,51,51
523.0,2016-10-07 09:54:00,1,2,1,1,50,51
523.0,2016-10-07 09:57:00,1,1,0,1,50,51
523.0,2016-10-07 10:00:00,1,1,0,1,50,51
523.0,2016-10-07 10:03:00,0,0,0,1,50,51
523.0,2016-10-07 10:05:00,0,0,0,2,49,51
523.0,2016-10-07 10:08:00,0,1,1,3,48,51
523.0,2016-10-07 10:11:00,0,0,0,3,48,51
523.0,2016-10-07 10:14:00,0,1,1,4,47,51
523.0,2016-10-07 10:17:00,0,1,1,5,46,51
523.0,2016-10-07 10:20:00,1,1,0,5,46,51
523.0,2016-10-07 10:23:00,0,0,0,5,46,51
523.0,2016-10-07 10:26:00,0,1,1,6,45,51
523.0,2016-10-07 10:29:00,1,0,-1,5,46,51
523.0,2016-10-07 10:32:00,0,1,1,6,45,51
523.0,2016-10-07 10:35:00,0,0,0,6,45,51
523.0,2016-10-07 10:38:00,0,1,1,7,44,51
523.0,2016-10-07 10:41:00,2,1,-1,6,45,51
523.0,2016-10-07 10:44:00,4,2,-2,4,47,51
523.0,2016-10-07 10:47:00,0,1,1,5,46,51
523.0,2016-10-07 10:50:00,0,1,1,6,45,51
523.0,2016-10-07 10:53:00,0,0,0,6,45,51
523.0,2016-10-07 10:55:00,1,0,-1,5,46,51
523.0,2016-10-07 10:58:00,0,1,1,6,45,51
523.0,2016-10-07 11:01:00,1,0,-1,5,46,51
523.0,2016-10-07 11:04:00,0,1,1,6,45,51
523.0,2016-10-07 11:07:00,1,0,-1,5,46,51
523.0,2016-10-07 11:10:00,0,1,1,6,45,51
523.0,2016-10-07 11:13:00,2,2,0,6,45,51
523.0,2016-10-07 11:16:00,0,0,0,6,45,51
523.0,2016-10-07 11:19:00,0,3,3,9,42,51
523.0,2016-10-07 11:22:00,0,1,1,10,41,51
523.0,2016-10-07 11:25:00,2,0,-2,8,43,51
523.0,2016-10-07 11:28:00,0,0,0,8,43,51
523.0,2016-10-07 11:31:00,0,1,1,9,42,51
523.0,2016-10-07 11:32:00,0,0,0,8,43,51
523.0,2016-10-07 11:35:00,0,0,0,8,43,51
523.0,2016-10-07 11:38:00,1,0,-1,7,44,51
523.0,2016-10-07 11:41:00,0,2,2,9,42,51
523.0,2016-10-07 11:44:00,1,1,0,9,42,51
523.0,2016-10-07 11:47:00,1,0,-1,8,43,51
523.0,2016-10-07 11:50:00,0,1,1,9,42,51
523.0,2016-10-07 11:53:00,2,1,-1,8,43,51
523.0,2016-10-07 11:56:00,0,2,2,10,41,51
523.0,2016-10-07 11:59:00,0,1,1,11,40,51
523.0,2016-10-07 12:02:00,1,0,-1,10,41,51
523.0,2016-10-07 12:05:00,0,0,0,10,41,51
523.0,2016-10-07 12:08:00,2,0,-2,8,43,51
523.0,2016-10-07 12:11:00,0,2,2,10,41,51
523.0,2016-10-07 12:14:00,0,1,1,11,40,51
523.0,2016-10-07 12:17:00,3,2,-1,10,41,51
523.0,2016-10-07 12:20:00,1,1,0,10,41,51
523.0,2016-10-07 12:23:00,0,3,3,13,38,51
523.0,2016-10-07 12:26:00,0,2,2,15,36,51
523.0,2016-10-07 12:29:00,0,2,2,17,34,51
523.0,2016-10-07 12:30:00,1,1,0,25,26,51
523.0,2016-10-07 12:33:00,4,1,-3,22,29,51
523.0,2016-10-07 12:36:00,1,0,-1,21,30,51
523.0,2016-10-07 12:39:00,0,1,1,22,29,51
523.0,2016-10-07 12:42:00,2,0,-2,20,31,51
523.0,2016-10-07 12:45:00,2,1,-1,19,32,51
523.0,2016-10-07 12:48:00,1,0,-1,18,33,51
523.0,2016-10-07 12:51:00,1,0,-1,17,34,51
523.0,2016-10-07 12:54:00,1,1,0,17,34,51
523.0,2016-10-07 12:57:00,1,0,-1,16,35,51
523.0,2016-10-07 13:00:00,2,0,-2,14,37,51
523.0,2016-10-07 13:03:00,0,1,1,15,36,51
523.0,2016-10-07 13:06:00,2,1,-1,14,37,51
523.0,2016-10-07 13:09:00,0,0,0,14,37,51
523.0,2016-10-07 13:12:00,2,1,-1,13,38,51
523.0,2016-10-07 13:15:00,1,0,-1,12,39,51
523.0,2016-10-07 13:18:00,0,1,1,4,47,51
523.0,2016-10-07 13:21:00,1,0,-1,3,48,51
523.0,2016-10-07 13:24:00,0,6,6,9,42,51
523.0,2016-10-07 13:27:00,1,3,2,11,40,51
523.0,2016-10-07 13:30:00,2,1,-1,10,41,51
523.0,2016-10-07 13:33:00,4,0,-4,6,45,51
523.0,2016-10-07 13:36:00,1,1,0,6,45,51
523.0,2016-10-07 13:39:00,0,0,0,6,45,51
523.0,2016-10-07 13:42:00,2,0,-2,4,47,51
523.0,2016-10-07 13:45:00,0,0,0,4,47,51
523.0,2016-10-07 13:48:00,0,1,1,5,46,51
523.0,2016-10-07 13:51:00,0,1,1,6,45,51
523.0,2016-10-07 13:54:00,0,3,3,9,42,51
523.0,2016-10-07 13:56:00,0,0,0,9,42,51
523.0,2016-10-07 13:59:00,1,0,-1,8,43,51
523.0,2016-10-07 14:02:00,1,2,1,9,42,51
523.0,2016-10-07 14:05:00,0,3,3,12,39,51
523.0,2016-10-07 14:08:00,1,1,0,12,39,51
523.0,2016-10-07 14:11:00,1,0,-1,11,40,51
523.0,2016-10-07 14:14:00,1,0,-1,10,41,51
523.0,2016-10-07 14:17:00,0,2,2,12,39,51
523.0,2016-10-07 14:20:00,0,1,1,13,38,51
523.0,2016-10-07 14:23:00,0,1,1,14,37,51
523.0,2016-10-07 14:26:00,1,0,-1,13,38,51
523.0,2016-10-07 14:29:00,1,3,2,15,36,51
523.0,2016-10-07 14:32:00,0,1,1,16,35,51
523.0,2016-10-07 14:35:00,0,3,3,19,32,51
523.0,2016-10-07 14:38:00,0,1,1,20,31,51
523.0,2016-10-07 14:41:00,3,1,-2,18,33,51
523.0,2016-10-07 14:43:00,1,1,0,19,32,51
523.0,2016-10-07 14:46:00,1,0,-1,18,33,51
523.0,2016-10-07 14:49:00,0,1,1,19,32,51
523.0,2016-10-07 14:52:00,0,1,1,20,31,51
523.0,2016-10-07 14:55:00,0,1,1,21,30,51
523.0,2016-10-07 14:58:00,0,3,3,24,27,51
523.0,2016-10-07 15:01:00,0,2,2,26,25,51
523.0,2016-10-07 15:04:00,0,1,1,27,24,51
523.0,2016-10-07 15:07:00,1,1,0,27,24,51
523.0,2016-10-07 15:10:00,3,0,-3,24,27,51
523.0,2016-10-07 15:13:00,1,1,0,24,27,51
523.0,2016-10-07 15:16:00,1,2,1,25,26,51
523.0,2016-10-07 15:19:00,0,2,2,27,24,51
523.0,2016-10-07 15:22:00,0,0,0,27,24,51
523.0,2016-10-07 15:25:00,1,1,0,27,24,51
523.0,2016-10-07 15:26:00,1,1,0,26,25,51
523.0,2016-10-07 15:29:00,0,1,1,27,24,51
523.0,2016-10-07 15:32:00,1,0,-1,26,25,51
523.0,2016-10-07 15:35:00,1,0,-1,25,26,51
523.0,2016-10-07 15:38:00,0,0,0,25,26,51
523.0,2016-10-07 15:41:00,0,2,2,27,24,51
523.0,2016-10-07 15:44:00,1,0,-1,26,25,51
523.0,2016-10-07 15:47:00,0,1,1,27,24,51
523.0,2016-10-07 15:50:00,1,1,0,27,24,51
523.0,2016-10-07 15:53:00,0,1,1,28,23,51
523.0,2016-10-07 15:56:00,1,3,2,30,21,51
523.0,2016-10-07 15:59:00,1,2,1,31,20,51
523.0,2016-10-07 16:02:00,0,0,0,31,20,51
523.0,2016-10-07 16:05:00,1,1,0,31,20,51
523.0,2016-10-07 16:08:00,1,0,-1,30,21,51
523.0,2016-10-07 16:10:00,1,1,0,29,22,51
523.0,2016-10-07 16:13:00,0,2,2,31,20,51
523.0,2016-10-07 16:16:00,1,1,0,31,20,51
523.0,2016-10-07 16:19:00,0,0,0,31,20,51
523.0,2016-10-07 16:22:00,3,1,-2,29,22,51
523.0,2016-10-07 16:25:00,2,1,-1,28,23,51
523.0,2016-10-07 16:28:00,1,0,-1,27,24,51
523.0,2016-10-07 16:31:00,4,0,-4,23,28,51
523.0,2016-10-07 16:34:00,0,2,2,25,26,51
523.0,2016-10-07 16:37:00,1,3,2,27,24,51
523.0,2016-10-07 16:40:00,1,0,-1,26,25,51
523.0,2016-10-07 16:43:00,4,2,-2,24,27,51
523.0,2016-10-07 16:46:00,0,0,0,24,27,51
523.0,2016-10-07 16:49:00,0,1,1,25,26,51
523.0,2016-10-07 16:52:00,0,4,4,29,22,51
523.0,2016-10-07 16:55:00,0,4,4,33,18,51
523.0,2016-10-07 16:58:00,1,2,1,34,17,51
523.0,2016-10-07 17:01:00,2,2,0,34,17,51
523.0,2016-10-07 17:04:00,3,8,5,40,11,51
523.0,2016-10-07 17:07:00,3,0,-3,37,14,51
523.0,2016-10-07 17:10:00,1,5,4,41,10,51
523.0,2016-10-07 17:13:00,2,9,7,48,3,51
523.0,2016-10-07 17:16:00,4,5,1,49,2,51
523.0,2016-10-07 17:19:00,2,2,0,49,2,51
523.0,2016-10-07 17:22:00,0,3,3,51,0,51
523.0,2016-10-07 17:25:00,2,2,0,51,0,51
523.0,2016-10-07 17:28:00,5,5,0,51,0,51
523.0,2016-10-07 17:31:00,0,0,0,51,0,51
523.0,2016-10-07 17:34:00,2,2,0,51,0,51
523.0,2016-10-07 17:37:00,1,1,0,51,0,51
523.0,2016-10-07 17:40:00,4,3,-1,50,1,51
523.0,2016-10-07 17:43:00,1,2,1,51,0,51
523.0,2016-10-07 17:46:00,4,3,-1,50,1,51
523.0,2016-10-07 17:49:00,3,1,-2,48,3,51
523.0,2016-10-07 17:52:00,2,2,0,48,3,51
523.0,2016-10-07 17:54:00,2,3,1,47,4,51
523.0,2016-10-07 17:57:00,1,3,2,49,2,51
523.0,2016-10-07 18:00:00,6,4,-2,47,4,51
523.0,2016-10-07 18:03:00,3,3,0,47,4,51
523.0,2016-10-07 18:06:00,2,1,-1,46,5,51
523.0,2016-10-07 18:09:00,4,2,-2,44,7,51
523.0,2016-10-07 18:12:00,1,3,2,46,5,51
523.0,2016-10-07 18:15:00,2,0,-2,44,7,51
523.0,2016-10-07 18:18:00,2,5,3,47,4,51
523.0,2016-10-07 18:21:00,4,2,-2,45,6,51
523.0,2016-10-07 18:24:00,2,1,-1,44,7,51
523.0,2016-10-07 18:27:00,2,2,0,44,7,51
523.0,2016-10-07 18:30:00,1,2,1,45,6,51
523.0,2016-10-07 18:33:00,1,0,-1,44,7,51
523.0,2016-10-07 18:36:00,1,4,3,47,4,51
523.0,2016-10-07 18:39:00,4,3,-1,46,5,51
523.0,2016-10-07 18:42:00,1,0,-1,45,6,51
523.0,2016-10-07 18:45:00,1,1,0,45,6,51
523.0,2016-10-07 18:48:00,2,0,-2,43,8,51
523.0,2016-10-07 18:51:00,1,1,0,43,8,51
523.0,2016-10-07 18:54:00,2,2,0,43,8,51
523.0,2016-10-07 18:57:00,1,1,0,43,8,51
523.0,2016-10-07 19:00:00,3,1,-2,41,10,51
523.0,2016-10-07 19:03:00,1,1,0,41,10,51
523.0,2016-10-07 19:06:00,2,1,-1,40,11,51
523.0,2016-10-07 19:08:00,0,1,1,42,9,51
523.0,2016-10-07 19:11:00,3,1,-2,40,11,51
523.0,2016-10-07 19:14:00,1,3,2,42,9,51
523.0,2016-10-07 19:17:00,0,0,0,42,9,51
523.0,2016-10-07 19:20:00,0,0,0,42,9,51
523.0,2016-10-07 19:23:00,0,0,0,42,9,51
523.0,2016-10-07 19:26:00,0,0,0,42,9,51
523.0,2016-10-07 19:29:00,2,0,-2,40,11,51
523.0,2016-10-07 19:32:00,0,0,0,40,11,51
523.0,2016-10-07 19:35:00,0,1,1,41,10,51
523.0,2016-10-07 19:38:00,2,2,0,41,10,51
523.0,2016-10-07 19:41:00,3,1,-2,39,12,51
523.0,2016-10-07 19:44:00,1,0,-1,36,15,51
523.0,2016-10-07 19:47:00,0,2,2,38,13,51
523.0,2016-10-07 19:50:00,0,0,0,38,13,51
523.0,2016-10-07 19:53:00,2,1,-1,37,14,51
523.0,2016-10-07 19:56:00,0,0,0,37,14,51
523.0,2016-10-07 19:59:00,1,1,0,37,14,51
523.0,2016-10-07 20:02:00,0,1,1,38,13,51
523.0,2016-10-07 20:05:00,1,0,-1,37,14,51
523.0,2016-10-07 20:08:00,0,0,0,37,14,51
523.0,2016-10-07 20:11:00,0,0,0,37,14,51
523.0,2016-10-07 20:14:00,0,0,0,37,14,51
523.0,2016-10-07 20:17:00,1,0,-1,36,15,51
523.0,2016-10-07 20:19:00,1,0,-1,36,15,51
523.0,2016-10-07 20:22:00,1,0,-1,35,16,51
523.0,2016-10-07 20:25:00,1,0,-1,34,17,51
523.0,2016-10-07 20:28:00,1,3,2,36,15,51
523.0,2016-10-07 20:31:00,0,0,0,36,15,51
523.0,2016-10-07 20:34:00,0,0,0,36,15,51
523.0,2016-10-07 20:37:00,1,0,-1,35,16,51
523.0,2016-10-07 20:40:00,0,0,0,35,16,51
523.0,2016-10-07 20:43:00,0,0,0,35,16,51
523.0,2016-10-07 20:46:00,0,0,0,35,16,51
523.0,2016-10-07 20:49:00,1,1,0,35,16,51
523.0,2016-10-07 20:52:00,1,0,-1,34,17,51
523.0,2016-10-07 20:55:00,0,0,0,34,17,51
523.0,2016-10-07 20:58:00,0,1,1,36,15,51
523.0,2016-10-07 21:01:00,1,1,0,36,15,51
523.0,2016-10-07 21:04:00,0,0,0,36,15,51
523.0,2016-10-07 21:07:00,0,0,0,36,15,51
523.0,2016-10-07 21:10:00,2,1,-1,35,16,51
523.0,2016-10-07 21:13:00,0,0,0,35,16,51
523.0,2016-10-07 21:16:00,0,0,0,35,16,51
523.0,2016-10-07 21:19:00,0,1,1,36,15,51
523.0,2016-10-07 21:22:00,0,0,0,36,15,51
523.0,2016-10-07 21:25:00,1,0,-1,35,16,51
523.0,2016-10-07 21:28:00,0,0,0,35,16,51
523.0,2016-10-07 21:31:00,1,1,0,35,16,51
523.0,2016-10-07 21:32:00,1,0,-1,35,16,51
523.0,2016-10-07 21:35:00,0,0,0,35,16,51
523.0,2016-10-07 21:38:00,1,0,-1,34,17,51
523.0,2016-10-07 21:41:00,0,0,0,34,17,51
523.0,2016-10-07 21:44:00,0,0,0,34,17,51
523.0,2016-10-07 21:47:00,1,1,0,34,17,51
523.0,2016-10-07 21:50:00,0,0,0,34,17,51
523.0,2016-10-07 21:53:00,0,0,0,34,17,51
523.0,2016-10-07 21:56:00,0,0,0,34,17,51
523.0,2016-10-07 21:59:00,0,0,0,34,17,51
523.0,2016-10-07 22:02:00,0,1,1,35,16,51
523.0,2016-10-07 22:05:00,0,0,0,35,16,51
523.0,2016-10-07 22:06:00,0,0,0,35,16,51
523.0,2016-10-07 22:09:00,2,0,-2,33,18,51
523.0,2016-10-07 22:12:00,2,0,-2,31,20,51
523.0,2016-10-07 22:15:00,0,0,0,31,20,51
523.0,2016-10-07 22:18:00,0,0,0,31,20,51
523.0,2016-10-07 22:21:00,1,0,-1,30,21,51
523.0,2016-10-07 22:24:00,0,1,1,31,20,51
523.0,2016-10-07 22:27:00,0,0,0,31,20,51
523.0,2016-10-07 22:30:00,1,0,-1,30,21,51
523.0,2016-10-07 22:33:00,1,0,-1,29,22,51
523.0,2016-10-07 22:36:00,0,0,0,29,22,51
523.0,2016-10-07 22:39:00,1,0,-1,28,23,51
523.0,2016-10-07 22:42:00,0,0,0,28,23,51
523.0,2016-10-07 22:43:00,0,0,0,28,23,51
523.0,2016-10-07 22:46:00,0,0,0,28,23,51
523.0,2016-10-07 22:49:00,0,0,0,28,23,51
523.0,2016-10-07 22:52:00,3,0,-3,25,26,51
523.0,2016-10-07 22:55:00,0,1,1,26,25,51
523.0,2016-10-07 22:58:00,0,0,0,26,25,51
523.0,2016-10-07 23:01:00,0,1,1,27,24,51
523.0,2016-10-07 23:04:00,0,1,1,28,23,51
523.0,2016-10-07 23:07:00,0,0,0,28,23,51
523.0,2016-10-07 23:10:00,0,1,1,29,22,51
523.0,2016-10-07 23:13:00,1,0,-1,28,23,51
523.0,2016-10-07 23:16:00,0,0,0,28,23,51
523.0,2016-10-07 23:17:00,0,0,0,28,23,51
523.0,2016-10-07 23:20:00,1,0,-1,27,24,51
523.0,2016-10-07 23:23:00,0,0,0,27,24,51
523.0,2016-10-07 23:26:00,0,0,0,27,24,51
523.0,2016-10-07 23:29:00,0,1,1,28,23,51
523.0,2016-10-07 23:32:00,0,0,0,28,23,51
523.0,2016-10-07 23:35:00,0,0,0,28,23,51
523.0,2016-10-07 23:38:00,0,0,0,28,23,51
523.0,2016-10-07 23:41:00,0,0,0,28,23,51
523.0,2016-10-07 23:44:00,0,0,0,28,23,51
523.0,2016-10-07 23:47:00,1,0,-1,27,24,51
523.0,2016-10-07 23:50:00,1,0,-1,26,25,51
523.0,2016-10-07 23:53:00,0,0,0,26,25,51
523.0,2016-10-07 23:56:00,0,0,0,26,25,51
523.0,2016-10-07 23:59:00,0,0,0,26,25,51
523.0,2016-10-08 00:02:00,0,0,0,26,25,51
523.0,2016-10-08 00:05:00,0,0,0,26,25,51
523.0,2016-10-08 00:07:00,0,0,0,10,41,51
523.0,2016-10-08 00:10:00,0,1,1,11,40,51
523.0,2016-10-08 00:13:00,0,0,0,11,40,51
523.0,2016-10-08 00:16:00,0,0,0,11,40,51
523.0,2016-10-08 00:19:00,0,0,0,11,40,51
523.0,2016-10-08 00:22:00,0,0,0,11,40,51
523.0,2016-10-08 00:25:00,0,0,0,11,40,51
523.0,2016-10-08 00:28:00,0,0,0,11,40,51
523.0,2016-10-08 00:31:00,0,0,0,11,40,51
523.0,2016-10-08 00:34:00,0,0,0,11,40,51
523.0,2016-10-08 00:37:00,0,0,0,11,40,51
523.0,2016-10-08 00:40:00,0,0,0,11,40,51
523.0,2016-10-08 00:43:00,0,0,0,13,38,51
523.0,2016-10-08 00:46:00,1,0,-1,12,39,51
523.0,2016-10-08 00:49:00,0,0,0,12,39,51
523.0,2016-10-08 00:52:00,0,0,0,12,39,51
523.0,2016-10-08 00:55:00,0,0,0,12,39,51
523.0,2016-10-08 00:58:00,0,0,0,12,39,51
523.0,2016-10-08 01:01:00,0,0,0,12,39,51
523.0,2016-10-08 01:04:00,0,0,0,12,39,51
523.0,2016-10-08 01:07:00,0,0,0,12,39,51
523.0,2016-10-08 01:10:00,0,0,0,12,39,51
523.0,2016-10-08 01:13:00,0,1,1,13,38,51
523.0,2016-10-08 01:16:00,0,0,0,13,38,51
523.0,2016-10-08 01:19:00,0,0,0,13,38,51
523.0,2016-10-08 01:22:00,1,0,-1,12,39,51
523.0,2016-10-08 01:25:00,0,0,0,12,39,51
523.0,2016-10-08 01:28:00,0,0,0,12,39,51
523.0,2016-10-08 01:30:00,0,0,0,26,25,51
523.0,2016-10-08 01:33:00,0,0,0,26,25,51
523.0,2016-10-08 01:36:00,0,0,0,26,25,51
523.0,2016-10-08 01:39:00,0,0,0,26,25,51
523.0,2016-10-08 01:42:00,0,0,0,26,25,51
523.0,2016-10-08 01:45:00,0,0,0,26,25,51
523.0,2016-10-08 01:48:00,0,0,0,26,25,51
523.0,2016-10-08 01:51:00,1,0,-1,25,26,51
523.0,2016-10-08 01:54:00,0,0,0,25,26,51
523.0,2016-10-08 01:57:00,0,0,0,25,26,51
523.0,2016-10-08 02:00:00,0,0,0,25,26,51
523.0,2016-10-08 02:02:00,0,0,0,25,26,51
523.0,2016-10-08 02:05:00,0,0,0,25,26,51
523.0,2016-10-08 02:08:00,0,0,0,25,26,51
523.0,2016-10-08 02:11:00,0,0,0,25,26,51
523.0,2016-10-08 02:14:00,0,0,0,25,26,51
523.0,2016-10-08 02:17:00,0,0,0,25,26,51
523.0,2016-10-08 02:20:00,0,0,0,25,26,51
523.0,2016-10-08 02:23:00,0,0,0,25,26,51
523.0,2016-10-08 02:26:00,0,0,0,25,26,51
523.0,2016-10-08 02:29:00,0,0,0,25,26,51
523.0,2016-10-08 02:32:00,0,0,0,25,26,51
523.0,2016-10-08 02:33:00,0,0,0,25,26,51
523.0,2016-10-08 02:36:00,0,0,0,25,26,51
523.0,2016-10-08 02:39:00,0,0,0,25,26,51
523.0,2016-10-08 02:42:00,0,0,0,25,26,51
523.0,2016-10-08 02:45:00,0,0,0,25,26,51
523.0,2016-10-08 02:48:00,0,0,0,25,26,51
523.0,2016-10-08 02:51:00,0,0,0,25,26,51
523.0,2016-10-08 02:54:00,0,0,0,25,26,51
523.0,2016-10-08 02:57:00,0,0,0,25,26,51
523.0,2016-10-08 03:00:00,0,0,0,25,26,51
523.0,2016-10-08 03:03:00,0,0,0,25,26,51
523.0,2016-10-08 03:05:00,0,0,0,25,26,51
523.0,2016-10-08 03:08:00,0,0,0,25,26,51
523.0,2016-10-08 03:11:00,0,0,0,25,26,51
523.0,2016-10-08 03:14:00,0,0,0,25,26,51
523.0,2016-10-08 03:17:00,0,0,0,25,26,51
523.0,2016-10-08 03:20:00,0,0,0,25,26,51
523.0,2016-10-08 03:23:00,0,0,0,25,26,51
523.0,2016-10-08 03:26:00,0,0,0,25,26,51
523.0,2016-10-08 03:29:00,0,0,0,25,26,51
523.0,2016-10-08 03:32:00,0,0,0,25,26,51
523.0,2016-10-08 03:35:00,0,0,0,25,26,51
523.0,2016-10-08 03:38:00,0,0,0,25,26,51
523.0,2016-10-08 03:41:00,0,0,0,25,26,51
523.0,2016-10-08 03:43:00,0,0,0,25,26,51
523.0,2016-10-08 03:46:00,0,0,0,25,26,51
523.0,2016-10-08 03:49:00,0,0,0,25,26,51
523.0,2016-10-08 03:52:00,0,0,0,25,26,51
523.0,2016-10-08 03:55:00,0,0,0,25,26,51
523.0,2016-10-08 03:58:00,0,0,0,25,26,51
523.0,2016-10-08 04:01:00,0,0,0,25,26,51
523.0,2016-10-08 04:04:00,0,1,1,26,25,51
523.0,2016-10-08 04:07:00,0,0,0,26,25,51
523.0,2016-10-08 04:10:00,0,0,0,26,25,51
523.0,2016-10-08 04:13:00,0,0,0,26,25,51
523.0,2016-10-08 04:15:00,0,0,0,26,25,51
523.0,2016-10-08 04:18:00,0,0,0,26,25,51
523.0,2016-10-08 04:21:00,0,1,1,27,24,51
523.0,2016-10-08 04:24:00,0,0,0,27,24,51
523.0,2016-10-08 04:27:00,0,0,0,27,24,51
523.0,2016-10-08 04:30:00,0,0,0,27,24,51
523.0,2016-10-08 04:33:00,0,0,0,27,24,51
523.0,2016-10-08 04:36:00,0,0,0,27,24,51
523.0,2016-10-08 04:39:00,0,0,0,27,24,51
523.0,2016-10-08 04:42:00,0,0,0,27,24,51
523.0,2016-10-08 04:45:00,0,0,0,27,24,51
523.0,2016-10-08 04:46:00,0,0,0,27,24,51
523.0,2016-10-08 04:49:00,0,0,0,27,24,51
523.0,2016-10-08 04:52:00,0,0,0,27,24,51
523.0,2016-10-08 04:55:00,0,0,0,27,24,51
523.0,2016-10-08 04:58:00,0,0,0,27,24,51
523.0,2016-10-08 05:01:00,0,0,0,27,24,51
523.0,2016-10-08 05:04:00,0,0,0,27,24,51
523.0,2016-10-08 05:07:00,0,0,0,27,24,51
523.0,2016-10-08 05:10:00,0,0,0,27,24,51
523.0,2016-10-08 05:13:00,0,0,0,27,24,51
523.0,2016-10-08 05:16:00,0,0,0,27,24,51
523.0,2016-10-08 05:17:00,0,0,0,27,24,51
523.0,2016-10-08 05:20:00,0,0,0,27,24,51
523.0,2016-10-08 05:23:00,0,0,0,27,24,51
523.0,2016-10-08 05:26:00,0,0,0,27,24,51
523.0,2016-10-08 05:29:00,0,0,0,27,24,51
523.0,2016-10-08 05:32:00,0,0,0,27,24,51
523.0,2016-10-08 05:35:00,0,0,0,27,24,51
523.0,2016-10-08 05:38:00,0,0,0,27,24,51
523.0,2016-10-08 05:41:00,0,0,0,27,24,51
523.0,2016-10-08 05:44:00,0,0,0,27,24,51
523.0,2016-10-08 05:47:00,0,0,0,27,24,51
523.0,2016-10-08 05:49:00,0,0,0,27,24,51
523.0,2016-10-08 05:52:00,0,0,0,27,24,51
523.0,2016-10-08 05:55:00,0,0,0,27,24,51
523.0,2016-10-08 05:58:00,0,0,0,27,24,51
523.0,2016-10-08 06:01:00,0,0,0,27,24,51
523.0,2016-10-08 06:04:00,0,0,0,27,24,51
523.0,2016-10-08 06:07:00,1,0,-1,26,25,51
523.0,2016-10-08 06:10:00,0,0,0,26,25,51
523.0,2016-10-08 06:13:00,0,0,0,26,25,51
523.0,2016-10-08 06:16:00,0,0,0,26,25,51
523.0,2016-10-08 06:19:00,0,0,0,26,25,51
523.0,2016-10-08 06:21:00,0,0,0,26,25,51
523.0,2016-10-08 06:24:00,0,0,0,26,25,51
523.0,2016-10-08 06:27:00,0,0,0,26,25,51
523.0,2016-10-08 06:30:00,0,0,0,26,25,51
523.0,2016-10-08 06:33:00,0,0,0,26,25,51
523.0,2016-10-08 06:36:00,0,0,0,26,25,51
523.0,2016-10-08 06:39:00,0,0,0,26,25,51
523.0,2016-10-08 06:42:00,0,0,0,26,25,51
523.0,2016-10-08 06:45:00,1,0,-1,25,26,51
523.0,2016-10-08 06:48:00,0,0,0,25,26,51
523.0,2016-10-08 06:51:00,0,0,0,25,26,51
523.0,2016-10-08 06:54:00,0,0,0,25,26,51
523.0,2016-10-08 06:57:00,0,0,0,25,26,51
523.0,2016-10-08 07:00:00,0,0,0,25,26,51
523.0,2016-10-08 07:03:00,0,0,0,25,26,51
523.0,2016-10-08 07:06:00,0,0,0,25,26,51
523.0,2016-10-08 07:09:00,0,0,0,25,26,51
523.0,2016-10-08 07:12:00,0,0,0,25,26,51
523.0,2016-10-08 07:15:00,0,1,1,26,25,51
523.0,2016-10-08 07:18:00,0,0,0,26,25,51
523.0,2016-10-08 07:21:00,1,0,-1,25,26,51
523.0,2016-10-08 07:24:00,0,0,0,25,26,51
523.0,2016-10-08 07:27:00,0,1,1,26,25,51
523.0,2016-10-08 07:30:00,0,0,0,26,25,51
523.0,2016-10-08 07:33:00,0,0,0,26,25,51
523.0,2016-10-08 07:36:00,0,0,0,26,25,51
523.0,2016-10-08 07:39:00,0,0,0,26,25,51
523.0,2016-10-08 07:42:00,0,0,0,26,25,51
523.0,2016-10-08 07:45:00,0,0,0,26,25,51
523.0,2016-10-08 07:48:00,0,0,0,26,25,51
523.0,2016-10-08 07:51:00,0,0,0,26,25,51
523.0,2016-10-08 07:54:00,0,0,0,26,25,51
523.0,2016-10-08 07:57:00,0,0,0,26,25,51
523.0,2016-10-08 08:00:00,0,0,0,26,25,51
523.0,2016-10-08 08:03:00,0,0,0,26,25,51
523.0,2016-10-08 08:06:00,0,0,0,26,25,51
523.0,2016-10-08 08:09:00,0,1,1,27,24,51
523.0,2016-10-08 08:12:00,0,1,1,28,23,51
523.0,2016-10-08 08:15:00,0,0,0,28,23,51
523.0,2016-10-08 08:18:00,1,1,0,28,23,51
523.0,2016-10-08 08:21:00,0,0,0,28,23,51
523.0,2016-10-08 08:24:00,0,0,0,28,23,51
523.0,2016-10-08 08:27:00,0,0,0,28,23,51
523.0,2016-10-08 08:30:00,0,0,0,28,23,51
523.0,2016-10-08 08:33:00,0,0,0,28,23,51
523.0,2016-10-08 08:34:00,0,0,0,28,23,51
523.0,2016-10-08 08:37:00,0,0,0,28,23,51
523.0,2016-10-08 08:40:00,0,0,0,28,23,51
523.0,2016-10-08 08:43:00,0,0,0,28,23,51
523.0,2016-10-08 08:46:00,0,1,1,29,22,51
523.0,2016-10-08 08:49:00,0,0,0,29,22,51
523.0,2016-10-08 08:52:00,0,1,1,30,21,51
523.0,2016-10-08 08:55:00,0,0,0,30,21,51
523.0,2016-10-08 08:58:00,0,0,0,30,21,51
523.0,2016-10-08 09:01:00,0,0,0,30,21,51
523.0,2016-10-08 09:04:00,0,0,0,30,21,51
523.0,2016-10-08 09:07:00,0,0,0,30,21,51
523.0,2016-10-08 09:10:00,0,0,0,30,21,51
523.0,2016-10-08 09:13:00,0,1,1,31,20,51
523.0,2016-10-08 09:16:00,0,0,0,31,20,51
523.0,2016-10-08 09:19:00,0,0,0,31,20,51
523.0,2016-10-08 09:22:00,0,0,0,31,20,51
523.0,2016-10-08 09:25:00,0,2,2,33,18,51
523.0,2016-10-08 09:28:00,0,1,1,34,17,51
523.0,2016-10-08 09:31:00,0,0,0,34,17,51
523.0,2016-10-08 09:34:00,0,0,0,34,17,51
523.0,2016-10-08 09:37:00,1,0,-1,33,18,51
523.0,2016-10-08 09:40:00,0,0,0,33,18,51
523.0,2016-10-08 09:43:00,0,1,1,34,17,51
523.0,2016-10-08 09:46:00,0,2,2,36,15,51
523.0,2016-10-08 09:49:00,0,1,1,37,14,51
523.0,2016-10-08 09:52:00,0,0,0,37,14,51
523.0,2016-10-08 09:55:00,0,1,1,38,13,51
523.0,2016-10-08 09:58:00,1,0,-1,37,14,51
523.0,2016-10-08 10:01:00,0,0,0,37,14,51
523.0,2016-10-08 10:04:00,0,0,0,37,14,51
523.0,2016-10-08 10:07:00,0,0,0,37,14,51
523.0,2016-10-08 10:10:00,0,0,0,37,14,51
523.0,2016-10-08 10:13:00,0,1,1,38,13,51
523.0,2016-10-08 10:14:00,0,0,0,38,13,51
523.0,2016-10-08 10:17:00,1,0,-1,37,14,51
523.0,2016-10-08 10:20:00,0,0,0,37,14,51
523.0,2016-10-08 10:23:00,0,0,0,37,14,51
523.0,2016-10-08 10:26:00,0,0,0,37,14,51
523.0,2016-10-08 10:29:00,0,1,1,38,13,51
523.0,2016-10-08 10:32:00,0,0,0,38,13,51
523.0,2016-10-08 10:35:00,0,0,0,38,13,51
523.0,2016-10-08 10:38:00,0,0,0,38,13,51
523.0,2016-10-08 10:41:00,0,0,0,38,13,51
523.0,2016-10-08 10:44:00,0,1,1,39,12,51
523.0,2016-10-08 10:47:00,0,0,0,39,12,51
523.0,2016-10-08 10:48:00,0,0,0,39,12,51
523.0,2016-10-08 10:51:00,0,0,0,39,12,51
523.0,2016-10-08 10:54:00,1,0,-1,38,13,51
523.0,2016-10-08 10:57:00,0,2,2,40,11,51
523.0,2016-10-08 11:00:00,0,0,0,40,11,51
523.0,2016-10-08 11:03:00,0,1,1,41,10,51
523.0,2016-10-08 11:06:00,1,0,-1,40,11,51
523.0,2016-10-08 11:09:00,1,0,-1,39,12,51
523.0,2016-10-08 11:12:00,1,0,-1,38,13,51
523.0,2016-10-08 11:15:00,0,0,0,38,13,51
523.0,2016-10-08 11:18:00,0,0,0,38,13,51
523.0,2016-10-08 11:21:00,1,1,0,38,13,51
523.0,2016-10-08 11:22:00,1,1,0,38,13,51
523.0,2016-10-08 11:25:00,0,2,2,40,11,51
523.0,2016-10-08 11:28:00,2,1,-1,39,12,51
523.0,2016-10-08 11:31:00,1,1,0,39,12,51
523.0,2016-10-08 11:34:00,2,0,-2,37,14,51
523.0,2016-10-08 11:37:00,0,0,0,37,14,51
523.0,2016-10-08 11:40:00,1,0,-1,36,15,51
523.0,2016-10-08 11:43:00,0,0,0,36,15,51
523.0,2016-10-08 11:46:00,0,1,1,37,14,51
523.0,2016-10-08 11:49:00,0,1,1,38,13,51
523.0,2016-10-08 11:52:00,0,1,1,39,12,51
523.0,2016-10-08 11:55:00,1,0,-1,39,12,51
523.0,2016-10-08 11:58:00,0,0,0,39,12,51
523.0,2016-10-08 12:01:00,1,0,-1,38,13,51
523.0,2016-10-08 12:04:00,0,0,0,38,13,51
523.0,2016-10-08 12:07:00,1,0,-1,37,14,51
523.0,2016-10-08 12:10:00,0,1,1,38,13,51
523.0,2016-10-08 12:13:00,0,0,0,38,13,51
523.0,2016-10-08 12:16:00,0,0,0,38,13,51
523.0,2016-10-08 12:19:00,0,2,2,40,11,51
523.0,2016-10-08 12:22:00,0,0,0,40,11,51
523.0,2016-10-08 12:25:00,0,0,0,40,11,51
523.0,2016-10-08 12:28:00,0,1,1,28,23,51
523.0,2016-10-08 12:31:00,0,0,0,28,23,51
523.0,2016-10-08 12:34:00,0,0,0,28,23,51
523.0,2016-10-08 12:37:00,0,0,0,28,23,51
523.0,2016-10-08 12:40:00,0,0,0,28,23,51
523.0,2016-10-08 12:43:00,1,0,-1,27,24,51
523.0,2016-10-08 12:46:00,0,0,0,27,24,51
523.0,2016-10-08 12:49:00,2,1,-1,26,25,51
523.0,2016-10-08 12:52:00,0,0,0,26,25,51
523.0,2016-10-08 12:55:00,0,0,0,26,25,51
523.0,2016-10-08 12:58:00,2,1,-1,25,26,51
523.0,2016-10-08 12:59:00,2,2,0,26,25,51
523.0,2016-10-08 13:02:00,1,0,-1,25,26,51
523.0,2016-10-08 13:03:00,0,0,0,37,14,51
523.0,2016-10-08 13:06:00,0,0,0,37,14,51
523.0,2016-10-08 13:09:00,0,0,0,37,14,51
523.0,2016-10-08 13:12:00,0,1,1,38,13,51
523.0,2016-10-08 13:15:00,2,0,-2,36,15,51
523.0,2016-10-08 13:18:00,1,3,2,38,13,51
523.0,2016-10-08 13:21:00,3,3,0,38,13,51
523.0,2016-10-08 13:24:00,1,1,0,38,13,51
523.0,2016-10-08 13:27:00,0,0,0,38,13,51
523.0,2016-10-08 13:30:00,1,0,-1,37,14,51
523.0,2016-10-08 13:33:00,0,1,1,38,13,51
523.0,2016-10-08 13:36:00,0,1,1,39,12,51
523.0,2016-10-08 13:37:00,0,1,1,39,12,51
523.0,2016-10-08 13:40:00,1,0,-1,38,13,51
523.0,2016-10-08 13:43:00,0,0,0,38,13,51
523.0,2016-10-08 13:46:00,2,0,-2,36,15,51
523.0,2016-10-08 13:49:00,0,1,1,37,14,51
523.0,2016-10-08 13:52:00,0,0,0,37,14,51
523.0,2016-10-08 13:55:00,0,2,2,39,12,51
523.0,2016-10-08 13:58:00,0,0,0,39,12,51
523.0,2016-10-08 14:01:00,0,0,0,39,12,51
523.0,2016-10-08 14:04:00,1,0,-1,38,13,51
523.0,2016-10-08 14:07:00,0,0,0,38,13,51
523.0,2016-10-08 14:10:00,0,0,0,38,13,51
523.0,2016-10-08 14:11:00,0,0,0,38,13,51
523.0,2016-10-08 14:14:00,0,1,1,39,12,51
523.0,2016-10-08 14:17:00,0,0,0,39,12,51
523.0,2016-10-08 14:20:00,0,1,1,40,11,51
523.0,2016-10-08 14:23:00,1,0,-1,39,12,51
523.0,2016-10-08 14:26:00,0,0,0,39,12,51
523.0,2016-10-08 14:29:00,0,2,2,41,10,51
523.0,2016-10-08 14:32:00,0,0,0,41,10,51
523.0,2016-10-08 14:35:00,0,1,1,42,9,51
523.0,2016-10-08 14:38:00,1,0,-1,41,10,51
523.0,2016-10-08 14:41:00,0,0,0,41,10,51
523.0,2016-10-08 14:44:00,0,0,0,41,10,51
523.0,2016-10-08 14:45:00,0,1,1,42,9,51
523.0,2016-10-08 14:48:00,0,1,1,43,8,51
523.0,2016-10-08 14:51:00,2,0,-2,41,10,51
523.0,2016-10-08 14:54:00,0,0,0,41,10,51
523.0,2016-10-08 14:57:00,2,0,-2,39,12,51
523.0,2016-10-08 15:00:00,0,0,0,39,12,51
523.0,2016-10-08 15:03:00,0,0,0,39,12,51
523.0,2016-10-08 15:06:00,0,0,0,39,12,51
523.0,2016-10-08 15:09:00,1,0,-1,38,13,51
523.0,2016-10-08 15:12:00,0,0,0,38,13,51
523.0,2016-10-08 15:15:00,0,0,0,38,13,51
523.0,2016-10-08 15:18:00,0,2,2,40,11,51
523.0,2016-10-08 15:19:00,0,2,2,40,11,51
523.0,2016-10-08 15:22:00,0,0,0,40,11,51
523.0,2016-10-08 15:25:00,0,0,0,40,11,51
523.0,2016-10-08 15:28:00,0,0,0,40,11,51
523.0,2016-10-08 15:31:00,1,0,-1,39,12,51
523.0,2016-10-08 15:34:00,0,0,0,39,12,51
523.0,2016-10-08 15:37:00,0,0,0,39,12,51
523.0,2016-10-08 15:40:00,0,0,0,39,12,51
523.0,2016-10-08 15:43:00,0,0,0,39,12,51
523.0,2016-10-08 15:46:00,0,3,3,42,9,51
523.0,2016-10-08 15:49:00,0,0,0,42,9,51
523.0,2016-10-08 15:52:00,0,1,1,43,8,51
523.0,2016-10-08 15:53:00,0,1,1,43,8,51
523.0,2016-10-08 15:56:00,0,0,0,43,8,51
523.0,2016-10-08 15:59:00,0,1,1,44,7,51
523.0,2016-10-08 16:02:00,2,1,-1,43,8,51
523.0,2016-10-08 16:05:00,2,0,-2,41,10,51
523.0,2016-10-08 16:08:00,1,1,0,41,10,51
523.0,2016-10-08 16:11:00,0,1,1,42,9,51
523.0,2016-10-08 16:14:00,0,0,0,42,9,51
523.0,2016-10-08 16:17:00,0,0,0,42,9,51
523.0,2016-10-08 16:20:00,0,0,0,42,9,51
523.0,2016-10-08 16:23:00,0,0,0,42,9,51
523.0,2016-10-08 16:26:00,1,0,-1,41,10,51
523.0,2016-10-08 16:27:00,1,0,-1,40,11,51
523.0,2016-10-08 16:30:00,2,0,-2,38,13,51
523.0,2016-10-08 16:33:00,0,0,0,38,13,51
523.0,2016-10-08 16:36:00,0,1,1,39,12,51
523.0,2016-10-08 16:39:00,0,1,1,40,11,51
523.0,2016-10-08 16:42:00,0,2,2,42,9,51
523.0,2016-10-08 16:45:00,0,0,0,42,9,51
523.0,2016-10-08 16:48:00,1,0,-1,41,10,51
523.0,2016-10-08 16:51:00,0,1,1,42,9,51
523.0,2016-10-08 16:54:00,0,0,0,42,9,51
523.0,2016-10-08 16:57:00,1,0,-1,41,10,51
523.0,2016-10-08 17:00:00,0,0,0,41,10,51
523.0,2016-10-08 17:01:00,0,0,0,42,9,51
523.0,2016-10-08 17:04:00,0,3,3,45,6,51
523.0,2016-10-08 17:07:00,0,1,1,46,5,51
523.0,2016-10-08 17:10:00,1,0,-1,45,6,51
523.0,2016-10-08 17:13:00,1,1,0,45,6,51
523.0,2016-10-08 17:16:00,0,1,1,46,5,51
523.0,2016-10-08 17:19:00,2,0,-2,44,7,51
523.0,2016-10-08 17:22:00,2,1,-1,43,8,51
523.0,2016-10-08 17:25:00,1,0,-1,42,9,51
523.0,2016-10-08 17:28:00,0,0,0,42,9,51
523.0,2016-10-08 17:31:00,1,0,-1,41,10,51
523.0,2016-10-08 17:34:00,2,0,-2,39,12,51
523.0,2016-10-08 17:35:00,1,1,0,39,12,51
523.0,2016-10-08 17:38:00,0,0,0,39,12,51
523.0,2016-10-08 17:41:00,0,1,1,40,11,51
523.0,2016-10-08 17:44:00,0,0,0,40,11,51
523.0,2016-10-08 17:47:00,0,0,0,40,11,51
523.0,2016-10-08 17:50:00,0,0,0,40,11,51
523.0,2016-10-08 17:53:00,0,0,0,40,11,51
523.0,2016-10-08 17:56:00,0,0,0,40,11,51
523.0,2016-10-08 17:59:00,0,1,1,41,10,51
523.0,2016-10-08 18:02:00,0,2,2,43,8,51
523.0,2016-10-08 18:05:00,0,0,0,43,8,51
523.0,2016-10-08 18:08:00,0,1,1,44,7,51
523.0,2016-10-08 18:11:00,0,0,0,44,7,51
523.0,2016-10-08 18:14:00,1,0,-1,43,8,51
523.0,2016-10-08 18:17:00,0,0,0,43,8,51
523.0,2016-10-08 18:20:00,0,0,0,43,8,51
523.0,2016-10-08 18:23:00,0,0,0,43,8,51
523.0,2016-10-08 18:26:00,0,0,0,43,8,51
523.0,2016-10-08 18:29:00,0,0,0,43,8,51
523.0,2016-10-08 18:32:00,0,0,0,43,8,51
523.0,2016-10-08 18:35:00,0,0,0,43,8,51
523.0,2016-10-08 18:38:00,0,0,0,43,8,51
523.0,2016-10-08 18:41:00,0,0,0,43,8,51
523.0,2016-10-08 18:44:00,0,0,0,43,8,51
523.0,2016-10-08 18:47:00,0,0,0,43,8,51
523.0,2016-10-08 18:50:00,0,1,1,44,7,51
523.0,2016-10-08 18:53:00,0,0,0,44,7,51
523.0,2016-10-08 18:56:00,0,0,0,44,7,51
523.0,2016-10-08 18:59:00,0,0,0,44,7,51
523.0,2016-10-08 19:01:00,0,0,0,44,7,51
523.0,2016-10-08 19:04:00,0,0,0,44,7,51
523.0,2016-10-08 19:07:00,0,0,0,44,7,51
523.0,2016-10-08 19:10:00,0,0,0,44,7,51
523.0,2016-10-08 19:13:00,0,0,0,44,7,51
523.0,2016-10-08 19:16:00,0,0,0,44,7,51
523.0,2016-10-08 19:19:00,0,0,0,44,7,51
523.0,2016-10-08 19:22:00,0,0,0,44,7,51
523.0,2016-10-08 19:25:00,0,0,0,44,7,51
523.0,2016-10-08 19:28:00,0,0,0,44,7,51
523.0,2016-10-08 19:31:00,0,0,0,44,7,51
523.0,2016-10-08 19:34:00,0,0,0,44,7,51
523.0,2016-10-08 19:37:00,0,0,0,44,7,51
523.0,2016-10-08 19:40:00,0,0,0,44,7,51
523.0,2016-10-08 19:43:00,0,0,0,44,7,51
523.0,2016-10-08 19:46:00,0,0,0,44,7,51
523.0,2016-10-08 19:49:00,0,0,0,44,7,51
523.0,2016-10-08 19:52:00,0,0,0,44,7,51
523.0,2016-10-08 19:54:00,0,0,0,44,7,51
523.0,2016-10-08 19:57:00,0,0,0,44,7,51
523.0,2016-10-08 20:00:00,0,1,1,45,6,51
523.0,2016-10-08 20:03:00,0,0,0,45,6,51
523.0,2016-10-08 20:06:00,0,0,0,45,6,51
523.0,2016-10-08 20:09:00,0,0,0,45,6,51
523.0,2016-10-08 20:12:00,0,0,0,45,6,51
523.0,2016-10-08 20:15:00,0,0,0,45,6,51
523.0,2016-10-08 20:18:00,0,0,0,45,6,51
523.0,2016-10-08 20:21:00,0,0,0,45,6,51
523.0,2016-10-08 20:24:00,1,0,-1,44,7,51
523.0,2016-10-08 20:27:00,0,0,0,44,7,51
523.0,2016-10-08 20:30:00,0,0,0,44,7,51
523.0,2016-10-08 20:33:00,0,0,0,44,7,51
523.0,2016-10-08 20:36:00,0,0,0,44,7,51
523.0,2016-10-08 20:39:00,0,0,0,44,7,51
523.0,2016-10-08 20:42:00,0,0,0,44,7,51
523.0,2016-10-08 20:44:00,0,0,0,44,7,51
523.0,2016-10-08 20:47:00,0,0,0,44,7,51
523.0,2016-10-08 20:50:00,0,0,0,44,7,51
523.0,2016-10-08 20:53:00,0,0,0,44,7,51
523.0,2016-10-08 20:56:00,0,0,0,44,7,51
523.0,2016-10-08 20:59:00,0,0,0,44,7,51
523.0,2016-10-08 21:02:00,0,0,0,44,7,51
523.0,2016-10-08 21:05:00,0,0,0,44,7,51
523.0,2016-10-08 21:08:00,0,0,0,44,7,51
523.0,2016-10-08 21:11:00,0,0,0,44,7,51
523.0,2016-10-08 21:14:00,0,1,1,45,6,51
523.0,2016-10-08 21:17:00,0,0,0,45,6,51
523.0,2016-10-08 21:20:00,0,0,0,45,6,51
523.0,2016-10-08 21:23:00,0,0,0,45,6,51
523.0,2016-10-08 21:26:00,0,0,0,45,6,51
523.0,2016-10-08 21:29:00,0,0,0,45,6,51
523.0,2016-10-08 21:32:00,0,0,0,45,6,51
523.0,2016-10-08 21:35:00,0,0,0,45,6,51
523.0,2016-10-08 21:38:00,0,0,0,45,6,51
523.0,2016-10-08 21:41:00,0,0,0,45,6,51
523.0,2016-10-08 21:44:00,0,0,0,45,6,51
523.0,2016-10-08 21:47:00,0,0,0,45,6,51
523.0,2016-10-08 21:50:00,0,1,1,46,5,51
523.0,2016-10-08 21:53:00,0,0,0,46,5,51
523.0,2016-10-08 21:56:00,0,0,0,46,5,51
523.0,2016-10-08 21:57:00,0,0,0,46,5,51
523.0,2016-10-08 22:00:00,0,0,0,46,5,51
523.0,2016-10-08 22:03:00,1,0,-1,45,6,51
523.0,2016-10-08 22:06:00,0,1,1,46,5,51
523.0,2016-10-08 22:09:00,0,0,0,46,5,51
523.0,2016-10-08 22:12:00,1,0,-1,45,6,51
523.0,2016-10-08 22:15:00,0,0,0,45,6,51
523.0,2016-10-08 22:18:00,0,1,1,46,5,51
523.0,2016-10-08 22:21:00,1,0,-1,45,6,51
523.0,2016-10-08 22:24:00,0,0,0,45,6,51
523.0,2016-10-08 22:27:00,0,0,0,45,6,51
523.0,2016-10-08 22:30:00,0,0,0,45,6,51
523.0,2016-10-08 22:33:00,0,0,0,45,6,51
523.0,2016-10-08 22:36:00,1,0,-1,44,7,51
523.0,2016-10-08 22:39:00,0,0,0,44,7,51
523.0,2016-10-08 22:42:00,0,0,0,44,7,51
523.0,2016-10-08 22:45:00,0,0,0,44,7,51
523.0,2016-10-08 22:48:00,0,1,1,45,6,51
523.0,2016-10-08 22:51:00,1,0,-1,44,7,51
523.0,2016-10-08 22:54:00,0,0,0,44,7,51
523.0,2016-10-08 22:57:00,0,0,0,44,7,51
523.0,2016-10-08 22:59:00,0,0,0,44,7,51
523.0,2016-10-08 23:02:00,0,0,0,44,7,51
523.0,2016-10-08 23:05:00,0,0,0,44,7,51
523.0,2016-10-08 23:08:00,0,0,0,44,7,51
523.0,2016-10-08 23:11:00,0,0,0,44,7,51
523.0,2016-10-08 23:14:00,0,0,0,44,7,51
523.0,2016-10-08 23:17:00,0,0,0,44,7,51
523.0,2016-10-08 23:20:00,1,0,-1,43,8,51
523.0,2016-10-08 23:23:00,0,0,0,43,8,51
523.0,2016-10-08 23:26:00,0,0,0,43,8,51
523.0,2016-10-08 23:29:00,0,0,0,43,8,51
523.0,2016-10-08 23:32:00,0,0,0,43,8,51
523.0,2016-10-08 23:35:00,0,0,0,43,8,51
523.0,2016-10-08 23:38:00,0,0,0,43,8,51
523.0,2016-10-08 23:41:00,0,0,0,43,8,51
523.0,2016-10-08 23:44:00,0,0,0,43,8,51
523.0,2016-10-08 23:47:00,0,0,0,43,8,51
523.0,2016-10-08 23:50:00,0,0,0,43,8,51
523.0,2016-10-08 23:53:00,0,1,1,44,7,51
523.0,2016-10-08 23:56:00,0,0,0,44,7,51
523.0,2016-10-08 23:59:00,0,1,1,45,6,51
523.0,2016-10-09 00:02:00,0,0,0,45,6,51
523.0,2016-10-09 00:05:00,0,0,0,45,6,51
523.0,2016-10-09 00:08:00,0,0,0,45,6,51
523.0,2016-10-09 00:11:00,0,0,0,45,6,51
523.0,2016-10-09 00:14:00,0,0,0,45,6,51
523.0,2016-10-09 00:17:00,1,0,-1,44,7,51
523.0,2016-10-09 00:20:00,0,0,0,44,7,51
523.0,2016-10-09 00:23:00,0,0,0,44,7,51
523.0,2016-10-09 00:26:00,0,0,0,44,7,51
523.0,2016-10-09 00:29:00,0,0,0,40,11,51
523.0,2016-10-09 00:32:00,1,0,-1,39,12,51
523.0,2016-10-09 00:35:00,0,0,0,39,12,51
523.0,2016-10-09 00:38:00,0,0,0,39,12,51
523.0,2016-10-09 00:41:00,0,0,0,39,12,51
523.0,2016-10-09 00:44:00,0,0,0,39,12,51
523.0,2016-10-09 00:47:00,0,0,0,39,12,51
523.0,2016-10-09 00:50:00,0,0,0,39,12,51
523.0,2016-10-09 00:53:00,0,0,0,39,12,51
523.0,2016-10-09 00:56:00,0,0,0,39,12,51
523.0,2016-10-09 00:59:00,0,0,0,39,12,51
523.0,2016-10-09 01:02:00,0,0,0,39,12,51
523.0,2016-10-09 01:05:00,0,0,0,43,8,51
523.0,2016-10-09 01:08:00,0,0,0,43,8,51
523.0,2016-10-09 01:11:00,0,0,0,43,8,51
523.0,2016-10-09 01:14:00,0,0,0,43,8,51
523.0,2016-10-09 01:17:00,0,0,0,43,8,51
523.0,2016-10-09 01:20:00,0,1,1,44,7,51
523.0,2016-10-09 01:23:00,0,0,0,44,7,51
523.0,2016-10-09 01:26:00,0,0,0,44,7,51
523.0,2016-10-09 01:29:00,0,0,0,44,7,51
523.0,2016-10-09 01:32:00,0,0,0,44,7,51
523.0,2016-10-09 01:35:00,0,0,0,44,7,51
523.0,2016-10-09 01:37:00,0,0,0,44,7,51
523.0,2016-10-09 01:40:00,0,1,1,45,6,51
523.0,2016-10-09 01:43:00,0,0,0,45,6,51
523.0,2016-10-09 01:46:00,0,1,1,46,5,51
523.0,2016-10-09 01:49:00,0,0,0,46,5,51
523.0,2016-10-09 01:52:00,0,0,0,46,5,51
523.0,2016-10-09 01:55:00,0,0,0,46,5,51
523.0,2016-10-09 01:58:00,0,0,0,46,5,51
523.0,2016-10-09 02:01:00,1,0,-1,45,6,51
523.0,2016-10-09 02:04:00,0,0,0,45,6,51
523.0,2016-10-09 02:07:00,0,0,0,45,6,51
523.0,2016-10-09 02:08:00,0,0,0,45,6,51
523.0,2016-10-09 02:11:00,0,0,0,45,6,51
523.0,2016-10-09 02:14:00,0,0,0,45,6,51
523.0,2016-10-09 02:17:00,0,0,0,45,6,51
523.0,2016-10-09 02:20:00,0,0,0,45,6,51
523.0,2016-10-09 02:23:00,0,0,0,45,6,51
523.0,2016-10-09 02:26:00,0,0,0,45,6,51
523.0,2016-10-09 02:29:00,0,0,0,45,6,51
523.0,2016-10-09 02:32:00,0,0,0,45,6,51
523.0,2016-10-09 02:35:00,0,0,0,45,6,51
523.0,2016-10-09 02:38:00,0,1,1,46,5,51
523.0,2016-10-09 02:40:00,0,1,1,46,5,51
523.0,2016-10-09 02:43:00,0,0,0,46,5,51
523.0,2016-10-09 02:46:00,0,0,0,46,5,51
523.0,2016-10-09 02:49:00,0,0,0,46,5,51
523.0,2016-10-09 02:52:00,0,0,0,46,5,51
523.0,2016-10-09 02:55:00,0,0,0,46,5,51
523.0,2016-10-09 02:58:00,0,0,0,46,5,51
523.0,2016-10-09 03:01:00,0,0,0,46,5,51
523.0,2016-10-09 03:04:00,1,0,-1,45,6,51
523.0,2016-10-09 03:07:00,0,0,0,45,6,51
523.0,2016-10-09 03:10:00,0,0,0,45,6,51
523.0,2016-10-09 03:11:00,0,0,0,45,6,51
523.0,2016-10-09 03:14:00,0,0,0,45,6,51
523.0,2016-10-09 03:17:00,0,0,0,45,6,51
523.0,2016-10-09 03:20:00,0,0,0,45,6,51
523.0,2016-10-09 03:23:00,0,0,0,45,6,51
523.0,2016-10-09 03:26:00,0,0,0,45,6,51
523.0,2016-10-09 03:29:00,0,0,0,45,6,51
523.0,2016-10-09 03:32:00,0,0,0,45,6,51
523.0,2016-10-09 03:35:00,0,0,0,45,6,51
523.0,2016-10-09 03:38:00,0,0,0,45,6,51
523.0,2016-10-09 03:41:00,0,0,0,45,6,51
523.0,2016-10-09 03:44:00,0,0,0,45,6,51
523.0,2016-10-09 03:47:00,0,0,0,45,6,51
523.0,2016-10-09 03:48:00,0,0,0,45,6,51
523.0,2016-10-09 03:51:00,0,0,0,45,6,51
523.0,2016-10-09 03:54:00,0,0,0,45,6,51
523.0,2016-10-09 03:57:00,0,0,0,45,6,51
523.0,2016-10-09 04:00:00,0,0,0,45,6,51
523.0,2016-10-09 04:03:00,0,0,0,45,6,51
523.0,2016-10-09 04:06:00,0,0,0,45,6,51
523.0,2016-10-09 04:09:00,0,0,0,45,6,51
523.0,2016-10-09 04:12:00,0,1,1,46,5,51
523.0,2016-10-09 04:15:00,0,0,0,46,5,51
523.0,2016-10-09 04:18:00,0,0,0,46,5,51
523.0,2016-10-09 04:20:00,0,0,0,46,5,51
523.0,2016-10-09 04:23:00,0,0,0,46,5,51
523.0,2016-10-09 04:26:00,0,0,0,46,5,51
523.0,2016-10-09 04:29:00,0,0,0,46,5,51
523.0,2016-10-09 04:32:00,0,0,0,46,5,51
523.0,2016-10-09 04:35:00,0,0,0,46,5,51
523.0,2016-10-09 04:38:00,0,0,0,46,5,51
523.0,2016-10-09 04:41:00,0,0,0,46,5,51
523.0,2016-10-09 04:44:00,0,0,0,46,5,51
523.0,2016-10-09 04:47:00,0,0,0,46,5,51
523.0,2016-10-09 04:50:00,0,0,0,46,5,51
523.0,2016-10-09 04:51:00,0,0,0,46,5,51
523.0,2016-10-09 04:54:00,0,0,0,46,5,51
523.0,2016-10-09 04:57:00,0,0,0,46,5,51
523.0,2016-10-09 05:00:00,0,0,0,46,5,51
523.0,2016-10-09 05:03:00,0,0,0,46,5,51
523.0,2016-10-09 05:06:00,0,0,0,46,5,51
523.0,2016-10-09 05:09:00,0,0,0,46,5,51
523.0,2016-10-09 05:12:00,0,0,0,46,5,51
523.0,2016-10-09 05:15:00,0,0,0,46,5,51
523.0,2016-10-09 05:18:00,0,0,0,46,5,51
523.0,2016-10-09 05:21:00,0,0,0,46,5,51
523.0,2016-10-09 05:22:00,0,0,0,46,5,51
523.0,2016-10-09 05:25:00,0,0,0,46,5,51
523.0,2016-10-09 05:28:00,0,0,0,46,5,51
523.0,2016-10-09 05:31:00,0,0,0,46,5,51
523.0,2016-10-09 05:34:00,0,0,0,46,5,51
523.0,2016-10-09 05:37:00,0,0,0,46,5,51
523.0,2016-10-09 05:40:00,0,0,0,46,5,51
523.0,2016-10-09 05:43:00,0,0,0,46,5,51
523.0,2016-10-09 05:46:00,0,0,0,46,5,51
523.0,2016-10-09 05:49:00,0,0,0,46,5,51
523.0,2016-10-09 05:52:00,0,0,0,46,5,51
523.0,2016-10-09 05:53:00,0,0,0,46,5,51
523.0,2016-10-09 05:56:00,0,0,0,46,5,51
523.0,2016-10-09 05:59:00,0,0,0,46,5,51
523.0,2016-10-09 06:02:00,0,0,0,46,5,51
523.0,2016-10-09 06:05:00,0,0,0,46,5,51
523.0,2016-10-09 06:08:00,0,0,0,46,5,51
523.0,2016-10-09 06:11:00,0,0,0,46,5,51
523.0,2016-10-09 06:14:00,0,0,0,46,5,51
523.0,2016-10-09 06:17:00,0,0,0,46,5,51
523.0,2016-10-09 06:20:00,0,0,0,46,5,51
523.0,2016-10-09 06:23:00,0,0,0,46,5,51
523.0,2016-10-09 06:25:00,0,0,0,46,5,51
523.0,2016-10-09 06:28:00,0,0,0,46,5,51
523.0,2016-10-09 06:31:00,0,0,0,46,5,51
523.0,2016-10-09 06:34:00,0,0,0,46,5,51
523.0,2016-10-09 06:37:00,0,0,0,46,5,51
523.0,2016-10-09 06:40:00,0,0,0,46,5,51
523.0,2016-10-09 06:43:00,0,0,0,46,5,51
523.0,2016-10-09 06:46:00,0,0,0,46,5,51
523.0,2016-10-09 06:49:00,0,0,0,46,5,51
523.0,2016-10-09 06:52:00,0,0,0,46,5,51
523.0,2016-10-09 06:55:00,0,0,0,46,5,51
523.0,2016-10-09 06:58:00,0,0,0,46,5,51
523.0,2016-10-09 07:01:00,0,0,0,46,5,51
523.0,2016-10-09 07:04:00,0,0,0,46,5,51
523.0,2016-10-09 07:07:00,0,0,0,46,5,51
523.0,2016-10-09 07:10:00,0,0,0,46,5,51
523.0,2016-10-09 07:13:00,0,0,0,46,5,51
523.0,2016-10-09 07:16:00,0,0,0,46,5,51
523.0,2016-10-09 07:19:00,0,0,0,46,5,51
523.0,2016-10-09 07:22:00,0,0,0,46,5,51
523.0,2016-10-09 07:25:00,0,0,0,46,5,51
523.0,2016-10-09 07:28:00,0,0,0,46,5,51
523.0,2016-10-09 07:30:00,0,0,0,46,5,51
523.0,2016-10-09 07:33:00,0,0,0,46,5,51
523.0,2016-10-09 07:36:00,0,0,0,46,5,51
523.0,2016-10-09 07:39:00,0,0,0,46,5,51
523.0,2016-10-09 07:42:00,0,0,0,46,5,51
523.0,2016-10-09 07:45:00,0,0,0,46,5,51
523.0,2016-10-09 07:48:00,0,0,0,46,5,51
523.0,2016-10-09 07:51:00,0,0,0,46,5,51
523.0,2016-10-09 07:54:00,0,0,0,46,5,51
523.0,2016-10-09 07:57:00,0,0,0,46,5,51
523.0,2016-10-09 08:00:00,0,0,0,46,5,51
523.0,2016-10-09 08:03:00,0,0,0,46,5,51
523.0,2016-10-09 08:06:00,1,0,-1,45,6,51
523.0,2016-10-09 08:09:00,0,0,0,45,6,51
523.0,2016-10-09 08:12:00,0,0,0,45,6,51
523.0,2016-10-09 08:15:00,0,0,0,45,6,51
523.0,2016-10-09 08:18:00,0,0,0,45,6,51
523.0,2016-10-09 08:21:00,0,0,0,45,6,51
523.0,2016-10-09 08:24:00,0,0,0,45,6,51
523.0,2016-10-09 08:27:00,0,0,0,45,6,51
523.0,2016-10-09 08:30:00,0,0,0,45,6,51
523.0,2016-10-09 08:33:00,0,0,0,45,6,51
523.0,2016-10-09 08:36:00,0,0,0,45,6,51
523.0,2016-10-09 08:39:00,0,0,0,45,6,51
523.0,2016-10-09 08:42:00,0,1,1,46,5,51
523.0,2016-10-09 08:45:00,0,0,0,46,5,51
523.0,2016-10-09 08:48:00,0,0,0,46,5,51
523.0,2016-10-09 08:51:00,0,0,0,46,5,51
523.0,2016-10-09 08:54:00,0,0,0,46,5,51
523.0,2016-10-09 08:57:00,0,0,0,46,5,51
523.0,2016-10-09 09:00:00,0,0,0,46,5,51
523.0,2016-10-09 09:03:00,0,0,0,46,5,51
523.0,2016-10-09 09:06:00,0,0,0,46,5,51
523.0,2016-10-09 09:09:00,0,0,0,46,5,51
523.0,2016-10-09 09:12:00,0,0,0,46,5,51
523.0,2016-10-09 09:15:00,0,0,0,46,5,51
523.0,2016-10-09 09:18:00,0,0,0,46,5,51
523.0,2016-10-09 09:21:00,0,0,0,46,5,51
523.0,2016-10-09 09:24:00,0,0,0,46,5,51
523.0,2016-10-09 09:27:00,0,0,0,46,5,51
523.0,2016-10-09 09:30:00,0,0,0,46,5,51
523.0,2016-10-09 09:33:00,0,0,0,46,5,51
523.0,2016-10-09 09:36:00,0,0,0,46,5,51
523.0,2016-10-09 09:39:00,0,0,0,46,5,51
523.0,2016-10-09 09:42:00,0,0,0,46,5,51
523.0,2016-10-09 09:43:00,0,0,0,46,5,51
523.0,2016-10-09 09:46:00,0,0,0,46,5,51
523.0,2016-10-09 09:49:00,0,0,0,46,5,51
523.0,2016-10-09 09:52:00,0,0,0,46,5,51
523.0,2016-10-09 09:55:00,0,0,0,46,5,51
523.0,2016-10-09 09:58:00,0,0,0,46,5,51
523.0,2016-10-09 10:01:00,0,0,0,46,5,51
523.0,2016-10-09 10:04:00,0,0,0,46,5,51
523.0,2016-10-09 10:07:00,0,0,0,46,5,51
523.0,2016-10-09 10:10:00,0,0,0,46,5,51
523.0,2016-10-09 10:13:00,0,0,0,46,5,51
523.0,2016-10-09 10:16:00,0,0,0,46,5,51
523.0,2016-10-09 10:19:00,0,0,0,46,5,51
523.0,2016-10-09 10:22:00,0,0,0,46,5,51
523.0,2016-10-09 10:25:00,0,0,0,46,5,51
523.0,2016-10-09 10:28:00,0,0,0,46,5,51
523.0,2016-10-09 10:31:00,0,0,0,46,5,51
523.0,2016-10-09 10:34:00,0,0,0,46,5,51
523.0,2016-10-09 10:37:00,0,0,0,46,5,51
523.0,2016-10-09 10:40:00,0,0,0,46,5,51
523.0,2016-10-09 10:43:00,0,1,1,47,4,51
523.0,2016-10-09 10:46:00,0,0,0,47,4,51
523.0,2016-10-09 10:49:00,0,0,0,47,4,51
523.0,2016-10-09 10:52:00,0,0,0,47,4,51
523.0,2016-10-09 10:55:00,0,0,0,47,4,51
523.0,2016-10-09 10:58:00,0,0,0,47,4,51
523.0,2016-10-09 11:01:00,0,1,1,48,3,51
523.0,2016-10-09 11:04:00,0,0,0,48,3,51
523.0,2016-10-09 11:07:00,0,0,0,48,3,51
523.0,2016-10-09 11:10:00,0,0,0,48,3,51
523.0,2016-10-09 11:13:00,0,0,0,48,3,51
523.0,2016-10-09 11:16:00,0,0,0,48,3,51
523.0,2016-10-09 11:19:00,0,0,0,48,3,51
523.0,2016-10-09 11:22:00,0,0,0,48,3,51
523.0,2016-10-09 11:25:00,0,0,0,48,3,51
523.0,2016-10-09 11:28:00,0,0,0,48,3,51
523.0,2016-10-09 11:31:00,0,0,0,48,3,51
523.0,2016-10-09 11:34:00,0,0,0,48,3,51
523.0,2016-10-09 11:37:00,0,0,0,48,3,51
523.0,2016-10-09 11:40:00,0,0,0,48,3,51
523.0,2016-10-09 11:43:00,0,0,0,48,3,51
523.0,2016-10-09 11:46:00,0,0,0,48,3,51
523.0,2016-10-09 11:49:00,0,0,0,48,3,51
523.0,2016-10-09 11:52:00,0,0,0,48,3,51
523.0,2016-10-09 11:55:00,0,0,0,48,3,51
523.0,2016-10-09 11:58:00,0,0,0,48,3,51
523.0,2016-10-09 12:01:00,0,0,0,45,6,51
523.0,2016-10-09 12:04:00,0,0,0,45,6,51
523.0,2016-10-09 12:07:00,0,0,0,45,6,51
523.0,2016-10-09 12:10:00,0,0,0,45,6,51
523.0,2016-10-09 12:13:00,0,0,0,45,6,51
523.0,2016-10-09 12:16:00,0,0,0,45,6,51
523.0,2016-10-09 12:19:00,0,0,0,45,6,51
523.0,2016-10-09 12:22:00,0,0,0,45,6,51
523.0,2016-10-09 12:25:00,0,0,0,45,6,51
523.0,2016-10-09 12:28:00,0,0,0,45,6,51
523.0,2016-10-09 12:31:00,0,0,0,45,6,51
523.0,2016-10-09 12:33:00,0,0,0,43,8,51
523.0,2016-10-09 12:36:00,0,0,0,43,8,51
523.0,2016-10-09 12:39:00,1,0,-1,42,9,51
523.0,2016-10-09 12:42:00,0,0,0,42,9,51
523.0,2016-10-09 12:45:00,0,0,0,42,9,51
523.0,2016-10-09 12:48:00,0,0,0,42,9,51
523.0,2016-10-09 12:51:00,0,0,0,42,9,51
523.0,2016-10-09 12:54:00,0,0,0,42,9,51
523.0,2016-10-09 12:57:00,0,0,0,42,9,51
523.0,2016-10-09 13:00:00,0,0,0,42,9,51
523.0,2016-10-09 13:02:00,0,0,0,47,4,51
523.0,2016-10-09 13:05:00,0,0,0,47,4,51
523.0,2016-10-09 13:08:00,0,0,0,47,4,51
523.0,2016-10-09 13:11:00,0,0,0,47,4,51
523.0,2016-10-09 13:14:00,0,0,0,47,4,51
523.0,2016-10-09 13:17:00,0,0,0,47,4,51
523.0,2016-10-09 13:20:00,0,0,0,47,4,51
523.0,2016-10-09 13:23:00,0,0,0,47,4,51
523.0,2016-10-09 13:26:00,0,0,0,47,4,51
523.0,2016-10-09 13:29:00,1,0,-1,46,5,51
523.0,2016-10-09 13:32:00,0,0,0,46,5,51
523.0,2016-10-09 13:35:00,0,2,2,48,3,51
523.0,2016-10-09 13:36:00,0,2,2,48,3,51
523.0,2016-10-09 13:39:00,0,0,0,48,3,51
523.0,2016-10-09 13:42:00,0,0,0,48,3,51
523.0,2016-10-09 13:45:00,0,0,0,48,3,51
523.0,2016-10-09 13:48:00,0,0,0,48,3,51
523.0,2016-10-09 13:51:00,0,0,0,48,3,51
523.0,2016-10-09 13:54:00,1,2,1,49,2,51
523.0,2016-10-09 13:57:00,0,0,0,49,2,51
523.0,2016-10-09 14:00:00,0,1,1,50,1,51
523.0,2016-10-09 14:03:00,2,0,-2,48,3,51
523.0,2016-10-09 14:06:00,1,0,-1,47,4,51
523.0,2016-10-09 14:09:00,0,0,0,46,5,51
523.0,2016-10-09 14:12:00,1,0,-1,45,6,51
523.0,2016-10-09 14:15:00,0,0,0,45,6,51
523.0,2016-10-09 14:18:00,0,0,0,45,6,51
523.0,2016-10-09 14:21:00,0,0,0,45,6,51
523.0,2016-10-09 14:24:00,0,0,0,45,6,51
523.0,2016-10-09 14:27:00,0,0,0,45,6,51
523.0,2016-10-09 14:30:00,0,1,1,46,5,51
523.0,2016-10-09 14:33:00,0,0,0,46,5,51
523.0,2016-10-09 14:36:00,0,0,0,46,5,51
523.0,2016-10-09 14:39:00,1,0,-1,45,6,51
523.0,2016-10-09 14:42:00,0,0,0,45,6,51
523.0,2016-10-09 14:43:00,0,0,0,45,6,51
523.0,2016-10-09 14:46:00,0,0,0,45,6,51
523.0,2016-10-09 14:49:00,0,0,0,45,6,51
523.0,2016-10-09 14:52:00,0,0,0,45,6,51
523.0,2016-10-09 14:55:00,0,0,0,45,6,51
523.0,2016-10-09 14:58:00,0,0,0,45,6,51
523.0,2016-10-09 15:01:00,1,0,-1,44,7,51
523.0,2016-10-09 15:04:00,0,0,0,44,7,51
523.0,2016-10-09 15:07:00,0,0,0,44,7,51
523.0,2016-10-09 15:10:00,0,0,0,44,7,51
523.0,2016-10-09 15:13:00,0,0,0,44,7,51
523.0,2016-10-09 15:16:00,0,0,0,44,7,51
523.0,2016-10-09 15:19:00,0,0,0,44,7,51
523.0,2016-10-09 15:22:00,0,0,0,44,7,51
523.0,2016-10-09 15:25:00,1,1,0,44,7,51
523.0,2016-10-09 15:28:00,0,0,0,44,7,51
523.0,2016-10-09 15:31:00,0,0,0,44,7,51
523.0,2016-10-09 15:34:00,0,0,0,44,7,51
523.0,2016-10-09 15:37:00,0,1,1,45,6,51
523.0,2016-10-09 15:40:00,1,0,-1,44,7,51
523.0,2016-10-09 15:43:00,0,1,1,45,6,51
523.0,2016-10-09 15:46:00,1,0,-1,44,7,51
523.0,2016-10-09 15:49:00,1,0,-1,43,8,51
523.0,2016-10-09 15:50:00,0,0,0,43,8,51
523.0,2016-10-09 15:53:00,0,0,0,43,8,51
523.0,2016-10-09 15:56:00,1,1,0,43,8,51
523.0,2016-10-09 15:59:00,1,0,-1,42,9,51
523.0,2016-10-09 16:02:00,1,1,0,42,9,51
523.0,2016-10-09 16:05:00,0,1,1,43,8,51
523.0,2016-10-09 16:08:00,0,0,0,43,8,51
523.0,2016-10-09 16:11:00,1,0,-1,42,9,51
523.0,2016-10-09 16:14:00,1,0,-1,41,10,51
523.0,2016-10-09 16:17:00,0,1,1,42,9,51
523.0,2016-10-09 16:20:00,0,1,1,43,8,51
523.0,2016-10-09 16:23:00,1,0,-1,42,9,51
523.0,2016-10-09 16:24:00,1,1,0,43,8,51
523.0,2016-10-09 16:27:00,0,0,0,43,8,51
523.0,2016-10-09 16:30:00,0,1,1,44,7,51
523.0,2016-10-09 16:33:00,1,1,0,44,7,51
523.0,2016-10-09 16:36:00,0,0,0,44,7,51
523.0,2016-10-09 16:39:00,0,0,0,44,7,51
523.0,2016-10-09 16:42:00,0,0,0,44,7,51
523.0,2016-10-09 16:45:00,0,0,0,44,7,51
523.0,2016-10-09 16:48:00,0,0,0,44,7,51
523.0,2016-10-09 16:51:00,0,0,0,44,7,51
523.0,2016-10-09 16:54:00,0,0,0,44,7,51
523.0,2016-10-09 16:57:00,0,1,1,45,6,51
523.0,2016-10-09 16:58:00,0,1,1,45,6,51
523.0,2016-10-09 17:01:00,1,0,-1,44,7,51
523.0,2016-10-09 17:04:00,0,0,0,44,7,51
523.0,2016-10-09 17:07:00,0,0,0,44,7,51
523.0,2016-10-09 17:10:00,0,0,0,44,7,51
523.0,2016-10-09 17:13:00,0,0,0,44,7,51
523.0,2016-10-09 17:16:00,2,1,-1,43,8,51
523.0,2016-10-09 17:19:00,0,0,0,43,8,51
523.0,2016-10-09 17:22:00,1,0,-1,42,9,51
523.0,2016-10-09 17:25:00,1,0,-1,41,10,51
523.0,2016-10-09 17:28:00,0,1,1,42,9,51
523.0,2016-10-09 17:31:00,0,0,0,42,9,51
523.0,2016-10-09 17:34:00,0,1,1,43,8,51
523.0,2016-10-09 17:37:00,0,0,0,43,8,51
523.0,2016-10-09 17:40:00,0,0,0,43,8,51
523.0,2016-10-09 17:43:00,0,0,0,43,8,51
523.0,2016-10-09 17:46:00,0,0,0,43,8,51
523.0,2016-10-09 17:49:00,1,0,-1,42,9,51
523.0,2016-10-09 17:52:00,0,0,0,42,9,51
523.0,2016-10-09 17:55:00,1,0,-1,41,10,51
523.0,2016-10-09 17:58:00,0,0,0,41,10,51
523.0,2016-10-09 18:01:00,0,0,0,41,10,51
523.0,2016-10-09 18:04:00,0,0,0,41,10,51
523.0,2016-10-09 18:05:00,0,0,0,41,10,51
523.0,2016-10-09 18:08:00,0,0,0,41,10,51
523.0,2016-10-09 18:11:00,0,0,0,41,10,51
523.0,2016-10-09 18:14:00,0,2,2,43,8,51
523.0,2016-10-09 18:17:00,1,0,-1,42,9,51
523.0,2016-10-09 18:20:00,0,0,0,42,9,51
523.0,2016-10-09 18:23:00,0,1,1,43,8,51
523.0,2016-10-09 18:26:00,0,0,0,43,8,51
523.0,2016-10-09 18:29:00,0,1,1,44,7,51
523.0,2016-10-09 18:32:00,0,1,1,45,6,51
523.0,2016-10-09 18:35:00,0,0,0,45,6,51
523.0,2016-10-09 18:38:00,1,0,-1,44,7,51
523.0,2016-10-09 18:39:00,0,0,0,44,7,51
523.0,2016-10-09 18:42:00,1,2,1,45,6,51
523.0,2016-10-09 18:45:00,0,0,0,45,6,51
523.0,2016-10-09 18:48:00,1,0,-1,44,7,51
523.0,2016-10-09 18:51:00,0,0,0,44,7,51
523.0,2016-10-09 18:54:00,0,1,1,45,6,51
523.0,2016-10-09 18:57:00,0,0,0,45,6,51
523.0,2016-10-09 19:00:00,0,1,1,46,5,51
523.0,2016-10-09 19:03:00,1,0,-1,45,6,51
523.0,2016-10-09 19:06:00,0,1,1,46,5,51
523.0,2016-10-09 19:09:00,2,0,-2,44,7,51
523.0,2016-10-09 19:12:00,0,0,0,44,7,51
523.0,2016-10-09 19:15:00,1,0,-1,43,8,51
523.0,2016-10-09 19:18:00,0,1,1,44,7,51
523.0,2016-10-09 19:21:00,0,0,0,44,7,51
523.0,2016-10-09 19:24:00,1,0,-1,43,8,51
523.0,2016-10-09 19:27:00,0,1,1,44,7,51
523.0,2016-10-09 19:30:00,0,0,0,44,7,51
523.0,2016-10-09 19:33:00,0,0,0,44,7,51
523.0,2016-10-09 19:36:00,0,2,2,46,5,51
523.0,2016-10-09 19:39:00,0,0,0,46,5,51
523.0,2016-10-09 19:42:00,0,0,0,46,5,51
523.0,2016-10-09 19:45:00,0,0,0,46,5,51
523.0,2016-10-09 19:48:00,1,1,0,46,5,51
523.0,2016-10-09 19:51:00,0,0,0,46,5,51
523.0,2016-10-09 19:54:00,0,1,1,47,4,51
523.0,2016-10-09 19:57:00,0,0,0,47,4,51
523.0,2016-10-09 20:00:00,0,0,0,47,4,51
523.0,2016-10-09 20:03:00,1,0,-1,46,5,51
523.0,2016-10-09 20:06:00,1,2,1,47,4,51
523.0,2016-10-09 20:09:00,0,0,0,47,4,51
523.0,2016-10-09 20:12:00,0,0,0,47,4,51
523.0,2016-10-09 20:15:00,0,0,0,47,4,51
523.0,2016-10-09 20:16:00,1,0,-1,46,5,51
523.0,2016-10-09 20:19:00,0,0,0,46,5,51
523.0,2016-10-09 20:22:00,1,0,-1,45,6,51
523.0,2016-10-09 20:25:00,0,0,0,45,6,51
523.0,2016-10-09 20:28:00,1,0,-1,44,7,51
523.0,2016-10-09 20:31:00,0,0,0,44,7,51
523.0,2016-10-09 20:34:00,0,0,0,44,7,51
523.0,2016-10-09 20:37:00,0,0,0,44,7,51
523.0,2016-10-09 20:40:00,1,0,-1,43,8,51
523.0,2016-10-09 20:43:00,0,0,0,43,8,51
523.0,2016-10-09 20:46:00,1,0,-1,42,9,51
523.0,2016-10-09 20:49:00,0,0,0,42,9,51
523.0,2016-10-09 20:52:00,0,2,2,44,7,51
523.0,2016-10-09 20:55:00,0,1,1,45,6,51
523.0,2016-10-09 20:58:00,2,0,-2,43,8,51
523.0,2016-10-09 21:01:00,0,0,0,43,8,51
523.0,2016-10-09 21:04:00,2,0,-2,41,10,51
523.0,2016-10-09 21:07:00,0,0,0,41,10,51
523.0,2016-10-09 21:10:00,0,0,0,41,10,51
523.0,2016-10-09 21:13:00,0,2,2,43,8,51
523.0,2016-10-09 21:16:00,0,0,0,43,8,51
523.0,2016-10-09 21:19:00,0,0,0,43,8,51
523.0,2016-10-09 21:22:00,0,0,0,20,31,51
523.0,2016-10-09 21:25:00,0,1,1,21,30,51
523.0,2016-10-09 21:28:00,0,0,0,21,30,51
523.0,2016-10-09 21:31:00,0,0,0,21,30,51
523.0,2016-10-09 21:34:00,0,0,0,21,30,51
523.0,2016-10-09 21:37:00,0,0,0,21,30,51
523.0,2016-10-09 21:40:00,0,0,0,21,30,51
523.0,2016-10-09 21:43:00,0,0,0,21,30,51
523.0,2016-10-09 21:46:00,0,0,0,21,30,51
523.0,2016-10-09 21:49:00,0,0,0,21,30,51
523.0,2016-10-09 21:52:00,0,1,1,22,29,51
523.0,2016-10-09 21:54:00,0,0,0,22,29,51
523.0,2016-10-09 21:57:00,0,0,0,22,29,51
523.0,2016-10-09 22:00:00,0,0,0,22,29,51
523.0,2016-10-09 22:03:00,0,0,0,22,29,51
523.0,2016-10-09 22:06:00,0,0,0,22,29,51
523.0,2016-10-09 22:09:00,0,0,0,22,29,51
523.0,2016-10-09 22:12:00,0,0,0,22,29,51
523.0,2016-10-09 22:15:00,0,0,0,22,29,51
523.0,2016-10-09 22:18:00,0,0,0,22,29,51
523.0,2016-10-09 22:21:00,0,1,1,23,28,51
523.0,2016-10-09 22:24:00,0,0,0,23,28,51
523.0,2016-10-09 22:27:00,0,0,0,23,28,51
523.0,2016-10-09 22:30:00,0,0,0,23,28,51
523.0,2016-10-09 22:33:00,1,0,-1,22,29,51
523.0,2016-10-09 22:36:00,1,0,-1,21,30,51
523.0,2016-10-09 22:39:00,0,0,0,21,30,51
523.0,2016-10-09 22:42:00,0,0,0,21,30,51
523.0,2016-10-09 22:45:00,0,0,0,21,30,51
523.0,2016-10-09 22:48:00,0,0,0,21,30,51
523.0,2016-10-09 22:51:00,0,0,0,21,30,51
523.0,2016-10-09 22:54:00,0,0,0,21,30,51
523.0,2016-10-09 22:57:00,1,0,-1,20,31,51
523.0,2016-10-09 22:59:00,0,0,0,20,31,51
523.0,2016-10-09 23:02:00,0,0,0,20,31,51
523.0,2016-10-09 23:05:00,1,0,-1,19,32,51
523.0,2016-10-09 23:08:00,0,1,1,20,31,51
523.0,2016-10-09 23:11:00,0,2,2,22,29,51
523.0,2016-10-09 23:14:00,0,0,0,22,29,51
523.0,2016-10-09 23:17:00,0,0,0,22,29,51
523.0,2016-10-09 23:20:00,1,1,0,22,29,51
523.0,2016-10-09 23:23:00,1,0,-1,21,30,51
523.0,2016-10-09 23:26:00,0,0,0,21,30,51
523.0,2016-10-09 23:29:00,0,0,0,21,30,51
523.0,2016-10-09 23:31:00,0,0,0,21,30,51
523.0,2016-10-09 23:34:00,0,0,0,21,30,51
523.0,2016-10-09 23:37:00,1,0,-1,20,31,51
523.0,2016-10-09 23:40:00,0,0,0,20,31,51
523.0,2016-10-09 23:43:00,0,1,1,21,30,51
523.0,2016-10-09 23:46:00,0,0,0,21,30,51
523.0,2016-10-09 23:49:00,0,0,0,21,30,51
523.0,2016-10-09 23:52:00,0,0,0,21,30,51
523.0,2016-10-09 23:55:00,0,0,0,21,30,51
523.0,2016-10-09 23:58:00,0,0,0,21,30,51
523.0,2016-10-10 00:01:00,0,0,0,21,30,51
523.0,2016-10-10 00:04:00,0,0,0,21,30,51
523.0,2016-10-10 00:07:00,0,0,0,21,30,51
523.0,2016-10-10 00:10:00,0,0,0,21,30,51
523.0,2016-10-10 00:13:00,0,0,0,21,30,51
523.0,2016-10-10 00:16:00,0,0,0,21,30,51
523.0,2016-10-10 00:19:00,0,0,0,21,30,51
523.0,2016-10-10 00:22:00,0,0,0,21,30,51
523.0,2016-10-10 00:25:00,0,0,0,21,30,51
523.0,2016-10-10 00:28:00,0,0,0,21,30,51
523.0,2016-10-10 00:29:00,0,0,0,48,3,51
523.0,2016-10-10 00:32:00,0,0,0,48,3,51
523.0,2016-10-10 00:35:00,0,0,0,48,3,51
523.0,2016-10-10 00:38:00,0,0,0,48,3,51
523.0,2016-10-10 00:41:00,0,0,0,48,3,51
523.0,2016-10-10 00:44:00,0,0,0,48,3,51
523.0,2016-10-10 00:47:00,0,0,0,48,3,51
523.0,2016-10-10 00:50:00,0,0,0,48,3,51
523.0,2016-10-10 00:53:00,0,0,0,48,3,51
523.0,2016-10-10 00:56:00,0,0,0,48,3,51
523.0,2016-10-10 00:59:00,0,0,0,48,3,51
523.0,2016-10-10 01:02:00,0,0,0,48,3,51
523.0,2016-10-10 01:05:00,0,0,0,48,3,51
523.0,2016-10-10 01:07:00,0,0,0,21,30,51
523.0,2016-10-10 01:10:00,0,0,0,21,30,51
523.0,2016-10-10 01:13:00,0,0,0,21,30,51
523.0,2016-10-10 01:16:00,0,0,0,21,30,51
523.0,2016-10-10 01:19:00,0,0,0,21,30,51
523.0,2016-10-10 01:22:00,0,0,0,21,30,51
523.0,2016-10-10 01:25:00,0,0,0,21,30,51
523.0,2016-10-10 01:28:00,0,0,0,21,30,51
523.0,2016-10-10 01:31:00,0,0,0,21,30,51
523.0,2016-10-10 01:34:00,0,0,0,21,30,51
523.0,2016-10-10 01:37:00,0,0,0,21,30,51
523.0,2016-10-10 01:39:00,0,0,0,21,30,51
523.0,2016-10-10 01:42:00,0,1,1,22,29,51
523.0,2016-10-10 01:45:00,0,0,0,22,29,51
523.0,2016-10-10 01:48:00,0,0,0,22,29,51
523.0,2016-10-10 01:51:00,0,0,0,22,29,51
523.0,2016-10-10 01:54:00,0,0,0,22,29,51
523.0,2016-10-10 01:57:00,0,0,0,22,29,51
523.0,2016-10-10 02:00:00,0,0,0,22,29,51
523.0,2016-10-10 02:03:00,0,0,0,22,29,51
523.0,2016-10-10 02:06:00,0,0,0,22,29,51
523.0,2016-10-10 02:09:00,0,0,0,22,29,51
523.0,2016-10-10 02:10:00,0,0,0,22,29,51
523.0,2016-10-10 02:13:00,0,0,0,22,29,51
523.0,2016-10-10 02:16:00,0,0,0,22,29,51
523.0,2016-10-10 02:19:00,0,0,0,22,29,51
523.0,2016-10-10 02:22:00,0,0,0,22,29,51
523.0,2016-10-10 02:25:00,0,0,0,22,29,51
523.0,2016-10-10 02:28:00,0,0,0,22,29,51
523.0,2016-10-10 02:31:00,0,0,0,22,29,51
523.0,2016-10-10 02:34:00,0,0,0,22,29,51
523.0,2016-10-10 02:37:00,0,0,0,22,29,51
523.0,2016-10-10 02:40:00,0,0,0,22,29,51
523.0,2016-10-10 02:41:00,0,0,0,22,29,51
523.0,2016-10-10 02:44:00,0,0,0,22,29,51
523.0,2016-10-10 02:47:00,0,0,0,22,29,51
523.0,2016-10-10 02:50:00,0,0,0,22,29,51
523.0,2016-10-10 02:53:00,0,0,0,22,29,51
523.0,2016-10-10 02:56:00,0,0,0,22,29,51
523.0,2016-10-10 02:59:00,0,0,0,22,29,51
523.0,2016-10-10 03:02:00,0,0,0,22,29,51
523.0,2016-10-10 03:05:00,0,0,0,22,29,51
523.0,2016-10-10 03:08:00,0,0,0,22,29,51
523.0,2016-10-10 03:11:00,0,0,0,22,29,51
523.0,2016-10-10 03:12:00,0,0,0,22,29,51
523.0,2016-10-10 03:15:00,0,0,0,22,29,51
523.0,2016-10-10 03:18:00,0,0,0,22,29,51
523.0,2016-10-10 03:21:00,0,0,0,22,29,51
523.0,2016-10-10 03:24:00,0,0,0,22,29,51
523.0,2016-10-10 03:27:00,0,0,0,22,29,51
523.0,2016-10-10 03:30:00,0,0,0,22,29,51
523.0,2016-10-10 03:33:00,0,0,0,22,29,51
523.0,2016-10-10 03:36:00,0,0,0,22,29,51
523.0,2016-10-10 03:39:00,0,0,0,22,29,51
523.0,2016-10-10 03:42:00,0,0,0,22,29,51
523.0,2016-10-10 03:45:00,0,0,0,22,29,51
523.0,2016-10-10 03:48:00,0,0,0,22,29,51
523.0,2016-10-10 03:49:00,0,0,0,22,29,51
523.0,2016-10-10 03:52:00,0,0,0,22,29,51
523.0,2016-10-10 03:55:00,0,0,0,22,29,51
523.0,2016-10-10 03:58:00,0,0,0,22,29,51
523.0,2016-10-10 04:01:00,0,0,0,22,29,51
523.0,2016-10-10 04:04:00,0,0,0,22,29,51
523.0,2016-10-10 04:07:00,0,0,0,22,29,51
523.0,2016-10-10 04:10:00,0,0,0,22,29,51
523.0,2016-10-10 04:13:00,0,0,0,22,29,51
523.0,2016-10-10 04:16:00,0,0,0,22,29,51
523.0,2016-10-10 04:19:00,0,0,0,22,29,51
523.0,2016-10-10 04:20:00,0,0,0,22,29,51
523.0,2016-10-10 04:23:00,0,0,0,22,29,51
523.0,2016-10-10 04:26:00,0,0,0,22,29,51
523.0,2016-10-10 04:29:00,0,0,0,22,29,51
523.0,2016-10-10 04:32:00,0,0,0,22,29,51
523.0,2016-10-10 04:35:00,0,0,0,22,29,51
523.0,2016-10-10 04:38:00,0,0,0,22,29,51
523.0,2016-10-10 04:41:00,0,0,0,22,29,51
523.0,2016-10-10 04:44:00,0,0,0,22,29,51
523.0,2016-10-10 04:47:00,0,1,1,23,28,51
523.0,2016-10-10 04:50:00,0,0,0,23,28,51
523.0,2016-10-10 04:51:00,0,0,0,23,28,51
523.0,2016-10-10 04:54:00,0,0,0,23,28,51
523.0,2016-10-10 04:57:00,0,0,0,23,28,51
523.0,2016-10-10 05:00:00,0,0,0,23,28,51
523.0,2016-10-10 05:03:00,0,0,0,23,28,51
523.0,2016-10-10 05:06:00,0,0,0,23,28,51
523.0,2016-10-10 05:09:00,1,0,-1,22,29,51
523.0,2016-10-10 05:12:00,0,0,0,22,29,51
523.0,2016-10-10 05:15:00,0,0,0,22,29,51
523.0,2016-10-10 05:18:00,0,0,0,22,29,51
523.0,2016-10-10 05:21:00,0,0,0,22,29,51
523.0,2016-10-10 05:23:00,0,0,0,22,29,51
523.0,2016-10-10 05:26:00,0,0,0,22,29,51
523.0,2016-10-10 05:29:00,0,0,0,22,29,51
523.0,2016-10-10 05:32:00,0,0,0,22,29,51
523.0,2016-10-10 05:35:00,0,0,0,22,29,51
523.0,2016-10-10 05:38:00,0,0,0,22,29,51
523.0,2016-10-10 05:41:00,0,0,0,22,29,51
523.0,2016-10-10 05:44:00,0,0,0,22,29,51
523.0,2016-10-10 05:47:00,0,0,0,22,29,51
523.0,2016-10-10 05:50:00,1,0,-1,21,30,51
523.0,2016-10-10 05:53:00,0,1,1,22,29,51
523.0,2016-10-10 05:56:00,0,0,0,22,29,51
523.0,2016-10-10 05:59:00,0,0,0,22,29,51
523.0,2016-10-10 06:02:00,0,0,0,22,29,51
523.0,2016-10-10 06:05:00,2,0,-2,20,31,51
523.0,2016-10-10 06:08:00,0,1,1,21,30,51
523.0,2016-10-10 06:11:00,2,0,-2,19,32,51
523.0,2016-10-10 06:14:00,0,0,0,19,32,51
523.0,2016-10-10 06:17:00,0,0,0,19,32,51
523.0,2016-10-10 06:20:00,0,0,0,19,32,51
523.0,2016-10-10 06:23:00,1,0,-1,18,33,51
523.0,2016-10-10 06:26:00,0,0,0,18,33,51
523.0,2016-10-10 06:28:00,0,0,0,18,33,51
523.0,2016-10-10 06:31:00,0,0,0,18,33,51
523.0,2016-10-10 06:34:00,0,1,1,19,32,51
523.0,2016-10-10 06:37:00,2,0,-2,17,34,51
523.0,2016-10-10 06:40:00,2,0,-2,15,36,51
523.0,2016-10-10 06:43:00,4,0,-4,11,40,51
523.0,2016-10-10 06:46:00,0,0,0,11,40,51
523.0,2016-10-10 06:49:00,1,0,-1,10,41,51
523.0,2016-10-10 06:52:00,2,0,-2,8,43,51
523.0,2016-10-10 06:55:00,1,0,-1,7,44,51
523.0,2016-10-10 06:58:00,0,0,0,7,44,51
523.0,2016-10-10 07:01:00,1,0,-1,6,45,51
523.0,2016-10-10 07:02:00,0,0,0,6,45,51
523.0,2016-10-10 07:05:00,0,0,0,6,45,51
523.0,2016-10-10 07:08:00,1,0,-1,5,46,51
523.0,2016-10-10 07:11:00,2,0,-2,3,48,51
523.0,2016-10-10 07:14:00,2,0,-2,1,50,51
523.0,2016-10-10 07:17:00,1,0,-1,0,51,51
523.0,2016-10-10 07:20:00,0,0,0,0,51,51
523.0,2016-10-10 07:23:00,0,0,0,0,51,51
523.0,2016-10-10 07:26:00,0,0,0,0,51,51
523.0,2016-10-10 07:29:00,0,2,2,2,49,51
523.0,2016-10-10 07:32:00,1,1,0,2,49,51
523.0,2016-10-10 07:35:00,0,0,0,2,49,51
523.0,2016-10-10 07:36:00,1,0,-1,1,50,51
523.0,2016-10-10 07:39:00,0,1,1,2,49,51
523.0,2016-10-10 07:42:00,0,0,0,2,49,51
523.0,2016-10-10 07:45:00,0,0,0,2,49,51
523.0,2016-10-10 07:48:00,1,0,-1,1,50,51
523.0,2016-10-10 07:51:00,1,0,-1,0,51,51
523.0,2016-10-10 07:54:00,0,1,1,1,50,51
523.0,2016-10-10 07:57:00,0,1,1,2,49,51
523.0,2016-10-10 08:00:00,1,1,0,2,49,51
523.0,2016-10-10 08:03:00,0,0,0,2,49,51
523.0,2016-10-10 08:06:00,2,1,-1,1,50,51
523.0,2016-10-10 08:09:00,2,1,-1,0,51,51
523.0,2016-10-10 08:10:00,2,1,-1,0,51,51
523.0,2016-10-10 08:13:00,1,2,1,1,50,51
523.0,2016-10-10 08:16:00,0,3,3,4,47,51
523.0,2016-10-10 08:19:00,0,0,0,4,47,51
523.0,2016-10-10 08:22:00,0,0,0,4,47,51
523.0,2016-10-10 08:25:00,0,1,1,5,46,51
523.0,2016-10-10 08:28:00,3,1,-2,3,48,51
523.0,2016-10-10 08:31:00,0,1,1,4,47,51
523.0,2016-10-10 08:34:00,0,1,1,5,46,51
523.0,2016-10-10 08:37:00,1,0,-1,4,47,51
523.0,2016-10-10 08:40:00,0,1,1,5,46,51
523.0,2016-10-10 08:43:00,2,4,2,7,44,51
523.0,2016-10-10 08:45:00,1,1,0,6,45,51
523.0,2016-10-10 08:48:00,1,2,1,7,44,51
523.0,2016-10-10 08:51:00,1,2,1,8,43,51
523.0,2016-10-10 08:54:00,2,1,-1,7,44,51
523.0,2016-10-10 08:57:00,1,2,1,8,43,51
523.0,2016-10-10 09:00:00,4,1,-3,5,46,51
523.0,2016-10-10 09:03:00,1,2,1,6,45,51
523.0,2016-10-10 09:06:00,1,2,1,7,44,51
523.0,2016-10-10 09:09:00,2,1,-1,6,45,51
523.0,2016-10-10 09:12:00,1,2,1,7,44,51
523.0,2016-10-10 09:15:00,2,0,-2,5,46,51
523.0,2016-10-10 09:18:00,3,0,-3,2,49,51
523.0,2016-10-10 09:20:00,0,1,1,2,49,51
523.0,2016-10-10 09:23:00,0,3,3,5,46,51
523.0,2016-10-10 09:26:00,0,1,1,6,45,51
523.0,2016-10-10 09:29:00,1,0,-1,5,46,51
523.0,2016-10-10 09:32:00,1,0,-1,4,47,51
523.0,2016-10-10 09:35:00,2,0,-2,2,49,51
523.0,2016-10-10 09:38:00,1,0,-1,1,50,51
523.0,2016-10-10 09:41:00,0,0,0,1,50,51
523.0,2016-10-10 09:44:00,2,4,2,3,48,51
523.0,2016-10-10 09:47:00,1,0,-1,2,49,51
523.0,2016-10-10 09:50:00,1,1,0,2,49,51
523.0,2016-10-10 09:53:00,1,0,-1,1,50,51
523.0,2016-10-10 09:54:00,1,0,-1,0,51,51
523.0,2016-10-10 09:57:00,0,1,1,1,50,51
523.0,2016-10-10 10:00:00,0,1,1,2,49,51
523.0,2016-10-10 10:03:00,0,0,0,2,49,51
523.0,2016-10-10 10:06:00,0,1,1,3,48,51
523.0,2016-10-10 10:09:00,1,1,0,3,48,51
523.0,2016-10-10 10:12:00,1,2,1,4,47,51
523.0,2016-10-10 10:15:00,0,1,1,5,46,51
523.0,2016-10-10 10:18:00,1,0,-1,4,47,51
523.0,2016-10-10 10:21:00,1,1,0,4,47,51
523.0,2016-10-10 10:24:00,0,0,0,4,47,51
523.0,2016-10-10 10:27:00,0,0,0,4,47,51
523.0,2016-10-10 10:28:00,0,0,0,4,47,51
523.0,2016-10-10 10:31:00,1,0,-1,3,48,51
523.0,2016-10-10 10:34:00,0,1,1,4,47,51
523.0,2016-10-10 10:37:00,0,1,1,5,46,51
523.0,2016-10-10 10:40:00,0,0,0,5,46,51
523.0,2016-10-10 10:43:00,0,0,0,5,46,51
523.0,2016-10-10 10:46:00,1,0,-1,4,47,51
523.0,2016-10-10 10:49:00,1,0,-1,3,48,51
523.0,2016-10-10 10:52:00,0,0,0,3,48,51
523.0,2016-10-10 10:55:00,0,0,0,3,48,51
523.0,2016-10-10 10:58:00,0,0,0,3,48,51
523.0,2016-10-10 11:01:00,1,2,1,5,46,51
523.0,2016-10-10 11:04:00,0,1,1,6,45,51
523.0,2016-10-10 11:07:00,1,1,0,6,45,51
523.0,2016-10-10 11:10:00,1,0,-1,5,46,51
523.0,2016-10-10 11:13:00,0,1,1,6,45,51
523.0,2016-10-10 11:16:00,1,0,-1,5,46,51
523.0,2016-10-10 11:19:00,0,1,1,6,45,51
523.0,2016-10-10 11:22:00,0,0,0,6,45,51
523.0,2016-10-10 11:25:00,0,1,1,7,44,51
523.0,2016-10-10 11:28:00,2,1,-1,6,45,51
523.0,2016-10-10 11:31:00,1,1,0,6,45,51
523.0,2016-10-10 11:34:00,0,1,1,7,44,51
523.0,2016-10-10 11:35:00,0,1,1,7,44,51
523.0,2016-10-10 11:38:00,0,2,2,9,42,51
523.0,2016-10-10 11:41:00,1,1,0,9,42,51
523.0,2016-10-10 11:44:00,4,1,-3,6,45,51
523.0,2016-10-10 11:47:00,1,0,-1,5,46,51
523.0,2016-10-10 11:50:00,0,0,0,5,46,51
523.0,2016-10-10 11:53:00,0,1,1,6,45,51
523.0,2016-10-10 11:56:00,0,1,1,7,44,51
523.0,2016-10-10 11:59:00,0,0,0,7,44,51
523.0,2016-10-10 12:02:00,0,0,0,7,44,51
523.0,2016-10-10 12:03:00,0,1,1,22,29,51
523.0,2016-10-10 12:06:00,2,0,-2,20,31,51
523.0,2016-10-10 12:09:00,0,0,0,20,31,51
523.0,2016-10-10 12:12:00,1,0,-1,19,32,51
523.0,2016-10-10 12:15:00,1,0,-1,18,33,51
523.0,2016-10-10 12:18:00,2,1,-1,17,34,51
523.0,2016-10-10 12:21:00,0,1,1,18,33,51
523.0,2016-10-10 12:24:00,1,0,-1,17,34,51
523.0,2016-10-10 12:27:00,1,0,-1,16,35,51
523.0,2016-10-10 12:30:00,1,1,0,16,35,51
523.0,2016-10-10 12:33:00,2,2,0,16,35,51
523.0,2016-10-10 12:36:00,0,0,0,21,30,51
523.0,2016-10-10 12:39:00,1,0,-1,20,31,51
523.0,2016-10-10 12:42:00,1,1,0,20,31,51
523.0,2016-10-10 12:45:00,1,2,1,21,30,51
523.0,2016-10-10 12:48:00,0,1,1,22,29,51
523.0,2016-10-10 12:51:00,1,0,-1,21,30,51
523.0,2016-10-10 12:54:00,1,0,-1,20,31,51
523.0,2016-10-10 12:57:00,1,1,0,20,31,51
523.0,2016-10-10 13:00:00,0,0,0,20,31,51
523.0,2016-10-10 13:03:00,0,0,0,20,31,51
523.0,2016-10-10 13:06:00,0,0,0,20,31,51
523.0,2016-10-10 13:09:00,0,0,0,20,31,51
523.0,2016-10-10 13:12:00,0,2,2,22,29,51
523.0,2016-10-10 13:15:00,1,1,0,22,29,51
523.0,2016-10-10 13:16:00,1,1,0,1,50,51
523.0,2016-10-10 13:19:00,0,0,0,1,50,51
523.0,2016-10-10 13:22:00,1,1,0,1,50,51
523.0,2016-10-10 13:25:00,0,2,2,3,48,51
523.0,2016-10-10 13:28:00,0,2,2,5,46,51
523.0,2016-10-10 13:31:00,1,0,-1,4,47,51
523.0,2016-10-10 13:34:00,2,0,-2,2,49,51
523.0,2016-10-10 13:37:00,2,0,-2,0,51,51
523.0,2016-10-10 13:40:00,0,0,0,0,51,51
523.0,2016-10-10 13:43:00,1,2,1,1,50,51
523.0,2016-10-10 13:46:00,0,0,0,1,50,51
523.0,2016-10-10 13:49:00,2,0,-2,0,51,51
523.0,2016-10-10 13:51:00,2,1,-1,1,50,51
523.0,2016-10-10 13:54:00,1,1,0,1,50,51
523.0,2016-10-10 13:57:00,0,0,0,1,50,51
523.0,2016-10-10 14:00:00,0,0,0,1,50,51
523.0,2016-10-10 14:03:00,1,2,1,2,49,51
523.0,2016-10-10 14:06:00,0,0,0,2,49,51
523.0,2016-10-10 14:09:00,1,0,-1,1,50,51
523.0,2016-10-10 14:12:00,0,0,0,1,50,51
523.0,2016-10-10 14:15:00,1,1,0,1,50,51
523.0,2016-10-10 14:18:00,1,0,-1,0,51,51
523.0,2016-10-10 14:21:00,0,0,0,0,51,51
523.0,2016-10-10 14:24:00,0,1,1,1,50,51
523.0,2016-10-10 14:25:00,0,1,1,1,50,51
523.0,2016-10-10 14:28:00,0,1,1,2,49,51
523.0,2016-10-10 14:31:00,0,0,0,2,49,51
523.0,2016-10-10 14:34:00,0,1,1,3,48,51
523.0,2016-10-10 14:37:00,0,0,0,3,48,51
523.0,2016-10-10 14:40:00,0,0,0,3,48,51
523.0,2016-10-10 14:43:00,1,0,-1,2,49,51
523.0,2016-10-10 14:46:00,2,3,1,3,48,51
523.0,2016-10-10 14:49:00,0,0,0,3,48,51
523.0,2016-10-10 14:52:00,1,0,-1,2,49,51
523.0,2016-10-10 14:55:00,2,0,-2,0,51,51
523.0,2016-10-10 14:58:00,0,3,3,3,48,51
523.0,2016-10-10 14:59:00,0,1,1,3,48,51
523.0,2016-10-10 15:02:00,1,0,-1,2,49,51
523.0,2016-10-10 15:05:00,0,0,0,2,49,51
523.0,2016-10-10 15:08:00,0,0,0,2,49,51
523.0,2016-10-10 15:11:00,0,1,1,3,48,51
523.0,2016-10-10 15:14:00,0,0,0,3,48,51
523.0,2016-10-10 15:17:00,1,0,-1,2,49,51
523.0,2016-10-10 15:20:00,0,0,0,2,49,51
523.0,2016-10-10 15:23:00,0,0,0,2,49,51
523.0,2016-10-10 15:26:00,2,2,0,2,49,51
523.0,2016-10-10 15:29:00,0,0,0,2,49,51
523.0,2016-10-10 15:32:00,1,0,-1,1,50,51
523.0,2016-10-10 15:34:00,1,2,1,3,48,51
523.0,2016-10-10 15:37:00,1,0,-1,2,49,51
523.0,2016-10-10 15:40:00,0,1,1,3,48,51
523.0,2016-10-10 15:43:00,0,0,0,3,48,51
523.0,2016-10-10 15:46:00,0,0,0,3,48,51
523.0,2016-10-10 15:49:00,0,0,0,3,48,51
523.0,2016-10-10 15:52:00,2,2,0,3,48,51
523.0,2016-10-10 15:55:00,1,0,-1,2,49,51
523.0,2016-10-10 15:58:00,1,2,1,3,48,51
523.0,2016-10-10 16:01:00,2,2,0,3,48,51
523.0,2016-10-10 16:04:00,1,0,-1,2,49,51
523.0,2016-10-10 16:07:00,1,3,2,4,47,51
523.0,2016-10-10 16:09:00,2,4,2,6,45,51
523.0,2016-10-10 16:12:00,1,1,0,6,45,51
523.0,2016-10-10 16:15:00,0,3,3,9,42,51
523.0,2016-10-10 16:18:00,0,0,0,9,42,51
523.0,2016-10-10 16:21:00,1,0,-1,8,43,51
523.0,2016-10-10 16:24:00,0,0,0,8,43,51
523.0,2016-10-10 16:27:00,0,0,0,8,43,51
523.0,2016-10-10 16:30:00,0,0,0,8,43,51
523.0,2016-10-10 16:33:00,3,0,-3,5,46,51
523.0,2016-10-10 16:36:00,1,1,0,5,46,51
523.0,2016-10-10 16:39:00,1,1,0,5,46,51
523.0,2016-10-10 16:42:00,0,1,1,6,45,51
523.0,2016-10-10 16:44:00,0,1,1,7,44,51
523.0,2016-10-10 16:47:00,0,3,3,10,41,51
523.0,2016-10-10 16:50:00,2,2,0,10,41,51
523.0,2016-10-10 16:53:00,3,2,-1,9,42,51
523.0,2016-10-10 16:56:00,0,3,3,12,39,51
523.0,2016-10-10 16:59:00,1,0,-1,11,40,51
523.0,2016-10-10 17:02:00,3,1,-2,9,42,51
523.0,2016-10-10 17:05:00,1,2,1,10,41,51
523.0,2016-10-10 17:08:00,1,4,3,13,38,51
523.0,2016-10-10 17:11:00,3,1,-2,11,40,51
523.0,2016-10-10 17:14:00,2,4,2,13,38,51
523.0,2016-10-10 17:17:00,0,0,0,13,38,51
523.0,2016-10-10 17:19:00,1,2,1,14,37,51
523.0,2016-10-10 17:22:00,2,1,-1,13,38,51
523.0,2016-10-10 17:25:00,2,3,1,14,37,51
523.0,2016-10-10 17:28:00,5,2,-3,11,40,51
523.0,2016-10-10 17:31:00,1,3,2,13,38,51
523.0,2016-10-10 17:34:00,2,4,2,15,36,51
523.0,2016-10-10 17:37:00,1,2,1,16,35,51
523.0,2016-10-10 17:40:00,2,2,0,16,35,51
523.0,2016-10-10 17:43:00,2,1,-1,15,36,51
523.0,2016-10-10 17:46:00,0,1,1,16,35,51
523.0,2016-10-10 17:49:00,0,2,2,18,33,51
523.0,2016-10-10 17:52:00,3,1,-2,16,35,51
523.0,2016-10-10 17:55:00,2,0,-2,14,37,51
523.0,2016-10-10 17:58:00,1,2,1,15,36,51
523.0,2016-10-10 18:01:00,1,0,-1,14,37,51
523.0,2016-10-10 18:04:00,2,3,1,15,36,51
523.0,2016-10-10 18:07:00,0,2,2,17,34,51
523.0,2016-10-10 18:10:00,2,2,0,17,34,51
523.0,2016-10-10 18:13:00,3,3,0,17,34,51
523.0,2016-10-10 18:16:00,4,0,-4,13,38,51
523.0,2016-10-10 18:19:00,4,3,-1,12,39,51
523.0,2016-10-10 18:22:00,3,3,0,12,39,51
523.0,2016-10-10 18:25:00,1,0,-1,11,40,51
523.0,2016-10-10 18:28:00,1,1,0,11,40,51
523.0,2016-10-10 18:30:00,0,1,1,11,40,51
523.0,2016-10-10 18:33:00,1,2,1,12,39,51
523.0,2016-10-10 18:36:00,1,1,0,12,39,51
523.0,2016-10-10 18:39:00,2,1,-1,11,40,51
523.0,2016-10-10 18:42:00,4,1,-3,8,43,51
523.0,2016-10-10 18:45:00,2,1,-1,7,44,51
523.0,2016-10-10 18:48:00,1,3,2,9,42,51
523.0,2016-10-10 18:51:00,1,0,-1,8,43,51
523.0,2016-10-10 18:54:00,1,1,0,8,43,51
523.0,2016-10-10 18:57:00,0,2,2,10,41,51
523.0,2016-10-10 19:00:00,2,1,-1,9,42,51
523.0,2016-10-10 19:03:00,0,0,0,9,42,51
523.0,2016-10-10 19:06:00,0,6,6,15,36,51
523.0,2016-10-10 19:09:00,3,0,-3,12,39,51
523.0,2016-10-10 19:12:00,2,1,-1,11,40,51
523.0,2016-10-10 19:15:00,3,2,-1,10,41,51
523.0,2016-10-10 19:18:00,1,0,-1,9,42,51
523.0,2016-10-10 19:21:00,1,1,0,9,42,51
523.0,2016-10-10 19:24:00,3,1,-2,7,44,51
523.0,2016-10-10 19:27:00,0,1,1,8,43,51
523.0,2016-10-10 19:30:00,1,1,0,8,43,51
523.0,2016-10-10 19:33:00,1,2,1,9,42,51
523.0,2016-10-10 19:36:00,2,0,-2,7,44,51
523.0,2016-10-10 19:39:00,1,0,-1,6,45,51
523.0,2016-10-10 19:42:00,0,1,1,7,44,51
523.0,2016-10-10 19:45:00,1,0,-1,6,45,51
523.0,2016-10-10 19:48:00,0,0,0,6,45,51
523.0,2016-10-10 19:51:00,2,1,-1,5,46,51
523.0,2016-10-10 19:54:00,1,1,0,5,46,51
523.0,2016-10-10 19:57:00,2,1,-1,4,47,51
523.0,2016-10-10 20:00:00,0,0,0,4,47,51
523.0,2016-10-10 20:03:00,2,0,-2,2,49,51
523.0,2016-10-10 20:06:00,0,0,0,2,49,51
523.0,2016-10-10 20:09:00,0,1,1,3,48,51
523.0,2016-10-10 20:12:00,1,0,-1,2,49,51
523.0,2016-10-10 20:15:00,0,0,0,2,49,51
523.0,2016-10-10 20:18:00,1,1,0,2,49,51
523.0,2016-10-10 20:21:00,0,0,0,2,49,51
523.0,2016-10-10 20:24:00,0,0,0,2,49,51
523.0,2016-10-10 20:27:00,0,1,1,3,48,51
523.0,2016-10-10 20:30:00,0,1,1,4,47,51
523.0,2016-10-10 20:33:00,0,0,0,4,47,51
523.0,2016-10-10 20:36:00,0,0,0,4,47,51
523.0,2016-10-10 20:39:00,0,1,1,5,46,51
523.0,2016-10-10 20:42:00,0,1,1,6,45,51
523.0,2016-10-10 20:45:00,5,0,-5,1,50,51
523.0,2016-10-10 20:48:00,0,0,0,1,50,51
523.0,2016-10-10 20:51:00,0,0,0,1,50,51
523.0,2016-10-10 20:54:00,0,0,0,1,50,51
523.0,2016-10-10 20:57:00,0,0,0,1,50,51
523.0,2016-10-10 21:00:00,0,0,0,1,50,51
523.0,2016-10-10 21:03:00,0,0,0,1,50,51
523.0,2016-10-10 21:06:00,0,0,0,1,50,51
523.0,2016-10-10 21:09:00,0,0,0,1,50,51
523.0,2016-10-10 21:12:00,0,0,0,1,50,51
523.0,2016-10-10 21:15:00,0,0,0,1,50,51
523.0,2016-10-10 21:18:00,0,0,0,1,50,51
523.0,2016-10-10 21:21:00,0,0,0,1,50,51
523.0,2016-10-10 21:24:00,0,0,0,1,50,51
523.0,2016-10-10 21:27:00,0,0,0,1,50,51
523.0,2016-10-10 21:30:00,0,0,0,1,50,51
523.0,2016-10-10 21:33:00,0,0,0,1,50,51
523.0,2016-10-10 21:36:00,0,0,0,1,50,51
523.0,2016-10-10 21:39:00,1,1,0,1,50,51
523.0,2016-10-10 21:42:00,0,0,0,1,50,51
523.0,2016-10-10 21:45:00,0,0,0,1,50,51
523.0,2016-10-10 21:48:00,0,0,0,1,50,51
523.0,2016-10-10 21:51:00,0,0,0,1,50,51
523.0,2016-10-10 21:54:00,0,0,0,1,50,51
523.0,2016-10-10 21:57:00,0,1,1,2,49,51
523.0,2016-10-10 22:00:00,0,0,0,2,49,51
523.0,2016-10-10 22:03:00,0,0,0,2,49,51
523.0,2016-10-10 22:06:00,2,0,-2,0,51,51
523.0,2016-10-10 22:09:00,0,0,0,0,51,51
523.0,2016-10-10 22:12:00,0,2,2,2,49,51
523.0,2016-10-10 22:15:00,0,0,0,2,49,51
523.0,2016-10-10 22:18:00,1,1,0,2,49,51
523.0,2016-10-10 22:21:00,0,0,0,2,49,51
523.0,2016-10-10 22:24:00,0,0,0,2,49,51
523.0,2016-10-10 22:27:00,0,1,1,3,48,51
523.0,2016-10-10 22:30:00,1,0,-1,2,49,51
523.0,2016-10-10 22:33:00,0,0,0,2,49,51
523.0,2016-10-10 22:36:00,0,0,0,2,49,51
523.0,2016-10-10 22:39:00,1,1,0,2,49,51
523.0,2016-10-10 22:42:00,0,0,0,2,49,51
523.0,2016-10-10 22:45:00,0,1,1,3,48,51
523.0,2016-10-10 22:48:00,0,0,0,3,48,51
523.0,2016-10-10 22:51:00,0,0,0,3,48,51
523.0,2016-10-10 22:54:00,0,0,0,3,48,51
523.0,2016-10-10 22:57:00,0,1,1,4,47,51
523.0,2016-10-10 23:00:00,0,1,1,5,46,51
523.0,2016-10-10 23:03:00,0,0,0,5,46,51
523.0,2016-10-10 23:06:00,0,0,0,5,46,51
523.0,2016-10-10 23:09:00,0,1,1,6,45,51
523.0,2016-10-10 23:12:00,0,0,0,6,45,51
523.0,2016-10-10 23:15:00,0,0,0,6,45,51
523.0,2016-10-10 23:18:00,0,0,0,6,45,51
523.0,2016-10-10 23:21:00,0,0,0,6,45,51
523.0,2016-10-10 23:24:00,0,0,0,6,45,51
523.0,2016-10-10 23:27:00,0,0,0,6,45,51
523.0,2016-10-10 23:30:00,1,0,-1,5,46,51
523.0,2016-10-10 23:33:00,0,0,0,5,46,51
523.0,2016-10-10 23:36:00,1,0,-1,4,47,51
523.0,2016-10-10 23:39:00,0,0,0,4,47,51
523.0,2016-10-10 23:42:00,0,0,0,4,47,51
523.0,2016-10-10 23:45:00,2,0,-2,2,49,51
523.0,2016-10-10 23:48:00,1,0,-1,1,50,51
523.0,2016-10-10 23:51:00,0,0,0,1,50,51
523.0,2016-10-10 23:54:00,0,0,0,1,50,51
523.0,2016-10-10 23:57:00,0,0,0,1,50,51
523.0,2016-10-11 00:00:00,0,0,0,1,50,51
523.0,2016-10-11 00:03:00,0,0,0,1,50,51
523.0,2016-10-11 00:06:00,0,0,0,1,50,51
523.0,2016-10-11 00:09:00,0,0,0,6,45,51
523.0,2016-10-11 00:12:00,0,0,0,6,45,51
523.0,2016-10-11 00:15:00,0,0,0,6,45,51
523.0,2016-10-11 00:18:00,0,0,0,6,45,51
523.0,2016-10-11 00:21:00,0,0,0,6,45,51
523.0,2016-10-11 00:24:00,0,0,0,6,45,51
523.0,2016-10-11 00:27:00,0,0,0,6,45,51
523.0,2016-10-11 00:30:00,0,0,0,6,45,51
523.0,2016-10-11 00:33:00,0,0,0,6,45,51
523.0,2016-10-11 00:36:00,0,0,0,6,45,51
523.0,2016-10-11 00:39:00,0,0,0,6,45,51
523.0,2016-10-11 00:42:00,0,0,0,6,45,51
523.0,2016-10-11 00:43:00,0,0,0,0,51,51
523.0,2016-10-11 00:46:00,0,1,1,1,50,51
523.0,2016-10-11 00:49:00,0,0,0,1,50,51
523.0,2016-10-11 00:52:00,0,0,0,1,50,51
523.0,2016-10-11 00:55:00,0,0,0,1,50,51
523.0,2016-10-11 00:58:00,0,0,0,1,50,51
523.0,2016-10-11 01:01:00,0,0,0,1,50,51
523.0,2016-10-11 01:04:00,0,0,0,1,50,51
523.0,2016-10-11 01:07:00,0,0,0,1,50,51
523.0,2016-10-11 01:10:00,0,0,0,1,50,51
523.0,2016-10-11 01:13:00,0,0,0,1,50,51
523.0,2016-10-11 01:16:00,0,0,0,1,50,51
523.0,2016-10-11 01:19:00,0,0,0,1,50,51
523.0,2016-10-11 01:22:00,0,0,0,1,50,51
523.0,2016-10-11 01:25:00,1,0,-1,0,51,51
523.0,2016-10-11 01:28:00,0,0,0,0,51,51
523.0,2016-10-11 01:31:00,0,0,0,0,51,51
523.0,2016-10-11 01:34:00,0,0,0,0,51,51
523.0,2016-10-11 01:37:00,0,0,0,0,51,51
523.0,2016-10-11 01:40:00,0,0,0,0,51,51
523.0,2016-10-11 01:43:00,0,0,0,0,51,51
523.0,2016-10-11 01:46:00,0,0,0,0,51,51
523.0,2016-10-11 01:49:00,0,0,0,0,51,51
523.0,2016-10-11 01:52:00,0,0,0,0,51,51
523.0,2016-10-11 01:55:00,0,0,0,0,51,51
523.0,2016-10-11 01:58:00,0,0,0,0,51,51
523.0,2016-10-11 02:01:00,0,0,0,0,51,51
523.0,2016-10-11 02:04:00,0,0,0,0,51,51
523.0,2016-10-11 02:07:00,0,0,0,0,51,51
523.0,2016-10-11 02:10:00,0,0,0,0,51,51
523.0,2016-10-11 02:13:00,0,0,0,0,51,51
523.0,2016-10-11 02:16:00,0,0,0,0,51,51
523.0,2016-10-11 02:19:00,0,0,0,0,51,51
523.0,2016-10-11 02:22:00,0,0,0,0,51,51
523.0,2016-10-11 02:25:00,0,0,0,0,51,51
523.0,2016-10-11 02:28:00,0,0,0,0,51,51
523.0,2016-10-11 02:31:00,0,0,0,0,51,51
523.0,2016-10-11 02:34:00,0,0,0,0,51,51
523.0,2016-10-11 02:37:00,0,0,0,0,51,51
523.0,2016-10-11 02:40:00,0,0,0,0,51,51
523.0,2016-10-11 02:43:00,0,0,0,0,51,51
523.0,2016-10-11 02:46:00,0,0,0,0,51,51
523.0,2016-10-11 02:49:00,0,0,0,0,51,51
523.0,2016-10-11 02:52:00,0,0,0,0,51,51
523.0,2016-10-11 02:55:00,0,0,0,0,51,51
523.0,2016-10-11 02:58:00,0,0,0,0,51,51
523.0,2016-10-11 03:01:00,0,0,0,0,51,51
523.0,2016-10-11 03:04:00,0,0,0,0,51,51
523.0,2016-10-11 03:07:00,0,0,0,0,51,51
523.0,2016-10-11 03:10:00,0,0,0,0,51,51
523.0,2016-10-11 03:13:00,0,0,0,0,51,51
523.0,2016-10-11 03:16:00,0,0,0,0,51,51
523.0,2016-10-11 03:19:00,0,0,0,0,51,51
523.0,2016-10-11 03:22:00,0,0,0,0,51,51
523.0,2016-10-11 03:25:00,0,0,0,0,51,51
523.0,2016-10-11 03:28:00,0,0,0,0,51,51
523.0,2016-10-11 03:31:00,0,0,0,0,51,51
523.0,2016-10-11 03:34:00,0,0,0,0,51,51
523.0,2016-10-11 03:37:00,0,0,0,0,51,51
523.0,2016-10-11 03:40:00,0,0,0,0,51,51
523.0,2016-10-11 03:43:00,0,0,0,0,51,51
523.0,2016-10-11 03:46:00,0,0,0,0,51,51
523.0,2016-10-11 03:49:00,0,0,0,0,51,51
523.0,2016-10-11 03:52:00,0,0,0,0,51,51
523.0,2016-10-11 03:55:00,0,0,0,0,51,51
523.0,2016-10-11 03:58:00,0,0,0,0,51,51
523.0,2016-10-11 04:01:00,0,0,0,0,51,51
523.0,2016-10-11 04:04:00,0,0,0,0,51,51
523.0,2016-10-11 04:07:00,0,0,0,0,51,51
523.0,2016-10-11 04:10:00,0,0,0,0,51,51
523.0,2016-10-11 04:13:00,0,0,0,0,51,51
523.0,2016-10-11 04:16:00,0,0,0,0,51,51
523.0,2016-10-11 04:19:00,0,0,0,0,51,51
523.0,2016-10-11 04:22:00,0,0,0,0,51,51
523.0,2016-10-11 04:25:00,0,0,0,0,51,51
523.0,2016-10-11 04:28:00,0,0,0,0,51,51
523.0,2016-10-11 04:31:00,0,0,0,0,51,51
523.0,2016-10-11 04:34:00,0,0,0,0,51,51
523.0,2016-10-11 04:37:00,0,0,0,0,51,51
523.0,2016-10-11 04:40:00,0,0,0,0,51,51
523.0,2016-10-11 04:43:00,0,0,0,0,51,51
523.0,2016-10-11 04:46:00,0,0,0,0,51,51
523.0,2016-10-11 04:49:00,0,0,0,0,51,51
523.0,2016-10-11 04:52:00,0,1,1,1,50,51
523.0,2016-10-11 04:55:00,0,0,0,1,50,51
523.0,2016-10-11 04:58:00,0,0,0,1,50,51
523.0,2016-10-11 05:01:00,0,0,0,1,50,51
523.0,2016-10-11 05:04:00,0,0,0,1,50,51
523.0,2016-10-11 05:07:00,0,0,0,1,50,51
523.0,2016-10-11 05:10:00,0,0,0,1,50,51
523.0,2016-10-11 05:13:00,0,0,0,1,50,51
523.0,2016-10-11 05:16:00,0,0,0,1,50,51
523.0,2016-10-11 05:19:00,0,0,0,1,50,51
523.0,2016-10-11 05:22:00,0,0,0,1,50,51
523.0,2016-10-11 05:25:00,0,0,0,1,50,51
523.0,2016-10-11 05:28:00,0,0,0,1,50,51
523.0,2016-10-11 05:31:00,0,1,1,2,49,51
523.0,2016-10-11 05:34:00,0,0,0,2,49,51
523.0,2016-10-11 05:37:00,0,0,0,2,49,51
523.0,2016-10-11 05:40:00,0,0,0,2,49,51
523.0,2016-10-11 05:43:00,1,0,-1,1,50,51
523.0,2016-10-11 05:46:00,0,0,0,1,50,51
523.0,2016-10-11 05:49:00,0,1,1,2,49,51
523.0,2016-10-11 05:52:00,0,0,0,2,49,51
523.0,2016-10-11 05:55:00,0,0,0,2,49,51
523.0,2016-10-11 05:58:00,0,0,0,2,49,51
523.0,2016-10-11 06:01:00,0,0,0,2,49,51
523.0,2016-10-11 06:04:00,1,0,-1,1,50,51
523.0,2016-10-11 06:07:00,0,0,0,1,50,51
523.0,2016-10-11 06:10:00,1,1,0,1,50,51
523.0,2016-10-11 06:13:00,1,0,-1,0,51,51
523.0,2016-10-11 06:16:00,0,0,0,0,51,51
523.0,2016-10-11 06:19:00,0,0,0,0,51,51
523.0,2016-10-11 06:22:00,0,0,0,0,51,51
523.0,2016-10-11 06:25:00,1,0,-1,0,51,51
523.0,2016-10-11 06:28:00,0,0,0,0,51,51
523.0,2016-10-11 06:31:00,0,0,0,0,51,51
523.0,2016-10-11 06:34:00,0,1,1,1,50,51
523.0,2016-10-11 06:37:00,0,0,0,1,50,51
523.0,2016-10-11 06:40:00,1,0,-1,0,51,51
523.0,2016-10-11 06:43:00,0,0,0,0,51,51
523.0,2016-10-11 06:46:00,0,0,0,0,51,51
523.0,2016-10-11 06:49:00,0,0,0,0,51,51
523.0,2016-10-11 06:52:00,0,0,0,0,51,51
523.0,2016-10-11 06:55:00,0,0,0,0,51,51
523.0,2016-10-11 06:58:00,0,0,0,0,51,51
523.0,2016-10-11 07:01:00,0,0,0,0,51,51
523.0,2016-10-11 07:04:00,0,1,1,1,50,51
523.0,2016-10-11 07:07:00,0,1,1,2,49,51
523.0,2016-10-11 07:10:00,1,0,-1,1,50,51
523.0,2016-10-11 07:13:00,0,2,2,3,48,51
523.0,2016-10-11 07:16:00,1,0,-1,2,49,51
523.0,2016-10-11 07:19:00,2,0,-2,0,51,51
523.0,2016-10-11 07:22:00,0,0,0,0,51,51
523.0,2016-10-11 07:25:00,0,0,0,0,51,51
523.0,2016-10-11 07:28:00,0,1,1,1,50,51
523.0,2016-10-11 07:31:00,0,0,0,1,50,51
523.0,2016-10-11 07:34:00,1,0,-1,0,51,51
523.0,2016-10-11 07:37:00,0,0,0,0,51,51
523.0,2016-10-11 07:40:00,0,0,0,0,51,51
523.0,2016-10-11 07:43:00,0,0,0,0,51,51
523.0,2016-10-11 07:46:00,1,1,0,0,51,51
523.0,2016-10-11 07:49:00,0,0,0,0,51,51
523.0,2016-10-11 07:52:00,0,0,0,0,51,51
523.0,2016-10-11 07:55:00,0,0,0,0,51,51
523.0,2016-10-11 07:58:00,0,0,0,0,51,51
523.0,2016-10-11 08:01:00,1,1,0,0,51,51
523.0,2016-10-11 08:04:00,0,3,3,3,48,51
523.0,2016-10-11 08:07:00,3,0,-3,0,51,51
523.0,2016-10-11 08:10:00,1,1,0,0,51,51
523.0,2016-10-11 08:13:00,0,0,0,0,51,51
523.0,2016-10-11 08:16:00,0,2,2,2,49,51
523.0,2016-10-11 08:19:00,2,1,-1,1,50,51
523.0,2016-10-11 08:22:00,1,3,2,3,48,51
523.0,2016-10-11 08:25:00,1,2,1,4,47,51
523.0,2016-10-11 08:28:00,0,1,1,5,46,51
523.0,2016-10-11 08:31:00,1,1,0,5,46,51
523.0,2016-10-11 08:34:00,3,1,-2,3,48,51
523.0,2016-10-11 08:37:00,5,4,-1,2,49,51
523.0,2016-10-11 08:40:00,2,3,1,3,48,51
523.0,2016-10-11 08:43:00,3,2,-1,2,49,51
523.0,2016-10-11 08:46:00,0,3,3,5,46,51
523.0,2016-10-11 08:49:00,4,3,-1,4,47,51
523.0,2016-10-11 08:52:00,1,1,0,4,47,51
523.0,2016-10-11 08:55:00,1,2,1,5,46,51
523.0,2016-10-11 08:58:00,5,4,-1,4,47,51
523.0,2016-10-11 09:01:00,1,2,1,5,46,51
523.0,2016-10-11 09:04:00,4,2,-2,3,48,51
523.0,2016-10-11 09:07:00,0,3,3,6,45,51
523.0,2016-10-11 09:10:00,3,1,-2,4,47,51
523.0,2016-10-11 09:13:00,1,5,4,8,43,51
523.0,2016-10-11 09:16:00,4,0,-4,4,47,51
523.0,2016-10-11 09:19:00,5,1,-4,0,51,51
523.0,2016-10-11 09:22:00,1,2,1,1,50,51
523.0,2016-10-11 09:25:00,2,2,0,1,50,51
523.0,2016-10-11 09:28:00,2,3,1,2,49,51
523.0,2016-10-11 09:31:00,0,2,2,4,47,51
523.0,2016-10-11 09:34:00,2,3,1,5,46,51
523.0,2016-10-11 09:37:00,0,1,1,6,45,51
523.0,2016-10-11 09:40:00,1,1,0,6,45,51
523.0,2016-10-11 09:43:00,0,0,0,6,45,51
523.0,2016-10-11 09:46:00,1,1,0,6,45,51
523.0,2016-10-11 09:49:00,3,2,-1,5,46,51
523.0,2016-10-11 09:52:00,4,0,-4,1,50,51
523.0,2016-10-11 09:55:00,2,1,-1,0,51,51
523.0,2016-10-11 09:58:00,0,0,0,0,51,51
523.0,2016-10-11 10:01:00,0,0,0,0,51,51
523.0,2016-10-11 10:04:00,2,4,2,2,49,51
523.0,2016-10-11 10:07:00,2,1,-1,1,50,51
523.0,2016-10-11 10:10:00,0,0,0,1,50,51
523.0,2016-10-11 10:13:00,2,0,-2,0,51,51
523.0,2016-10-11 10:16:00,0,0,0,0,51,51
523.0,2016-10-11 10:19:00,0,1,1,1,50,51
523.0,2016-10-11 10:22:00,1,1,0,1,50,51
523.0,2016-10-11 10:25:00,0,1,1,2,49,51
523.0,2016-10-11 10:28:00,0,0,0,2,49,51
523.0,2016-10-11 10:31:00,0,2,2,4,47,51
523.0,2016-10-11 10:34:00,3,1,-2,2,49,51
523.0,2016-10-11 10:37:00,0,3,3,5,46,51
523.0,2016-10-11 10:40:00,0,0,0,5,46,51
523.0,2016-10-11 10:43:00,3,0,-3,2,49,51
523.0,2016-10-11 10:46:00,2,0,-2,0,51,51
523.0,2016-10-11 10:49:00,0,1,1,1,50,51
523.0,2016-10-11 10:52:00,1,0,-1,0,51,51
523.0,2016-10-11 10:55:00,0,2,2,2,49,51
523.0,2016-10-11 10:58:00,0,1,1,3,48,51
523.0,2016-10-11 11:01:00,1,1,0,3,48,51
523.0,2016-10-11 11:04:00,0,2,2,5,46,51
523.0,2016-10-11 11:07:00,1,0,-1,4,47,51
523.0,2016-10-11 11:10:00,0,0,0,4,47,51
523.0,2016-10-11 11:13:00,1,0,-1,3,48,51
523.0,2016-10-11 11:16:00,0,0,0,3,48,51
523.0,2016-10-11 11:19:00,0,1,1,4,47,51
523.0,2016-10-11 11:22:00,0,0,0,4,47,51
523.0,2016-10-11 11:25:00,0,2,2,6,45,51
523.0,2016-10-11 11:28:00,1,0,-1,5,46,51
523.0,2016-10-11 11:31:00,0,0,0,5,46,51
523.0,2016-10-11 11:34:00,2,1,-1,4,47,51
523.0,2016-10-11 11:37:00,0,0,0,4,47,51
523.0,2016-10-11 11:40:00,2,0,-2,2,49,51
523.0,2016-10-11 11:43:00,1,0,-1,1,50,51
523.0,2016-10-11 11:46:00,1,1,0,1,50,51
523.0,2016-10-11 11:49:00,0,1,1,2,49,51
523.0,2016-10-11 11:52:00,0,2,2,4,47,51
523.0,2016-10-11 11:55:00,2,0,-2,2,49,51
523.0,2016-10-11 11:58:00,1,1,0,2,49,51
523.0,2016-10-11 12:01:00,0,0,0,2,49,51
523.0,2016-10-11 12:04:00,1,0,-1,1,50,51
523.0,2016-10-11 12:07:00,1,0,-1,0,51,51
523.0,2016-10-11 12:10:00,0,0,0,0,51,51
523.0,2016-10-11 12:13:00,0,1,1,1,50,51
523.0,2016-10-11 12:16:00,1,0,-1,0,51,51
523.0,2016-10-11 12:19:00,0,0,0,0,51,51
523.0,2016-10-11 12:22:00,0,3,3,3,48,51
523.0,2016-10-11 12:25:00,2,3,1,4,47,51
523.0,2016-10-11 12:28:00,4,1,-3,1,50,51
523.0,2016-10-11 12:31:00,0,0,0,1,50,51
523.0,2016-10-11 12:34:00,0,1,1,2,49,51
523.0,2016-10-11 12:37:00,1,1,0,2,49,51
523.0,2016-10-11 12:40:00,0,2,2,4,47,51
523.0,2016-10-11 12:43:00,0,0,0,4,47,51
523.0,2016-10-11 12:46:00,2,0,-2,2,49,51
523.0,2016-10-11 12:49:00,1,0,-1,1,50,51
523.0,2016-10-11 12:52:00,0,0,0,1,50,51
523.0,2016-10-11 12:55:00,0,0,0,1,50,51
523.0,2016-10-11 12:58:00,0,0,0,1,50,51
523.0,2016-10-11 13:01:00,0,1,1,2,49,51
523.0,2016-10-11 13:04:00,1,1,0,2,49,51
523.0,2016-10-11 13:07:00,0,0,0,2,49,51
523.0,2016-10-11 13:10:00,0,0,0,2,49,51
523.0,2016-10-11 13:13:00,0,0,0,2,49,51
523.0,2016-10-11 13:16:00,0,0,0,2,49,51
523.0,2016-10-11 13:19:00,1,2,1,3,48,51
523.0,2016-10-11 13:22:00,0,0,0,3,48,51
523.0,2016-10-11 13:25:00,0,1,1,4,47,51
523.0,2016-10-11 13:28:00,0,1,1,5,46,51
523.0,2016-10-11 13:31:00,3,1,-2,3,48,51
523.0,2016-10-11 13:34:00,1,0,-1,2,49,51
523.0,2016-10-11 13:37:00,0,2,2,4,47,51
523.0,2016-10-11 13:40:00,1,2,1,5,46,51
523.0,2016-10-11 13:43:00,1,0,-1,4,47,51
523.0,2016-10-11 13:46:00,1,0,-1,3,48,51
523.0,2016-10-11 13:49:00,1,1,0,3,48,51
523.0,2016-10-11 13:52:00,1,1,0,3,48,51
523.0,2016-10-11 13:55:00,0,1,1,4,47,51
523.0,2016-10-11 13:58:00,0,0,0,4,47,51
523.0,2016-10-11 14:01:00,0,1,1,5,46,51
523.0,2016-10-11 14:04:00,1,1,0,5,46,51
523.0,2016-10-11 14:07:00,0,2,2,7,44,51
523.0,2016-10-11 14:10:00,0,0,0,7,44,51
523.0,2016-10-11 14:13:00,0,1,1,8,43,51
523.0,2016-10-11 14:16:00,1,2,1,9,42,51
523.0,2016-10-11 14:19:00,1,0,-1,8,43,51
523.0,2016-10-11 14:22:00,0,2,2,10,41,51
523.0,2016-10-11 14:25:00,0,1,1,11,40,51
523.0,2016-10-11 14:28:00,0,1,1,12,39,51
523.0,2016-10-11 14:31:00,3,0,-3,9,42,51
523.0,2016-10-11 14:34:00,0,1,1,10,41,51
523.0,2016-10-11 14:37:00,0,0,0,10,41,51
523.0,2016-10-11 14:40:00,0,1,1,11,40,51
523.0,2016-10-11 14:43:00,0,1,1,12,39,51
523.0,2016-10-11 14:46:00,1,0,-1,11,40,51
523.0,2016-10-11 14:49:00,0,1,1,12,39,51
523.0,2016-10-11 14:52:00,0,0,0,12,39,51
523.0,2016-10-11 14:55:00,1,2,1,13,38,51
523.0,2016-10-11 14:58:00,1,0,-1,12,39,51
523.0,2016-10-11 15:01:00,0,0,0,12,39,51
523.0,2016-10-11 15:04:00,0,0,0,12,39,51
523.0,2016-10-11 15:07:00,1,0,-1,11,40,51
523.0,2016-10-11 15:10:00,0,0,0,11,40,51
523.0,2016-10-11 15:13:00,1,2,1,12,39,51
523.0,2016-10-11 15:16:00,1,0,-1,11,40,51
523.0,2016-10-11 15:19:00,1,1,0,11,40,51
523.0,2016-10-11 15:22:00,0,0,0,11,40,51
523.0,2016-10-11 15:25:00,0,1,1,12,39,51
523.0,2016-10-11 15:28:00,1,1,0,12,39,51
523.0,2016-10-11 15:31:00,1,0,-1,11,40,51
523.0,2016-10-11 15:34:00,2,2,0,11,40,51
523.0,2016-10-11 15:37:00,1,2,1,12,39,51
523.0,2016-10-11 15:40:00,0,1,1,13,38,51
523.0,2016-10-11 15:43:00,2,2,0,13,38,51
523.0,2016-10-11 15:46:00,0,3,3,16,35,51
523.0,2016-10-11 15:49:00,0,2,2,18,33,51
523.0,2016-10-11 15:52:00,0,1,1,19,32,51
523.0,2016-10-11 15:55:00,3,3,0,19,32,51
523.0,2016-10-11 15:58:00,0,1,1,20,31,51
523.0,2016-10-11 16:01:00,0,2,2,22,29,51
523.0,2016-10-11 16:04:00,0,0,0,22,29,51
523.0,2016-10-11 16:07:00,1,1,0,22,29,51
523.0,2016-10-11 16:10:00,1,2,1,23,28,51
523.0,2016-10-11 16:13:00,1,1,0,23,28,51
523.0,2016-10-11 16:16:00,1,4,3,26,25,51
523.0,2016-10-11 16:19:00,0,4,4,30,21,51
523.0,2016-10-11 16:22:00,0,2,2,32,19,51
523.0,2016-10-11 16:25:00,0,0,0,32,19,51
523.0,2016-10-11 16:28:00,2,2,0,32,19,51
523.0,2016-10-11 16:31:00,2,2,0,32,19,51
523.0,2016-10-11 16:34:00,0,2,2,34,17,51
523.0,2016-10-11 16:37:00,2,3,1,35,16,51
523.0,2016-10-11 16:40:00,3,2,-1,34,17,51
523.0,2016-10-11 16:43:00,1,2,1,35,16,51
523.0,2016-10-11 16:46:00,0,5,5,40,11,51
523.0,2016-10-11 16:49:00,0,3,3,43,8,51
523.0,2016-10-11 16:52:00,0,1,1,44,7,51
523.0,2016-10-11 16:55:00,0,3,3,47,4,51
523.0,2016-10-11 16:58:00,0,4,4,51,0,51
523.0,2016-10-11 17:01:00,3,1,-2,49,2,51
523.0,2016-10-11 17:04:00,4,2,-2,47,4,51
523.0,2016-10-11 17:07:00,0,4,4,51,0,51
523.0,2016-10-11 17:10:00,2,3,1,51,0,51
523.0,2016-10-11 17:13:00,0,0,0,51,0,51
523.0,2016-10-11 17:16:00,1,1,0,51,0,51
523.0,2016-10-11 17:19:00,2,1,-1,50,1,51
523.0,2016-10-11 17:22:00,1,2,1,51,0,51
523.0,2016-10-11 17:25:00,2,2,0,51,0,51
523.0,2016-10-11 17:28:00,0,0,0,51,0,51
523.0,2016-10-11 17:31:00,3,2,-1,50,1,51
523.0,2016-10-11 17:34:00,2,3,1,51,0,51
523.0,2016-10-11 17:37:00,1,1,0,51,0,51
523.0,2016-10-11 17:40:00,1,1,0,51,0,51
523.0,2016-10-11 17:43:00,3,3,0,51,0,51
523.0,2016-10-11 17:46:00,1,1,0,51,0,51
523.0,2016-10-11 17:49:00,2,2,0,51,0,51
523.0,2016-10-11 17:52:00,2,2,0,51,0,51
523.0,2016-10-11 17:55:00,1,1,0,51,0,51
523.0,2016-10-11 17:58:00,2,2,0,51,0,51
523.0,2016-10-11 18:01:00,3,3,0,51,0,51
523.0,2016-10-11 18:04:00,5,3,-2,49,2,51
523.0,2016-10-11 18:07:00,1,3,2,51,0,51
523.0,2016-10-11 18:10:00,5,1,-4,47,4,51
523.0,2016-10-11 18:13:00,5,5,0,47,4,51
523.0,2016-10-11 18:16:00,4,1,-3,44,7,51
523.0,2016-10-11 18:19:00,1,1,0,44,7,51
523.0,2016-10-11 18:22:00,8,4,-4,40,11,51
523.0,2016-10-11 18:25:00,2,2,0,40,11,51
523.0,2016-10-11 18:28:00,2,4,2,42,9,51
523.0,2016-10-11 18:31:00,1,1,0,42,9,51
523.0,2016-10-11 18:34:00,5,2,-3,39,12,51
523.0,2016-10-11 18:37:00,0,0,0,39,12,51
523.0,2016-10-11 18:40:00,2,3,1,40,11,51
523.0,2016-10-11 18:43:00,1,1,0,40,11,51
523.0,2016-10-11 18:46:00,2,0,-2,38,13,51
523.0,2016-10-11 18:49:00,4,2,-2,36,15,51
523.0,2016-10-11 18:52:00,2,1,-1,35,16,51
523.0,2016-10-11 18:55:00,3,0,-3,32,19,51
523.0,2016-10-11 18:58:00,2,0,-2,30,21,51
523.0,2016-10-11 19:01:00,2,3,1,31,20,51
523.0,2016-10-11 19:04:00,3,0,-3,28,23,51
523.0,2016-10-11 19:07:00,5,1,-4,24,27,51
523.0,2016-10-11 19:10:00,2,1,-1,23,28,51
523.0,2016-10-11 19:13:00,1,0,-1,22,29,51
523.0,2016-10-11 19:16:00,1,3,2,24,27,51
523.0,2016-10-11 19:19:00,0,2,2,26,25,51
523.0,2016-10-11 19:22:00,1,2,1,27,24,51
523.0,2016-10-11 19:25:00,0,0,0,27,24,51
523.0,2016-10-11 19:28:00,2,0,-2,25,26,51
523.0,2016-10-11 19:31:00,0,0,0,25,26,51
523.0,2016-10-11 19:34:00,3,1,-2,23,28,51
523.0,2016-10-11 19:37:00,4,1,-3,20,31,51
523.0,2016-10-11 19:40:00,0,1,1,21,30,51
523.0,2016-10-11 19:43:00,2,1,-1,20,31,51
523.0,2016-10-11 19:46:00,2,2,0,20,31,51
523.0,2016-10-11 19:49:00,0,1,1,21,30,51
523.0,2016-10-11 19:52:00,0,1,1,22,29,51
523.0,2016-10-11 19:55:00,2,1,-1,21,30,51
523.0,2016-10-11 19:58:00,1,0,-1,20,31,51
523.0,2016-10-11 20:01:00,0,2,2,22,29,51
523.0,2016-10-11 20:04:00,1,3,2,24,27,51
523.0,2016-10-11 20:07:00,0,0,0,24,27,51
523.0,2016-10-11 20:10:00,3,1,-2,22,29,51
523.0,2016-10-11 20:13:00,0,1,1,23,28,51
523.0,2016-10-11 20:16:00,1,0,-1,22,29,51
523.0,2016-10-11 20:19:00,2,1,-1,21,30,51
523.0,2016-10-11 20:22:00,0,2,2,23,28,51
523.0,2016-10-11 20:25:00,3,2,-1,22,29,51
523.0,2016-10-11 20:28:00,0,1,1,23,28,51
523.0,2016-10-11 20:31:00,0,0,0,23,28,51
523.0,2016-10-11 20:34:00,0,1,1,24,27,51
523.0,2016-10-11 20:37:00,0,0,0,24,27,51
523.0,2016-10-11 20:40:00,5,0,-5,19,32,51
523.0,2016-10-11 20:43:00,2,0,-2,17,34,51
523.0,2016-10-11 20:46:00,0,0,0,17,34,51
523.0,2016-10-11 20:49:00,0,0,0,17,34,51
523.0,2016-10-11 20:52:00,0,0,0,17,34,51
523.0,2016-10-11 20:55:00,0,0,0,17,34,51
523.0,2016-10-11 20:58:00,0,1,1,18,33,51
523.0,2016-10-11 21:01:00,1,1,0,18,33,51
523.0,2016-10-11 21:04:00,1,2,1,19,32,51
523.0,2016-10-11 21:07:00,1,1,0,19,32,51
523.0,2016-10-11 21:10:00,0,0,0,19,32,51
523.0,2016-10-11 21:13:00,2,0,-2,17,34,51
523.0,2016-10-11 21:16:00,1,1,0,17,34,51
523.0,2016-10-11 21:19:00,1,2,1,18,33,51
523.0,2016-10-11 21:22:00,0,0,0,18,33,51
523.0,2016-10-11 21:25:00,0,0,0,18,33,51
523.0,2016-10-11 21:27:00,0,0,0,14,37,51
523.0,2016-10-11 21:30:00,1,0,-1,13,38,51
523.0,2016-10-11 21:33:00,0,0,0,13,38,51
523.0,2016-10-11 21:36:00,0,0,0,13,38,51
523.0,2016-10-11 21:39:00,0,0,0,13,38,51
523.0,2016-10-11 21:42:00,0,0,0,13,38,51
523.0,2016-10-11 21:45:00,1,1,0,13,38,51
523.0,2016-10-11 21:48:00,0,0,0,13,38,51
523.0,2016-10-11 21:51:00,0,0,0,13,38,51
523.0,2016-10-11 21:54:00,0,1,1,14,37,51
523.0,2016-10-11 21:57:00,0,0,0,14,37,51
523.0,2016-10-11 22:00:00,1,1,0,14,37,51
523.0,2016-10-11 22:03:00,0,1,1,15,36,51
523.0,2016-10-11 22:06:00,0,0,0,15,36,51
523.0,2016-10-11 22:09:00,0,0,0,15,36,51
523.0,2016-10-11 22:12:00,0,2,2,17,34,51
523.0,2016-10-11 22:15:00,0,1,1,18,33,51
523.0,2016-10-11 22:18:00,0,0,0,18,33,51
523.0,2016-10-11 22:21:00,0,0,0,18,33,51
523.0,2016-10-11 22:24:00,1,0,-1,17,34,51
523.0,2016-10-11 22:27:00,0,0,0,17,34,51
523.0,2016-10-11 22:30:00,1,0,-1,16,35,51
523.0,2016-10-11 22:33:00,0,1,1,17,34,51
523.0,2016-10-11 22:36:00,0,0,0,17,34,51
523.0,2016-10-11 22:39:00,1,1,0,17,34,51
523.0,2016-10-11 22:42:00,0,0,0,17,34,51
523.0,2016-10-11 22:45:00,0,0,0,17,34,51
523.0,2016-10-11 22:48:00,0,0,0,17,34,51
523.0,2016-10-11 22:51:00,0,0,0,17,34,51
523.0,2016-10-11 22:54:00,0,0,0,17,34,51
523.0,2016-10-11 22:57:00,0,0,0,17,34,51
523.0,2016-10-11 23:00:00,0,0,0,17,34,51
523.0,2016-10-11 23:03:00,0,0,0,17,34,51
523.0,2016-10-11 23:06:00,0,1,1,18,33,51
523.0,2016-10-11 23:09:00,0,0,0,18,33,51
523.0,2016-10-11 23:12:00,0,0,0,18,33,51
523.0,2016-10-11 23:15:00,0,0,0,18,33,51
523.0,2016-10-11 23:18:00,0,0,0,18,33,51
523.0,2016-10-11 23:21:00,0,0,0,18,33,51
523.0,2016-10-11 23:24:00,0,0,0,18,33,51
523.0,2016-10-11 23:27:00,1,0,-1,17,34,51
523.0,2016-10-11 23:30:00,0,0,0,17,34,51
523.0,2016-10-11 23:33:00,0,1,1,18,33,51
523.0,2016-10-11 23:36:00,1,0,-1,17,34,51
523.0,2016-10-11 23:39:00,0,0,0,17,34,51
523.0,2016-10-11 23:42:00,0,0,0,17,34,51
523.0,2016-10-11 23:45:00,0,0,0,17,34,51
523.0,2016-10-11 23:48:00,1,0,-1,16,35,51
523.0,2016-10-11 23:51:00,0,0,0,16,35,51
523.0,2016-10-11 23:54:00,0,0,0,16,35,51
523.0,2016-10-11 23:57:00,0,0,0,16,35,51
523.0,2016-10-12 00:00:00,0,0,0,16,35,51
523.0,2016-10-12 00:03:00,0,0,0,16,35,51
523.0,2016-10-12 00:06:00,0,0,0,16,35,51
523.0,2016-10-12 00:09:00,0,0,0,16,35,51
523.0,2016-10-12 00:12:00,0,0,0,16,35,51
523.0,2016-10-12 00:15:00,0,0,0,16,35,51
523.0,2016-10-12 00:18:00,0,0,0,16,35,51
523.0,2016-10-12 00:21:00,0,0,0,16,35,51
523.0,2016-10-12 00:24:00,0,1,1,17,34,51
523.0,2016-10-12 00:27:00,2,1,-1,16,35,51
523.0,2016-10-12 00:30:00,0,0,0,16,35,51
523.0,2016-10-12 00:33:00,0,0,0,16,35,51
523.0,2016-10-12 00:36:00,0,0,0,16,35,51
523.0,2016-10-12 00:39:00,0,0,0,16,35,51
523.0,2016-10-12 00:42:00,0,0,0,16,35,51
523.0,2016-10-12 00:45:00,0,0,0,16,35,51
523.0,2016-10-12 00:48:00,0,1,1,17,34,51
523.0,2016-10-12 00:51:00,0,0,0,17,34,51
523.0,2016-10-12 00:54:00,0,0,0,17,34,51
523.0,2016-10-12 00:57:00,0,0,0,17,34,51
523.0,2016-10-12 01:00:00,0,0,0,17,34,51
523.0,2016-10-12 01:03:00,0,0,0,17,34,51
523.0,2016-10-12 01:06:00,0,0,0,17,34,51
523.0,2016-10-12 01:09:00,0,0,0,17,34,51
523.0,2016-10-12 01:12:00,0,0,0,17,34,51
523.0,2016-10-12 01:15:00,0,0,0,17,34,51
523.0,2016-10-12 01:18:00,0,0,0,17,34,51
523.0,2016-10-12 01:21:00,0,0,0,17,34,51
523.0,2016-10-12 01:24:00,0,0,0,17,34,51
523.0,2016-10-12 01:27:00,0,0,0,17,34,51
523.0,2016-10-12 01:30:00,0,0,0,17,34,51
523.0,2016-10-12 01:33:00,0,0,0,17,34,51
523.0,2016-10-12 01:36:00,0,0,0,17,34,51
523.0,2016-10-12 01:39:00,0,0,0,17,34,51
523.0,2016-10-12 01:42:00,0,0,0,17,34,51
523.0,2016-10-12 01:45:00,0,0,0,17,34,51
523.0,2016-10-12 01:48:00,0,1,1,18,33,51
523.0,2016-10-12 01:51:00,0,0,0,18,33,51
523.0,2016-10-12 01:54:00,0,0,0,18,33,51
523.0,2016-10-12 01:57:00,0,0,0,18,33,51
523.0,2016-10-12 02:00:00,0,0,0,18,33,51
523.0,2016-10-12 02:03:00,0,0,0,18,33,51
523.0,2016-10-12 02:06:00,0,0,0,18,33,51
523.0,2016-10-12 02:09:00,0,0,0,18,33,51
523.0,2016-10-12 02:12:00,0,0,0,18,33,51
523.0,2016-10-12 02:15:00,0,0,0,18,33,51
523.0,2016-10-12 02:18:00,0,0,0,18,33,51
523.0,2016-10-12 02:21:00,0,0,0,18,33,51
523.0,2016-10-12 02:24:00,0,0,0,18,33,51
523.0,2016-10-12 02:27:00,0,0,0,18,33,51
523.0,2016-10-12 02:30:00,0,0,0,18,33,51
523.0,2016-10-12 02:33:00,0,0,0,18,33,51
523.0,2016-10-12 02:36:00,0,0,0,18,33,51
523.0,2016-10-12 02:39:00,0,0,0,18,33,51
523.0,2016-10-12 02:42:00,0,0,0,18,33,51
523.0,2016-10-12 02:45:00,0,0,0,18,33,51
523.0,2016-10-12 02:48:00,0,0,0,18,33,51
523.0,2016-10-12 02:51:00,0,0,0,18,33,51
523.0,2016-10-12 02:54:00,0,0,0,18,33,51
523.0,2016-10-12 02:57:00,0,0,0,18,33,51
523.0,2016-10-12 03:00:00,0,0,0,18,33,51
523.0,2016-10-12 03:03:00,0,0,0,18,33,51
523.0,2016-10-12 03:06:00,0,0,0,18,33,51
523.0,2016-10-12 03:09:00,0,0,0,18,33,51
523.0,2016-10-12 03:12:00,0,0,0,18,33,51
523.0,2016-10-12 03:15:00,0,0,0,18,33,51
523.0,2016-10-12 03:18:00,0,0,0,18,33,51
523.0,2016-10-12 03:21:00,0,0,0,18,33,51
523.0,2016-10-12 03:24:00,0,0,0,18,33,51
523.0,2016-10-12 03:27:00,0,0,0,18,33,51
523.0,2016-10-12 03:30:00,0,0,0,18,33,51
523.0,2016-10-12 03:33:00,0,3,3,21,30,51
523.0,2016-10-12 03:36:00,0,0,0,21,30,51
523.0,2016-10-12 03:39:00,0,0,0,21,30,51
523.0,2016-10-12 03:42:00,0,0,0,21,30,51
523.0,2016-10-12 03:45:00,0,0,0,21,30,51
523.0,2016-10-12 03:48:00,0,0,0,21,30,51
523.0,2016-10-12 03:51:00,0,0,0,21,30,51
523.0,2016-10-12 03:54:00,0,0,0,21,30,51
523.0,2016-10-12 03:57:00,0,0,0,21,30,51
523.0,2016-10-12 04:00:00,0,0,0,21,30,51
523.0,2016-10-12 04:03:00,0,0,0,21,30,51
523.0,2016-10-12 04:06:00,0,0,0,21,30,51
523.0,2016-10-12 04:09:00,0,0,0,21,30,51
523.0,2016-10-12 04:12:00,0,0,0,21,30,51
523.0,2016-10-12 04:15:00,0,0,0,21,30,51
523.0,2016-10-12 04:18:00,0,0,0,21,30,51
523.0,2016-10-12 04:21:00,0,0,0,21,30,51
523.0,2016-10-12 04:24:00,0,0,0,21,30,51
523.0,2016-10-12 04:27:00,0,0,0,21,30,51
523.0,2016-10-12 04:30:00,0,0,0,21,30,51
523.0,2016-10-12 04:33:00,0,0,0,21,30,51
523.0,2016-10-12 04:36:00,0,0,0,21,30,51
523.0,2016-10-12 04:39:00,0,0,0,21,30,51
523.0,2016-10-12 04:42:00,0,0,0,21,30,51
523.0,2016-10-12 04:45:00,0,0,0,21,30,51
523.0,2016-10-12 04:48:00,0,0,0,21,30,51
523.0,2016-10-12 04:51:00,0,0,0,21,30,51
523.0,2016-10-12 04:54:00,0,0,0,21,30,51
523.0,2016-10-12 04:57:00,0,0,0,21,30,51
523.0,2016-10-12 05:00:00,0,0,0,21,30,51
523.0,2016-10-12 05:03:00,0,0,0,21,30,51
523.0,2016-10-12 05:06:00,0,0,0,21,30,51
523.0,2016-10-12 05:09:00,0,0,0,21,30,51
523.0,2016-10-12 05:12:00,0,0,0,21,30,51
523.0,2016-10-12 05:15:00,0,0,0,21,30,51
523.0,2016-10-12 05:18:00,0,0,0,21,30,51
523.0,2016-10-12 05:21:00,0,0,0,21,30,51
523.0,2016-10-12 05:24:00,0,0,0,21,30,51
523.0,2016-10-12 05:27:00,0,0,0,21,30,51
523.0,2016-10-12 05:30:00,0,0,0,21,30,51
523.0,2016-10-12 05:33:00,0,0,0,21,30,51
523.0,2016-10-12 05:36:00,0,0,0,21,30,51
523.0,2016-10-12 05:39:00,0,0,0,21,30,51
523.0,2016-10-12 05:42:00,0,0,0,21,30,51
523.0,2016-10-12 05:45:00,0,0,0,21,30,51
523.0,2016-10-12 05:48:00,0,0,0,21,30,51
523.0,2016-10-12 05:51:00,0,1,1,22,29,51
523.0,2016-10-12 05:54:00,0,0,0,22,29,51
523.0,2016-10-12 05:57:00,0,0,0,22,29,51
523.0,2016-10-12 06:00:00,0,0,0,22,29,51
523.0,2016-10-12 06:03:00,0,0,0,22,29,51
523.0,2016-10-12 06:06:00,0,0,0,22,29,51
523.0,2016-10-12 06:09:00,1,1,0,22,29,51
523.0,2016-10-12 06:12:00,1,0,-1,21,30,51
523.0,2016-10-12 06:15:00,1,0,-1,20,31,51
523.0,2016-10-12 06:18:00,2,0,-2,18,33,51
523.0,2016-10-12 06:21:00,0,0,0,18,33,51
523.0,2016-10-12 06:24:00,0,0,0,18,33,51
523.0,2016-10-12 06:27:00,1,0,-1,17,34,51
523.0,2016-10-12 06:30:00,1,0,-1,16,35,51
523.0,2016-10-12 06:33:00,0,1,1,17,34,51
523.0,2016-10-12 06:36:00,1,0,-1,16,35,51
523.0,2016-10-12 06:39:00,1,0,-1,15,36,51
523.0,2016-10-12 06:42:00,2,0,-2,13,38,51
523.0,2016-10-12 06:45:00,1,0,-1,12,39,51
523.0,2016-10-12 06:48:00,1,0,-1,11,40,51
523.0,2016-10-12 06:51:00,1,0,-1,10,41,51
523.0,2016-10-12 06:54:00,0,0,0,10,41,51
523.0,2016-10-12 06:57:00,0,0,0,10,41,51
523.0,2016-10-12 07:00:00,0,1,1,11,40,51
523.0,2016-10-12 07:03:00,2,1,-1,10,41,51
523.0,2016-10-12 07:06:00,0,1,1,11,40,51
523.0,2016-10-12 07:09:00,2,0,-2,9,42,51
523.0,2016-10-12 07:12:00,0,1,1,10,41,51
523.0,2016-10-12 07:15:00,5,0,-5,5,46,51
523.0,2016-10-12 07:18:00,0,0,0,5,46,51
523.0,2016-10-12 07:21:00,2,0,-2,3,48,51
523.0,2016-10-12 07:24:00,1,0,-1,2,49,51
523.0,2016-10-12 07:27:00,2,1,-1,1,50,51
523.0,2016-10-12 07:30:00,3,1,-2,0,51,51
523.0,2016-10-12 07:33:00,1,0,-1,0,51,51
523.0,2016-10-12 07:36:00,0,0,0,0,51,51
523.0,2016-10-12 07:39:00,0,0,0,0,51,51
523.0,2016-10-12 07:42:00,0,0,0,0,51,51
523.0,2016-10-12 07:45:00,0,1,1,1,50,51
523.0,2016-10-12 07:48:00,0,2,2,3,48,51
523.0,2016-10-12 07:51:00,1,2,1,4,47,51
523.0,2016-10-12 07:54:00,1,0,-1,3,48,51
523.0,2016-10-12 07:57:00,1,0,-1,2,49,51
523.0,2016-10-12 08:00:00,0,0,0,2,49,51
523.0,2016-10-12 08:03:00,1,1,0,2,49,51
523.0,2016-10-12 08:06:00,0,1,1,3,48,51
523.0,2016-10-12 08:09:00,1,0,-1,2,49,51
523.0,2016-10-12 08:12:00,2,0,-2,0,51,51
523.0,2016-10-12 08:15:00,2,2,0,0,51,51
523.0,2016-10-12 08:18:00,1,1,0,0,51,51
523.0,2016-10-12 08:21:00,2,2,0,0,51,51
523.0,2016-10-12 08:24:00,1,1,0,0,51,51
523.0,2016-10-12 08:27:00,1,3,2,2,49,51
523.0,2016-10-12 08:30:00,1,0,-1,1,50,51
523.0,2016-10-12 08:33:00,1,0,-1,0,51,51
523.0,2016-10-12 08:36:00,0,1,1,1,50,51
523.0,2016-10-12 08:39:00,2,3,1,2,49,51
523.0,2016-10-12 08:42:00,2,7,5,7,44,51
523.0,2016-10-12 08:45:00,0,2,2,9,42,51
523.0,2016-10-12 08:48:00,6,3,-3,6,45,51
523.0,2016-10-12 08:51:00,5,3,-2,4,47,51
523.0,2016-10-12 08:54:00,4,0,-4,0,51,51
523.0,2016-10-12 08:57:00,2,1,-1,0,51,51
523.0,2016-10-12 09:00:00,1,1,0,0,51,51
523.0,2016-10-12 09:03:00,2,4,2,2,49,51
523.0,2016-10-12 09:06:00,3,2,-1,1,50,51
523.0,2016-10-12 09:09:00,2,4,2,3,48,51
523.0,2016-10-12 09:12:00,4,4,0,3,48,51
523.0,2016-10-12 09:15:00,4,2,-2,1,50,51
523.0,2016-10-12 09:18:00,2,2,0,1,50,51
523.0,2016-10-12 09:21:00,1,0,-1,0,51,51
523.0,2016-10-12 09:24:00,1,2,1,1,50,51
523.0,2016-10-12 09:27:00,2,2,0,1,50,51
523.0,2016-10-12 09:30:00,1,2,1,2,49,51
523.0,2016-10-12 09:33:00,1,0,-1,1,50,51
523.0,2016-10-12 09:36:00,0,0,0,1,50,51
523.0,2016-10-12 09:39:00,1,1,0,1,50,51
523.0,2016-10-12 09:42:00,1,1,0,1,50,51
523.0,2016-10-12 09:45:00,1,2,1,2,49,51
523.0,2016-10-12 09:48:00,2,2,0,2,49,51
523.0,2016-10-12 09:51:00,2,2,0,2,49,51
523.0,2016-10-12 09:54:00,0,0,0,2,49,51
523.0,2016-10-12 09:57:00,1,1,0,2,49,51
523.0,2016-10-12 10:00:00,0,1,1,3,48,51
523.0,2016-10-12 10:03:00,1,0,-1,2,49,51
523.0,2016-10-12 10:06:00,1,1,0,2,49,51
523.0,2016-10-12 10:09:00,2,0,-2,0,51,51
523.0,2016-10-12 10:12:00,1,1,0,0,51,51
523.0,2016-10-12 10:15:00,0,1,1,1,50,51
523.0,2016-10-12 10:18:00,0,0,0,1,50,51
523.0,2016-10-12 10:21:00,0,0,0,1,50,51
523.0,2016-10-12 10:24:00,0,1,1,2,49,51
523.0,2016-10-12 10:27:00,1,2,1,3,48,51
523.0,2016-10-12 10:30:00,0,1,1,4,47,51
523.0,2016-10-12 10:33:00,0,0,0,4,47,51
523.0,2016-10-12 10:36:00,0,1,1,5,46,51
523.0,2016-10-12 10:39:00,1,0,-1,4,47,51
523.0,2016-10-12 10:42:00,0,1,1,5,46,51
523.0,2016-10-12 10:45:00,2,1,-1,4,47,51
523.0,2016-10-12 10:48:00,1,0,-1,3,48,51
523.0,2016-10-12 10:51:00,1,2,1,4,47,51
523.0,2016-10-12 10:54:00,1,1,0,4,47,51
523.0,2016-10-12 10:57:00,0,0,0,4,47,51
523.0,2016-10-12 11:00:00,0,0,0,4,47,51
523.0,2016-10-12 11:03:00,2,1,-1,3,48,51
523.0,2016-10-12 11:06:00,0,0,0,3,48,51
523.0,2016-10-12 11:09:00,0,1,1,4,47,51
523.0,2016-10-12 11:12:00,0,1,1,5,46,51
523.0,2016-10-12 11:15:00,1,0,-1,4,47,51
523.0,2016-10-12 11:18:00,1,2,1,5,46,51
523.0,2016-10-12 11:21:00,0,1,1,6,45,51
523.0,2016-10-12 11:24:00,3,0,-3,3,48,51
523.0,2016-10-12 11:27:00,0,0,0,3,48,51
523.0,2016-10-12 11:30:00,1,1,0,3,48,51
523.0,2016-10-12 11:33:00,0,2,2,5,46,51
523.0,2016-10-12 11:36:00,0,0,0,5,46,51
523.0,2016-10-12 11:39:00,0,1,1,6,45,51
523.0,2016-10-12 11:42:00,0,0,0,6,45,51
523.0,2016-10-12 11:45:00,0,0,0,6,45,51
523.0,2016-10-12 11:48:00,0,2,2,8,43,51
523.0,2016-10-12 11:51:00,0,1,1,9,42,51
523.0,2016-10-12 11:54:00,1,1,0,9,42,51
523.0,2016-10-12 11:57:00,1,0,-1,8,43,51
523.0,2016-10-12 12:00:00,2,1,-1,7,44,51
523.0,2016-10-12 12:03:00,1,3,2,9,42,51
523.0,2016-10-12 12:06:00,1,0,-1,8,43,51
523.0,2016-10-12 12:09:00,0,0,0,8,43,51
523.0,2016-10-12 12:12:00,0,0,0,8,43,51
523.0,2016-10-12 12:15:00,1,0,-1,7,44,51
523.0,2016-10-12 12:18:00,2,1,-1,6,45,51
523.0,2016-10-12 12:21:00,2,0,-2,4,47,51
523.0,2016-10-12 12:24:00,0,0,0,4,47,51
523.0,2016-10-12 12:27:00,1,1,0,4,47,51
523.0,2016-10-12 12:30:00,0,0,0,4,47,51
523.0,2016-10-12 12:33:00,2,0,-2,2,49,51
523.0,2016-10-12 12:36:00,0,0,0,2,49,51
523.0,2016-10-12 12:39:00,0,0,0,2,49,51
523.0,2016-10-12 12:42:00,0,0,0,2,49,51
523.0,2016-10-12 12:45:00,0,1,1,3,48,51
523.0,2016-10-12 12:48:00,1,0,-1,2,49,51
523.0,2016-10-12 12:51:00,1,0,-1,1,50,51
523.0,2016-10-12 12:54:00,1,0,-1,0,51,51
523.0,2016-10-12 12:57:00,1,2,1,1,50,51
523.0,2016-10-12 13:00:00,1,1,0,1,50,51
523.0,2016-10-12 13:03:00,0,0,0,1,50,51
523.0,2016-10-12 13:06:00,1,1,0,1,50,51
523.0,2016-10-12 13:09:00,1,0,-1,0,51,51
523.0,2016-10-12 13:12:00,0,1,1,1,50,51
523.0,2016-10-12 13:15:00,0,2,2,3,48,51
523.0,2016-10-12 13:18:00,0,1,1,4,47,51
523.0,2016-10-12 13:21:00,0,2,2,6,45,51
523.0,2016-10-12 13:24:00,0,0,0,6,45,51
523.0,2016-10-12 13:27:00,0,2,2,8,43,51
523.0,2016-10-12 13:30:00,0,0,0,8,43,51
523.0,2016-10-12 13:33:00,1,0,-1,7,44,51
523.0,2016-10-12 13:36:00,0,2,2,9,42,51
523.0,2016-10-12 13:39:00,0,0,0,9,42,51
523.0,2016-10-12 13:42:00,0,2,2,11,40,51
523.0,2016-10-12 13:45:00,0,0,0,11,40,51
523.0,2016-10-12 13:48:00,1,0,-1,10,41,51
523.0,2016-10-12 13:51:00,3,1,-2,8,43,51
523.0,2016-10-12 13:54:00,0,2,2,10,41,51
523.0,2016-10-12 13:57:00,1,0,-1,9,42,51
523.0,2016-10-12 14:00:00,2,0,-2,7,44,51
523.0,2016-10-12 14:03:00,0,0,0,7,44,51
523.0,2016-10-12 14:06:00,1,0,-1,6,45,51
523.0,2016-10-12 14:09:00,1,3,2,8,43,51
523.0,2016-10-12 14:12:00,1,0,-1,7,44,51
523.0,2016-10-12 14:15:00,0,0,0,7,44,51
523.0,2016-10-12 14:18:00,0,0,0,7,44,51
523.0,2016-10-12 14:21:00,2,0,-2,5,46,51
523.0,2016-10-12 14:24:00,1,1,0,5,46,51
523.0,2016-10-12 14:27:00,0,3,3,8,43,51
523.0,2016-10-12 14:30:00,0,1,1,9,42,51
523.0,2016-10-12 14:33:00,1,0,-1,8,43,51
523.0,2016-10-12 14:36:00,0,1,1,9,42,51
523.0,2016-10-12 14:39:00,0,0,0,9,42,51
523.0,2016-10-12 14:42:00,0,1,1,10,41,51
523.0,2016-10-12 14:45:00,2,1,-1,9,42,51
523.0,2016-10-12 14:48:00,0,1,1,10,41,51
523.0,2016-10-12 14:51:00,1,0,-1,9,42,51
523.0,2016-10-12 14:54:00,0,0,0,9,42,51
523.0,2016-10-12 14:57:00,1,0,-1,8,43,51
523.0,2016-10-12 15:00:00,1,0,-1,7,44,51
523.0,2016-10-12 15:03:00,1,0,-1,6,45,51
523.0,2016-10-12 15:06:00,1,0,-1,5,46,51
523.0,2016-10-12 15:09:00,0,0,0,5,46,51
523.0,2016-10-12 15:12:00,1,1,0,5,46,51
523.0,2016-10-12 15:15:00,1,0,-1,4,47,51
523.0,2016-10-12 15:18:00,1,1,0,4,47,51
523.0,2016-10-12 15:21:00,0,0,0,4,47,51
523.0,2016-10-12 15:24:00,1,0,-1,3,48,51
523.0,2016-10-12 15:27:00,0,0,0,3,48,51
523.0,2016-10-12 15:30:00,0,0,0,3,48,51
523.0,2016-10-12 15:33:00,0,0,0,3,48,51
523.0,2016-10-12 15:36:00,0,1,1,4,47,51
523.0,2016-10-12 15:39:00,0,0,0,4,47,51
523.0,2016-10-12 15:42:00,0,0,0,4,47,51
523.0,2016-10-12 15:45:00,1,1,0,4,47,51
523.0,2016-10-12 15:48:00,0,3,3,7,44,51
523.0,2016-10-12 15:51:00,0,0,0,7,44,51
523.0,2016-10-12 15:54:00,0,0,0,7,44,51
523.0,2016-10-12 15:57:00,1,1,0,7,44,51
523.0,2016-10-12 15:59:00,0,1,1,9,42,51
523.0,2016-10-12 16:02:00,0,3,3,12,39,51
523.0,2016-10-12 16:05:00,0,2,2,14,37,51
523.0,2016-10-12 16:08:00,0,1,1,15,36,51
523.0,2016-10-12 16:11:00,0,0,0,15,36,51
523.0,2016-10-12 16:14:00,0,0,0,15,36,51
523.0,2016-10-12 16:17:00,0,0,0,15,36,51
523.0,2016-10-12 16:20:00,0,1,1,16,35,51
523.0,2016-10-12 16:23:00,1,0,-1,15,36,51
523.0,2016-10-12 16:26:00,0,0,0,15,36,51
523.0,2016-10-12 16:29:00,2,1,-1,14,37,51
523.0,2016-10-12 16:32:00,0,2,2,16,35,51
523.0,2016-10-12 16:35:00,1,2,1,17,34,51
523.0,2016-10-12 16:38:00,1,2,1,18,33,51
523.0,2016-10-12 16:41:00,2,6,4,22,29,51
523.0,2016-10-12 16:44:00,0,2,2,24,27,51
523.0,2016-10-12 16:47:00,0,1,1,25,26,51
523.0,2016-10-12 16:50:00,0,1,1,26,25,51
523.0,2016-10-12 16:53:00,1,5,4,30,21,51
523.0,2016-10-12 16:56:00,1,4,3,33,18,51
523.0,2016-10-12 16:59:00,1,3,2,35,16,51
523.0,2016-10-12 17:02:00,2,2,0,35,16,51
523.0,2016-10-12 17:04:00,3,0,-3,35,16,51
523.0,2016-10-12 17:07:00,4,3,-1,34,17,51
523.0,2016-10-12 17:10:00,2,2,0,34,17,51
523.0,2016-10-12 17:13:00,3,4,1,35,16,51
523.0,2016-10-12 17:16:00,2,2,0,35,16,51
523.0,2016-10-12 17:19:00,4,4,0,35,16,51
523.0,2016-10-12 17:22:00,0,2,2,37,14,51
523.0,2016-10-12 17:25:00,4,2,-2,35,16,51
523.0,2016-10-12 17:28:00,2,4,2,37,14,51
523.0,2016-10-12 17:31:00,0,4,4,41,10,51
523.0,2016-10-12 17:34:00,2,3,1,42,9,51
523.0,2016-10-12 17:37:00,0,1,1,43,8,51
523.0,2016-10-12 17:40:00,1,4,3,46,5,51
523.0,2016-10-12 17:43:00,0,1,1,47,4,51
523.0,2016-10-12 17:46:00,2,2,0,47,4,51
523.0,2016-10-12 17:49:00,7,3,-4,43,8,51
523.0,2016-10-12 17:52:00,2,3,1,44,7,51
523.0,2016-10-12 17:55:00,3,0,-3,41,10,51
523.0,2016-10-12 17:58:00,2,1,-1,40,11,51
523.0,2016-10-12 18:01:00,0,2,2,42,9,51
523.0,2016-10-12 18:04:00,2,1,-1,41,10,51
523.0,2016-10-12 18:07:00,5,1,-4,37,14,51
523.0,2016-10-12 18:10:00,4,3,-1,36,15,51
523.0,2016-10-12 18:13:00,0,3,3,39,12,51
523.0,2016-10-12 18:16:00,3,3,0,39,12,51
523.0,2016-10-12 18:19:00,2,7,5,44,7,51
523.0,2016-10-12 18:22:00,2,1,-1,43,8,51
523.0,2016-10-12 18:25:00,2,3,1,44,7,51
523.0,2016-10-12 18:28:00,1,2,1,45,6,51
523.0,2016-10-12 18:31:00,5,0,-5,40,11,51
523.0,2016-10-12 18:34:00,1,4,3,43,8,51
523.0,2016-10-12 18:37:00,1,1,0,43,8,51
523.0,2016-10-12 18:40:00,2,1,-1,42,9,51
523.0,2016-10-12 18:43:00,1,0,-1,41,10,51
523.0,2016-10-12 18:46:00,1,3,2,43,8,51
523.0,2016-10-12 18:49:00,3,1,-2,41,10,51
523.0,2016-10-12 18:51:00,1,0,-1,39,12,51
523.0,2016-10-12 18:54:00,6,2,-4,35,16,51
523.0,2016-10-12 18:57:00,0,1,1,36,15,51
523.0,2016-10-12 19:00:00,3,2,-1,35,16,51
523.0,2016-10-12 19:03:00,2,0,-2,33,18,51
523.0,2016-10-12 19:06:00,1,1,0,33,18,51
523.0,2016-10-12 19:09:00,1,1,0,33,18,51
523.0,2016-10-12 19:12:00,1,0,-1,32,19,51
523.0,2016-10-12 19:15:00,2,4,2,34,17,51
523.0,2016-10-12 19:18:00,2,0,-2,32,19,51
523.0,2016-10-12 19:21:00,2,2,0,32,19,51
523.0,2016-10-12 19:24:00,0,3,3,35,16,51
523.0,2016-10-12 19:27:00,1,1,0,35,16,51
523.0,2016-10-12 19:30:00,0,1,1,36,15,51
523.0,2016-10-12 19:33:00,1,2,1,37,14,51
523.0,2016-10-12 19:36:00,1,1,0,37,14,51
523.0,2016-10-12 19:39:00,0,1,1,38,13,51
523.0,2016-10-12 19:42:00,2,0,-2,36,15,51
523.0,2016-10-12 19:45:00,1,0,-1,35,16,51
523.0,2016-10-12 19:48:00,1,0,-1,34,17,51
523.0,2016-10-12 19:51:00,0,1,1,35,16,51
523.0,2016-10-12 19:54:00,2,0,-2,33,18,51
523.0,2016-10-12 19:57:00,0,3,3,36,15,51
523.0,2016-10-12 20:00:00,0,1,1,37,14,51
523.0,2016-10-12 20:03:00,2,0,-2,35,16,51
523.0,2016-10-12 20:06:00,3,2,-1,34,17,51
523.0,2016-10-12 20:09:00,1,1,0,34,17,51
523.0,2016-10-12 20:12:00,0,0,0,34,17,51
523.0,2016-10-12 20:15:00,1,0,-1,33,18,51
523.0,2016-10-12 20:18:00,0,2,2,35,16,51
523.0,2016-10-12 20:21:00,1,2,1,36,15,51
523.0,2016-10-12 20:23:00,0,3,3,38,13,51
523.0,2016-10-12 20:26:00,1,1,0,38,13,51
523.0,2016-10-12 20:29:00,1,1,0,38,13,51
523.0,2016-10-12 20:32:00,0,1,1,39,12,51
523.0,2016-10-12 20:35:00,1,0,-1,38,13,51
523.0,2016-10-12 20:38:00,0,0,0,38,13,51
523.0,2016-10-12 20:41:00,0,0,0,38,13,51
523.0,2016-10-12 20:44:00,2,1,-1,37,14,51
523.0,2016-10-12 20:47:00,0,1,1,38,13,51
523.0,2016-10-12 20:50:00,0,0,0,38,13,51
523.0,2016-10-12 20:53:00,0,0,0,38,13,51
523.0,2016-10-12 20:56:00,0,0,0,38,13,51
523.0,2016-10-12 20:59:00,0,0,0,38,13,51
523.0,2016-10-12 21:02:00,0,0,0,38,13,51
523.0,2016-10-12 21:05:00,0,0,0,38,13,51
523.0,2016-10-12 21:08:00,0,1,1,39,12,51
523.0,2016-10-12 21:11:00,1,0,-1,38,13,51
523.0,2016-10-12 21:14:00,1,0,-1,37,14,51
523.0,2016-10-12 21:17:00,0,1,1,38,13,51
523.0,2016-10-12 21:20:00,1,1,0,38,13,51
523.0,2016-10-12 21:23:00,0,0,0,38,13,51
523.0,2016-10-12 21:24:00,0,0,0,38,13,51
523.0,2016-10-12 21:27:00,0,1,1,39,12,51
523.0,2016-10-12 21:30:00,0,0,0,39,12,51
523.0,2016-10-12 21:33:00,2,0,-2,37,14,51
523.0,2016-10-12 21:36:00,1,0,-1,36,15,51
523.0,2016-10-12 21:39:00,3,0,-3,33,18,51
523.0,2016-10-12 21:42:00,1,0,-1,32,19,51
523.0,2016-10-12 21:45:00,0,0,0,32,19,51
523.0,2016-10-12 21:48:00,0,0,0,32,19,51
523.0,2016-10-12 21:51:00,0,1,1,33,18,51
523.0,2016-10-12 21:54:00,0,1,1,34,17,51
523.0,2016-10-12 21:57:00,0,0,0,34,17,51
523.0,2016-10-12 22:00:00,0,1,1,35,16,51
523.0,2016-10-12 22:03:00,1,1,0,35,16,51
523.0,2016-10-12 22:06:00,1,0,-1,34,17,51
523.0,2016-10-12 22:09:00,0,0,0,34,17,51
523.0,2016-10-12 22:12:00,0,0,0,34,17,51
523.0,2016-10-12 22:15:00,0,0,0,34,17,51
523.0,2016-10-12 22:18:00,0,1,1,35,16,51
523.0,2016-10-12 22:21:00,0,0,0,35,16,51
523.0,2016-10-12 22:24:00,0,0,0,35,16,51
523.0,2016-10-12 22:27:00,0,0,0,35,16,51
523.0,2016-10-12 22:30:00,0,0,0,35,16,51
523.0,2016-10-12 22:31:00,0,0,0,35,16,51
523.0,2016-10-12 22:34:00,0,0,0,35,16,51
523.0,2016-10-12 22:37:00,0,0,0,35,16,51
523.0,2016-10-12 22:40:00,0,0,0,35,16,51
523.0,2016-10-12 22:43:00,0,0,0,35,16,51
523.0,2016-10-12 22:46:00,0,0,0,35,16,51
523.0,2016-10-12 22:49:00,0,1,1,36,15,51
523.0,2016-10-12 22:52:00,0,0,0,36,15,51
523.0,2016-10-12 22:55:00,1,0,-1,35,16,51
523.0,2016-10-12 22:58:00,0,0,0,35,16,51
523.0,2016-10-12 23:01:00,0,0,0,35,16,51
523.0,2016-10-12 23:04:00,1,0,-1,34,17,51
523.0,2016-10-12 23:07:00,0,0,0,34,17,51
523.0,2016-10-12 23:10:00,0,0,0,34,17,51
523.0,2016-10-12 23:13:00,1,0,-1,33,18,51
523.0,2016-10-12 23:16:00,0,0,0,33,18,51
523.0,2016-10-12 23:19:00,0,3,3,36,15,51
523.0,2016-10-12 23:22:00,1,0,-1,35,16,51
523.0,2016-10-12 23:25:00,0,1,1,36,15,51
523.0,2016-10-12 23:28:00,1,1,0,36,15,51
523.0,2016-10-12 23:31:00,0,0,0,36,15,51
523.0,2016-10-12 23:34:00,0,0,0,36,15,51
523.0,2016-10-12 23:37:00,0,0,0,36,15,51
523.0,2016-10-12 23:40:00,1,0,-1,35,16,51
523.0,2016-10-12 23:43:00,0,0,0,35,16,51
523.0,2016-10-12 23:46:00,0,0,0,35,16,51
523.0,2016-10-12 23:49:00,0,0,0,35,16,51
523.0,2016-10-12 23:52:00,0,0,0,35,16,51
523.0,2016-10-12 23:55:00,0,0,0,35,16,51
523.0,2016-10-12 23:58:00,0,0,0,35,16,51
523.0,2016-10-13 00:01:00,0,0,0,35,16,51
523.0,2016-10-13 00:04:00,0,0,0,35,16,51
523.0,2016-10-13 00:07:00,0,0,0,35,16,51
523.0,2016-10-13 00:10:00,1,1,0,35,16,51
523.0,2016-10-13 00:13:00,0,1,1,36,15,51
523.0,2016-10-13 00:16:00,0,0,0,36,15,51
523.0,2016-10-13 00:19:00,0,0,0,36,15,51
523.0,2016-10-13 00:22:00,0,1,1,37,14,51
523.0,2016-10-13 00:25:00,0,0,0,37,14,51
523.0,2016-10-13 00:28:00,0,0,0,37,14,51
523.0,2016-10-13 00:31:00,0,2,2,39,12,51
523.0,2016-10-13 00:34:00,0,0,0,39,12,51
523.0,2016-10-13 00:37:00,0,3,3,42,9,51
523.0,2016-10-13 00:40:00,0,0,0,42,9,51
523.0,2016-10-13 00:43:00,0,0,0,42,9,51
523.0,2016-10-13 00:46:00,0,0,0,42,9,51
523.0,2016-10-13 00:49:00,0,0,0,42,9,51
523.0,2016-10-13 00:52:00,0,0,0,42,9,51
523.0,2016-10-13 00:55:00,0,0,0,42,9,51
523.0,2016-10-13 00:58:00,0,0,0,42,9,51
523.0,2016-10-13 01:01:00,0,1,1,43,8,51
523.0,2016-10-13 01:04:00,0,0,0,43,8,51
523.0,2016-10-13 01:07:00,0,0,0,43,8,51
523.0,2016-10-13 01:10:00,0,0,0,43,8,51
523.0,2016-10-13 01:13:00,0,0,0,43,8,51
523.0,2016-10-13 01:16:00,0,0,0,43,8,51
523.0,2016-10-13 01:19:00,0,0,0,43,8,51
523.0,2016-10-13 01:22:00,0,0,0,43,8,51
523.0,2016-10-13 01:25:00,0,0,0,43,8,51
523.0,2016-10-13 01:26:00,0,0,0,43,8,51
523.0,2016-10-13 01:29:00,0,0,0,43,8,51
523.0,2016-10-13 01:32:00,0,0,0,43,8,51
523.0,2016-10-13 01:35:00,0,0,0,43,8,51
523.0,2016-10-13 01:38:00,0,1,1,44,7,51
523.0,2016-10-13 01:41:00,0,1,1,45,6,51
523.0,2016-10-13 01:44:00,0,0,0,45,6,51
523.0,2016-10-13 01:47:00,0,1,1,46,5,51
523.0,2016-10-13 01:50:00,0,1,1,47,4,51
523.0,2016-10-13 01:53:00,0,0,0,47,4,51
523.0,2016-10-13 01:56:00,1,0,-1,46,5,51
523.0,2016-10-13 01:58:00,0,0,0,45,6,51
523.0,2016-10-13 02:01:00,0,0,0,45,6,51
523.0,2016-10-13 02:04:00,0,0,0,45,6,51
523.0,2016-10-13 02:07:00,0,0,0,45,6,51
523.0,2016-10-13 02:10:00,0,0,0,45,6,51
523.0,2016-10-13 02:13:00,0,0,0,45,6,51
523.0,2016-10-13 02:16:00,0,0,0,45,6,51
523.0,2016-10-13 02:19:00,0,0,0,45,6,51
523.0,2016-10-13 02:22:00,0,2,2,47,4,51
523.0,2016-10-13 02:25:00,0,0,0,47,4,51
523.0,2016-10-13 02:28:00,0,0,0,47,4,51
523.0,2016-10-13 02:29:00,0,0,0,47,4,51
523.0,2016-10-13 02:32:00,0,0,0,47,4,51
523.0,2016-10-13 02:35:00,0,0,0,47,4,51
523.0,2016-10-13 02:38:00,0,0,0,47,4,51
523.0,2016-10-13 02:41:00,0,0,0,47,4,51
523.0,2016-10-13 02:44:00,0,0,0,47,4,51
523.0,2016-10-13 02:47:00,0,0,0,47,4,51
523.0,2016-10-13 02:50:00,0,0,0,47,4,51
523.0,2016-10-13 02:53:00,0,0,0,47,4,51
523.0,2016-10-13 02:56:00,0,0,0,47,4,51
523.0,2016-10-13 02:59:00,0,0,0,47,4,51
523.0,2016-10-13 03:00:00,0,0,0,47,4,51
523.0,2016-10-13 03:03:00,0,0,0,47,4,51
523.0,2016-10-13 03:06:00,0,0,0,47,4,51
523.0,2016-10-13 03:09:00,0,0,0,47,4,51
523.0,2016-10-13 03:12:00,0,0,0,47,4,51
523.0,2016-10-13 03:15:00,0,0,0,47,4,51
523.0,2016-10-13 03:18:00,0,0,0,47,4,51
523.0,2016-10-13 03:21:00,0,0,0,47,4,51
523.0,2016-10-13 03:24:00,0,0,0,47,4,51
523.0,2016-10-13 03:27:00,0,0,0,47,4,51
523.0,2016-10-13 03:30:00,0,0,0,47,4,51
523.0,2016-10-13 03:33:00,0,0,0,47,4,51
523.0,2016-10-13 03:34:00,0,0,0,47,4,51
523.0,2016-10-13 03:37:00,0,0,0,47,4,51
523.0,2016-10-13 03:40:00,0,0,0,47,4,51
523.0,2016-10-13 03:43:00,0,0,0,47,4,51
523.0,2016-10-13 03:46:00,0,0,0,47,4,51
523.0,2016-10-13 03:49:00,0,0,0,47,4,51
523.0,2016-10-13 03:52:00,0,0,0,47,4,51
523.0,2016-10-13 03:55:00,0,0,0,47,4,51
523.0,2016-10-13 03:58:00,0,0,0,47,4,51
523.0,2016-10-13 04:01:00,0,0,0,47,4,51
523.0,2016-10-13 04:04:00,0,0,0,47,4,51
523.0,2016-10-13 04:06:00,0,0,0,47,4,51
523.0,2016-10-13 04:09:00,0,0,0,47,4,51
523.0,2016-10-13 04:12:00,0,0,0,47,4,51
523.0,2016-10-13 04:15:00,0,1,1,48,3,51
523.0,2016-10-13 04:18:00,0,0,0,48,3,51
523.0,2016-10-13 04:21:00,0,0,0,48,3,51
523.0,2016-10-13 04:24:00,0,0,0,48,3,51
523.0,2016-10-13 04:27:00,0,0,0,48,3,51
523.0,2016-10-13 04:30:00,0,0,0,48,3,51
523.0,2016-10-13 04:33:00,0,0,0,48,3,51
523.0,2016-10-13 04:36:00,0,0,0,48,3,51
523.0,2016-10-13 04:37:00,0,0,0,48,3,51
523.0,2016-10-13 04:40:00,0,0,0,48,3,51
523.0,2016-10-13 04:43:00,0,0,0,48,3,51
523.0,2016-10-13 04:46:00,0,0,0,48,3,51
523.0,2016-10-13 04:49:00,0,0,0,48,3,51
523.0,2016-10-13 04:52:00,0,0,0,48,3,51
523.0,2016-10-13 04:55:00,0,0,0,48,3,51
523.0,2016-10-13 04:58:00,0,0,0,48,3,51
523.0,2016-10-13 05:01:00,0,0,0,48,3,51
523.0,2016-10-13 05:04:00,0,0,0,48,3,51
523.0,2016-10-13 05:07:00,0,0,0,48,3,51
523.0,2016-10-13 05:09:00,0,0,0,48,3,51
523.0,2016-10-13 05:12:00,0,0,0,48,3,51
523.0,2016-10-13 05:15:00,0,0,0,48,3,51
523.0,2016-10-13 05:18:00,0,0,0,48,3,51
523.0,2016-10-13 05:21:00,0,0,0,48,3,51
523.0,2016-10-13 05:24:00,0,0,0,48,3,51
523.0,2016-10-13 05:27:00,0,0,0,48,3,51
523.0,2016-10-13 05:30:00,0,0,0,48,3,51
523.0,2016-10-13 05:33:00,0,0,0,48,3,51
523.0,2016-10-13 05:36:00,0,0,0,48,3,51
523.0,2016-10-13 05:39:00,0,0,0,48,3,51
523.0,2016-10-13 05:42:00,0,0,0,48,3,51
523.0,2016-10-13 05:45:00,0,0,0,48,3,51
523.0,2016-10-13 05:48:00,0,0,0,48,3,51
523.0,2016-10-13 05:51:00,0,0,0,48,3,51
523.0,2016-10-13 05:54:00,0,0,0,48,3,51
523.0,2016-10-13 05:57:00,0,0,0,48,3,51
523.0,2016-10-13 06:00:00,0,0,0,48,3,51
523.0,2016-10-13 06:03:00,0,0,0,48,3,51
523.0,2016-10-13 06:06:00,0,0,0,48,3,51
523.0,2016-10-13 06:09:00,0,1,1,49,2,51
523.0,2016-10-13 06:12:00,0,0,0,49,2,51
523.0,2016-10-13 06:15:00,1,1,0,49,2,51
523.0,2016-10-13 06:18:00,1,0,-1,48,3,51
523.0,2016-10-13 06:21:00,2,0,-2,46,5,51
523.0,2016-10-13 06:24:00,1,0,-1,45,6,51
523.0,2016-10-13 06:27:00,0,0,0,45,6,51
523.0,2016-10-13 06:30:00,0,0,0,45,6,51
523.0,2016-10-13 06:33:00,0,1,1,46,5,51
523.0,2016-10-13 06:36:00,0,0,0,46,5,51
523.0,2016-10-13 06:39:00,1,1,0,46,5,51
523.0,2016-10-13 06:42:00,3,0,-3,43,8,51
523.0,2016-10-13 06:45:00,1,0,-1,42,9,51
523.0,2016-10-13 06:48:00,2,0,-2,40,11,51
523.0,2016-10-13 06:50:00,2,0,-2,40,11,51
523.0,2016-10-13 06:53:00,0,0,0,40,11,51
523.0,2016-10-13 06:56:00,2,0,-2,38,13,51
523.0,2016-10-13 06:59:00,3,0,-3,35,16,51
523.0,2016-10-13 07:02:00,1,0,-1,34,17,51
523.0,2016-10-13 07:05:00,2,0,-2,32,19,51
523.0,2016-10-13 07:08:00,1,0,-1,31,20,51
523.0,2016-10-13 07:11:00,1,1,0,31,20,51
523.0,2016-10-13 07:14:00,2,0,-2,29,22,51
523.0,2016-10-13 07:17:00,0,1,1,30,21,51
523.0,2016-10-13 07:20:00,0,0,0,30,21,51
523.0,2016-10-13 07:23:00,1,0,-1,29,22,51
523.0,2016-10-13 07:25:00,1,0,-1,28,23,51
523.0,2016-10-13 07:28:00,2,0,-2,26,25,51
523.0,2016-10-13 07:31:00,1,0,-1,25,26,51
523.0,2016-10-13 07:34:00,3,0,-3,22,29,51
523.0,2016-10-13 07:37:00,5,0,-5,17,34,51
523.0,2016-10-13 07:40:00,0,0,0,17,34,51
523.0,2016-10-13 07:43:00,2,1,-1,16,35,51
523.0,2016-10-13 07:46:00,0,0,0,16,35,51
523.0,2016-10-13 07:49:00,3,0,-3,13,38,51
523.0,2016-10-13 07:52:00,3,1,-2,11,40,51
523.0,2016-10-13 07:55:00,1,0,-1,10,41,51
523.0,2016-10-13 07:58:00,2,0,-2,8,43,51
523.0,2016-10-13 08:01:00,2,0,-2,5,46,51
523.0,2016-10-13 08:04:00,0,1,1,6,45,51
523.0,2016-10-13 08:07:00,1,1,0,6,45,51
523.0,2016-10-13 08:10:00,2,1,-1,5,46,51
523.0,2016-10-13 08:13:00,3,1,-2,3,48,51
523.0,2016-10-13 08:16:00,1,3,2,5,46,51
523.0,2016-10-13 08:19:00,2,2,0,5,46,51
523.0,2016-10-13 08:22:00,2,0,-2,3,48,51
523.0,2016-10-13 08:25:00,1,2,1,4,47,51
523.0,2016-10-13 08:28:00,3,0,-3,1,50,51
523.0,2016-10-13 08:31:00,0,2,2,3,48,51
523.0,2016-10-13 08:34:00,2,0,-2,1,50,51
523.0,2016-10-13 08:37:00,1,0,-1,0,51,51
523.0,2016-10-13 08:40:00,1,2,1,1,50,51
523.0,2016-10-13 08:43:00,2,3,1,2,49,51
523.0,2016-10-13 08:46:00,5,3,-2,0,51,51
523.0,2016-10-13 08:49:00,4,4,0,0,51,51
523.0,2016-10-13 08:52:00,3,2,-1,0,51,51
523.0,2016-10-13 08:55:00,2,4,2,2,49,51
523.0,2016-10-13 08:58:00,3,1,-2,0,51,51
523.0,2016-10-13 09:01:00,0,0,0,0,51,51
523.0,2016-10-13 09:04:00,1,4,3,3,48,51
523.0,2016-10-13 09:07:00,2,6,4,7,44,51
523.0,2016-10-13 09:10:00,0,2,2,9,42,51
523.0,2016-10-13 09:11:00,0,2,2,8,43,51
523.0,2016-10-13 09:14:00,3,2,-1,7,44,51
523.0,2016-10-13 09:17:00,2,3,1,8,43,51
523.0,2016-10-13 09:20:00,4,2,-2,6,45,51
523.0,2016-10-13 09:23:00,2,3,1,7,44,51
523.0,2016-10-13 09:26:00,2,4,2,9,42,51
523.0,2016-10-13 09:29:00,3,2,-1,8,43,51
523.0,2016-10-13 09:32:00,3,2,-1,7,44,51
523.0,2016-10-13 09:35:00,6,2,-4,3,48,51
523.0,2016-10-13 09:38:00,3,1,-2,1,50,51
523.0,2016-10-13 09:41:00,0,2,2,3,48,51
523.0,2016-10-13 09:44:00,3,1,-2,1,50,51
523.0,2016-10-13 09:46:00,1,1,0,0,51,51
523.0,2016-10-13 09:49:00,1,1,0,0,51,51
523.0,2016-10-13 09:52:00,2,2,0,0,51,51
523.0,2016-10-13 09:55:00,1,1,0,0,51,51
523.0,2016-10-13 09:58:00,1,3,2,2,49,51
523.0,2016-10-13 10:01:00,2,0,-2,0,51,51
523.0,2016-10-13 10:04:00,0,3,3,3,48,51
523.0,2016-10-13 10:07:00,0,3,3,6,45,51
523.0,2016-10-13 10:10:00,2,1,-1,5,46,51
523.0,2016-10-13 10:13:00,0,0,0,5,46,51
523.0,2016-10-13 10:16:00,0,1,1,6,45,51
523.0,2016-10-13 10:19:00,0,1,1,7,44,51
523.0,2016-10-13 10:22:00,2,0,-2,5,46,51
523.0,2016-10-13 10:25:00,0,2,2,7,44,51
523.0,2016-10-13 10:28:00,0,3,3,10,41,51
523.0,2016-10-13 10:31:00,0,1,1,11,40,51
523.0,2016-10-13 10:34:00,0,0,0,11,40,51
523.0,2016-10-13 10:37:00,1,1,0,11,40,51
523.0,2016-10-13 10:40:00,0,1,1,12,39,51
523.0,2016-10-13 10:43:00,0,0,0,12,39,51
523.0,2016-10-13 10:46:00,2,1,-1,11,40,51
523.0,2016-10-13 10:49:00,0,2,2,13,38,51
523.0,2016-10-13 10:52:00,1,1,0,13,38,51
523.0,2016-10-13 10:53:00,1,2,1,14,37,51
523.0,2016-10-13 10:56:00,1,0,-1,13,38,51
523.0,2016-10-13 10:59:00,2,1,-1,12,39,51
523.0,2016-10-13 11:02:00,0,0,0,12,39,51
523.0,2016-10-13 11:05:00,2,1,-1,11,40,51
523.0,2016-10-13 11:08:00,2,1,-1,10,41,51
523.0,2016-10-13 11:11:00,0,2,2,12,39,51
523.0,2016-10-13 11:14:00,1,0,-1,11,40,51
523.0,2016-10-13 11:17:00,0,0,0,11,40,51
523.0,2016-10-13 11:20:00,0,0,0,11,40,51
523.0,2016-10-13 11:21:00,0,0,0,11,40,51
523.0,2016-10-13 11:24:00,0,0,0,11,40,51
523.0,2016-10-13 11:27:00,0,3,3,14,37,51
523.0,2016-10-13 11:30:00,0,1,1,15,36,51
523.0,2016-10-13 11:33:00,1,2,1,16,35,51
523.0,2016-10-13 11:36:00,1,1,0,16,35,51
523.0,2016-10-13 11:39:00,2,1,-1,15,36,51
523.0,2016-10-13 11:42:00,0,3,3,18,33,51
523.0,2016-10-13 11:45:00,1,1,0,18,33,51
523.0,2016-10-13 11:48:00,1,0,-1,17,34,51
523.0,2016-10-13 11:51:00,2,0,-2,15,36,51
523.0,2016-10-13 11:54:00,2,0,-2,13,38,51
523.0,2016-10-13 11:55:00,1,0,-1,13,38,51
523.0,2016-10-13 11:58:00,0,1,1,14,37,51
523.0,2016-10-13 12:01:00,1,0,-1,13,38,51
523.0,2016-10-13 12:04:00,1,1,0,13,38,51
523.0,2016-10-13 12:07:00,1,0,-1,12,39,51
523.0,2016-10-13 12:09:00,1,2,1,36,15,51
523.0,2016-10-13 12:12:00,0,0,0,36,15,51
523.0,2016-10-13 12:15:00,1,1,0,36,15,51
523.0,2016-10-13 12:18:00,1,0,-1,35,16,51
523.0,2016-10-13 12:21:00,0,0,0,35,16,51
523.0,2016-10-13 12:24:00,3,1,-2,33,18,51
523.0,2016-10-13 12:27:00,2,0,-2,31,20,51
523.0,2016-10-13 12:30:00,1,0,-1,30,21,51
523.0,2016-10-13 12:33:00,1,0,-1,29,22,51
523.0,2016-10-13 12:36:00,0,1,1,30,21,51
523.0,2016-10-13 12:39:00,1,0,-1,29,22,51
523.0,2016-10-13 12:42:00,1,1,0,29,22,51
523.0,2016-10-13 12:45:00,0,1,1,30,21,51
523.0,2016-10-13 12:48:00,0,0,0,30,21,51
523.0,2016-10-13 12:51:00,2,1,-1,29,22,51
523.0,2016-10-13 12:54:00,0,2,2,31,20,51
523.0,2016-10-13 12:57:00,1,0,-1,30,21,51
523.0,2016-10-13 13:00:00,2,3,1,31,20,51
523.0,2016-10-13 13:03:00,0,1,1,9,42,51
523.0,2016-10-13 13:06:00,1,2,1,10,41,51
523.0,2016-10-13 13:09:00,2,1,-1,9,42,51
523.0,2016-10-13 13:12:00,0,0,0,9,42,51
523.0,2016-10-13 13:15:00,4,1,-3,6,45,51
523.0,2016-10-13 13:18:00,0,0,0,6,45,51
523.0,2016-10-13 13:21:00,0,3,3,9,42,51
523.0,2016-10-13 13:24:00,0,0,0,9,42,51
523.0,2016-10-13 13:27:00,0,0,0,9,42,51
523.0,2016-10-13 13:30:00,1,1,0,9,42,51
523.0,2016-10-13 13:33:00,0,0,0,9,42,51
523.0,2016-10-13 13:36:00,1,1,0,9,42,51
523.0,2016-10-13 13:37:00,1,1,0,8,43,51
523.0,2016-10-13 13:40:00,0,0,0,8,43,51
523.0,2016-10-13 13:43:00,0,0,0,8,43,51
523.0,2016-10-13 13:46:00,3,2,-1,7,44,51
523.0,2016-10-13 13:49:00,2,0,-2,5,46,51
523.0,2016-10-13 13:52:00,0,0,0,5,46,51
523.0,2016-10-13 13:55:00,0,1,1,6,45,51
523.0,2016-10-13 13:58:00,0,2,2,8,43,51
523.0,2016-10-13 14:01:00,0,1,1,9,42,51
523.0,2016-10-13 14:04:00,2,0,-2,7,44,51
523.0,2016-10-13 14:07:00,1,0,-1,6,45,51
523.0,2016-10-13 14:10:00,2,0,-2,4,47,51
523.0,2016-10-13 14:13:00,0,1,1,5,46,51
523.0,2016-10-13 14:16:00,1,1,0,5,46,51
523.0,2016-10-13 14:17:00,1,0,-1,6,45,51
523.0,2016-10-13 14:20:00,0,2,2,8,43,51
523.0,2016-10-13 14:23:00,0,0,0,8,43,51
523.0,2016-10-13 14:26:00,2,1,-1,7,44,51
523.0,2016-10-13 14:29:00,0,1,1,8,43,51
523.0,2016-10-13 14:32:00,1,0,-1,7,44,51
523.0,2016-10-13 14:35:00,0,0,0,7,44,51
523.0,2016-10-13 14:38:00,0,1,1,8,43,51
523.0,2016-10-13 14:41:00,1,1,0,8,43,51
523.0,2016-10-13 14:44:00,0,0,0,8,43,51
523.0,2016-10-13 14:47:00,0,1,1,9,42,51
523.0,2016-10-13 14:50:00,0,0,0,9,42,51
523.0,2016-10-13 14:53:00,0,2,2,11,40,51
523.0,2016-10-13 14:56:00,0,1,1,12,39,51
523.0,2016-10-13 14:59:00,0,1,1,13,38,51
523.0,2016-10-13 15:02:00,0,1,1,14,37,51
523.0,2016-10-13 15:05:00,0,0,0,14,37,51
523.0,2016-10-13 15:08:00,3,0,-3,11,40,51
523.0,2016-10-13 15:11:00,0,2,2,13,38,51
523.0,2016-10-13 15:14:00,0,0,0,13,38,51
523.0,2016-10-13 15:17:00,0,0,0,13,38,51
523.0,2016-10-13 15:20:00,1,2,1,14,37,51
523.0,2016-10-13 15:23:00,0,1,1,16,35,51
523.0,2016-10-13 15:26:00,0,0,0,16,35,51
523.0,2016-10-13 15:29:00,1,0,-1,15,36,51
523.0,2016-10-13 15:32:00,0,0,0,15,36,51
523.0,2016-10-13 15:35:00,0,0,0,15,36,51
523.0,2016-10-13 15:38:00,0,0,0,15,36,51
523.0,2016-10-13 15:41:00,1,0,-1,14,37,51
523.0,2016-10-13 15:44:00,1,1,0,14,37,51
523.0,2016-10-13 15:47:00,1,1,0,14,37,51
523.0,2016-10-13 15:50:00,1,0,-1,13,38,51
523.0,2016-10-13 15:53:00,0,1,1,14,37,51
523.0,2016-10-13 15:56:00,0,0,0,14,37,51
523.0,2016-10-13 15:59:00,0,2,2,16,35,51
523.0,2016-10-13 16:02:00,1,3,2,18,33,51
523.0,2016-10-13 16:05:00,1,1,0,18,33,51
523.0,2016-10-13 16:08:00,1,2,1,19,32,51
523.0,2016-10-13 16:11:00,1,2,1,20,31,51
523.0,2016-10-13 16:14:00,1,0,-1,19,32,51
523.0,2016-10-13 16:17:00,1,1,0,19,32,51
523.0,2016-10-13 16:20:00,0,2,2,21,30,51
523.0,2016-10-13 16:23:00,2,1,-1,20,31,51
523.0,2016-10-13 16:26:00,1,1,0,20,31,51
523.0,2016-10-13 16:29:00,2,1,-1,19,32,51
523.0,2016-10-13 16:32:00,0,2,2,21,30,51
523.0,2016-10-13 16:35:00,3,1,-2,19,32,51
523.0,2016-10-13 16:38:00,0,6,6,25,26,51
523.0,2016-10-13 16:41:00,2,2,0,25,26,51
523.0,2016-10-13 16:44:00,1,1,0,25,26,51
523.0,2016-10-13 16:46:00,1,2,1,23,28,51
523.0,2016-10-13 16:49:00,0,1,1,24,27,51
523.0,2016-10-13 16:52:00,3,2,-1,23,28,51
523.0,2016-10-13 16:55:00,3,1,-2,21,30,51
523.0,2016-10-13 16:58:00,3,0,-3,18,33,51
523.0,2016-10-13 17:01:00,3,5,2,20,31,51
523.0,2016-10-13 17:04:00,3,3,0,20,31,51
523.0,2016-10-13 17:07:00,0,6,6,26,25,51
523.0,2016-10-13 17:10:00,1,3,2,28,23,51
523.0,2016-10-13 17:13:00,1,3,2,30,21,51
523.0,2016-10-13 17:16:00,1,7,6,36,15,51
523.0,2016-10-13 17:19:00,1,2,1,37,14,51
523.0,2016-10-13 17:22:00,2,3,1,38,13,51
523.0,2016-10-13 17:25:00,1,3,2,40,11,51
523.0,2016-10-13 17:28:00,1,0,-1,39,12,51
523.0,2016-10-13 17:31:00,4,2,-2,37,14,51
523.0,2016-10-13 17:34:00,0,2,2,39,12,51
523.0,2016-10-13 17:37:00,5,3,-2,37,14,51
523.0,2016-10-13 17:40:00,2,2,0,37,14,51
523.0,2016-10-13 17:43:00,5,4,-1,36,15,51
523.0,2016-10-13 17:46:00,2,4,2,38,13,51
523.0,2016-10-13 17:49:00,3,2,-1,37,14,51
523.0,2016-10-13 17:52:00,3,0,-3,34,17,51
523.0,2016-10-13 17:55:00,2,1,-1,33,18,51
523.0,2016-10-13 17:58:00,6,2,-4,29,22,51
523.0,2016-10-13 18:01:00,2,5,3,34,17,51
523.0,2016-10-13 18:04:00,4,2,-2,32,19,51
523.0,2016-10-13 18:07:00,3,3,0,32,19,51
523.0,2016-10-13 18:10:00,5,2,-3,29,22,51
523.0,2016-10-13 18:13:00,1,0,-1,28,23,51
523.0,2016-10-13 18:16:00,2,4,2,30,21,51
523.0,2016-10-13 18:19:00,5,4,-1,29,22,51
523.0,2016-10-13 18:22:00,4,2,-2,27,24,51
523.0,2016-10-13 18:25:00,2,4,2,29,22,51
523.0,2016-10-13 18:28:00,3,4,1,30,21,51
523.0,2016-10-13 18:31:00,1,4,3,33,18,51
523.0,2016-10-13 18:34:00,2,3,1,34,17,51
523.0,2016-10-13 18:37:00,3,3,0,34,17,51
523.0,2016-10-13 18:40:00,1,4,3,37,14,51
523.0,2016-10-13 18:43:00,2,5,3,40,11,51
523.0,2016-10-13 18:46:00,2,1,-1,39,12,51
523.0,2016-10-13 18:47:00,2,1,-1,38,13,51
523.0,2016-10-13 18:50:00,4,0,-4,34,17,51
523.0,2016-10-13 18:53:00,0,0,0,34,17,51
523.0,2016-10-13 18:56:00,3,1,-2,32,19,51
523.0,2016-10-13 18:59:00,3,1,-2,30,21,51
523.0,2016-10-13 19:02:00,2,2,0,30,21,51
523.0,2016-10-13 19:05:00,2,3,1,31,20,51
523.0,2016-10-13 19:08:00,0,1,1,32,19,51
523.0,2016-10-13 19:11:00,1,1,0,32,19,51
523.0,2016-10-13 19:14:00,1,3,2,34,17,51
523.0,2016-10-13 19:17:00,1,1,0,34,17,51
523.0,2016-10-13 19:20:00,2,2,0,34,17,51
523.0,2016-10-13 19:23:00,1,0,-1,33,18,51
523.0,2016-10-13 19:26:00,2,1,-1,32,19,51
523.0,2016-10-13 19:28:00,3,1,-2,28,23,51
523.0,2016-10-13 19:31:00,0,1,1,29,22,51
523.0,2016-10-13 19:34:00,1,0,-1,28,23,51
523.0,2016-10-13 19:37:00,1,0,-1,27,24,51
523.0,2016-10-13 19:40:00,1,1,0,27,24,51
523.0,2016-10-13 19:43:00,1,2,1,28,23,51
523.0,2016-10-13 19:46:00,1,1,0,28,23,51
523.0,2016-10-13 19:49:00,3,1,-2,26,25,51
523.0,2016-10-13 19:52:00,1,1,0,26,25,51
523.0,2016-10-13 19:55:00,0,1,1,27,24,51
523.0,2016-10-13 19:58:00,1,0,-1,26,25,51
523.0,2016-10-13 20:01:00,0,0,0,26,25,51
523.0,2016-10-13 20:02:00,0,0,0,27,24,51
523.0,2016-10-13 20:05:00,1,2,1,28,23,51
523.0,2016-10-13 20:08:00,0,0,0,28,23,51
523.0,2016-10-13 20:11:00,1,2,1,29,22,51
523.0,2016-10-13 20:14:00,1,0,-1,28,23,51
523.0,2016-10-13 20:17:00,2,1,-1,27,24,51
523.0,2016-10-13 20:20:00,0,1,1,28,23,51
523.0,2016-10-13 20:23:00,1,3,2,30,21,51
523.0,2016-10-13 20:26:00,0,0,0,30,21,51
523.0,2016-10-13 20:29:00,1,0,-1,29,22,51
523.0,2016-10-13 20:32:00,1,0,-1,28,23,51
523.0,2016-10-13 20:35:00,0,0,0,28,23,51
523.0,2016-10-13 20:36:00,0,0,0,28,23,51
523.0,2016-10-13 20:39:00,0,0,0,28,23,51
523.0,2016-10-13 20:42:00,0,1,1,29,22,51
523.0,2016-10-13 20:45:00,0,0,0,29,22,51
523.0,2016-10-13 20:48:00,0,0,0,29,22,51
523.0,2016-10-13 20:51:00,1,0,-1,28,23,51
523.0,2016-10-13 20:54:00,0,1,1,29,22,51
523.0,2016-10-13 20:57:00,1,0,-1,28,23,51
523.0,2016-10-13 21:00:00,1,0,-1,27,24,51
523.0,2016-10-13 21:03:00,0,0,0,27,24,51
523.0,2016-10-13 21:06:00,2,0,-2,25,26,51
523.0,2016-10-13 21:09:00,1,1,0,25,26,51
523.0,2016-10-13 21:12:00,0,0,0,25,26,51
523.0,2016-10-13 21:15:00,0,0,0,25,26,51
523.0,2016-10-13 21:18:00,1,1,0,25,26,51
523.0,2016-10-13 21:21:00,2,1,-1,24,27,51
523.0,2016-10-13 21:24:00,0,1,1,25,26,51
523.0,2016-10-13 21:27:00,0,0,0,25,26,51
523.0,2016-10-13 21:30:00,0,0,0,25,26,51
523.0,2016-10-13 21:33:00,1,0,-1,24,27,51
523.0,2016-10-13 21:36:00,0,0,0,24,27,51
523.0,2016-10-13 21:39:00,0,2,2,26,25,51
523.0,2016-10-13 21:42:00,0,0,0,26,25,51
523.0,2016-10-13 21:45:00,1,1,0,26,25,51
523.0,2016-10-13 21:47:00,0,1,1,26,25,51
523.0,2016-10-13 21:50:00,1,0,-1,25,26,51
523.0,2016-10-13 21:53:00,0,2,2,27,24,51
523.0,2016-10-13 21:56:00,0,0,0,27,24,51
523.0,2016-10-13 21:59:00,0,0,0,27,24,51
523.0,2016-10-13 22:02:00,2,0,-2,25,26,51
523.0,2016-10-13 22:05:00,0,0,0,25,26,51
523.0,2016-10-13 22:08:00,0,0,0,25,26,51
523.0,2016-10-13 22:11:00,0,0,0,25,26,51
523.0,2016-10-13 22:14:00,0,1,1,26,25,51
523.0,2016-10-13 22:17:00,0,0,0,26,25,51
523.0,2016-10-13 22:20:00,0,0,0,26,25,51
523.0,2016-10-13 22:23:00,1,0,-1,25,26,51
523.0,2016-10-13 22:26:00,0,2,2,27,24,51
523.0,2016-10-13 22:29:00,1,2,1,28,23,51
523.0,2016-10-13 22:32:00,0,0,0,28,23,51
523.0,2016-10-13 22:35:00,1,0,-1,27,24,51
523.0,2016-10-13 22:38:00,1,0,-1,26,25,51
523.0,2016-10-13 22:41:00,2,0,-2,24,27,51
523.0,2016-10-13 22:44:00,0,0,0,24,27,51
523.0,2016-10-13 22:47:00,0,0,0,24,27,51
523.0,2016-10-13 22:50:00,1,0,-1,23,28,51
523.0,2016-10-13 22:52:00,1,0,-1,22,29,51
523.0,2016-10-13 22:55:00,0,0,0,22,29,51
523.0,2016-10-13 22:58:00,0,0,0,22,29,51
523.0,2016-10-13 23:01:00,0,0,0,22,29,51
523.0,2016-10-13 23:04:00,2,0,-2,20,31,51
523.0,2016-10-13 23:07:00,0,0,0,20,31,51
523.0,2016-10-13 23:10:00,0,1,1,21,30,51
523.0,2016-10-13 23:13:00,0,0,0,21,30,51
523.0,2016-10-13 23:16:00,1,0,-1,20,31,51
523.0,2016-10-13 23:19:00,0,0,0,20,31,51
523.0,2016-10-13 23:22:00,0,1,1,21,30,51
523.0,2016-10-13 23:25:00,0,0,0,22,29,51
523.0,2016-10-13 23:28:00,0,0,0,22,29,51
523.0,2016-10-13 23:31:00,0,0,0,22,29,51
523.0,2016-10-13 23:34:00,1,0,-1,21,30,51
523.0,2016-10-13 23:37:00,0,0,0,21,30,51
523.0,2016-10-13 23:40:00,0,2,2,23,28,51
523.0,2016-10-13 23:43:00,0,0,0,23,28,51
523.0,2016-10-13 23:46:00,0,0,0,23,28,51
523.0,2016-10-13 23:49:00,0,0,0,23,28,51
523.0,2016-10-13 23:52:00,0,0,0,23,28,51
523.0,2016-10-13 23:55:00,0,0,0,23,28,51
523.0,2016-10-13 23:58:00,1,1,0,23,28,51
523.0,2016-10-14 00:01:00,1,1,0,23,28,51
523.0,2016-10-14 00:04:00,0,0,0,23,28,51
523.0,2016-10-14 00:07:00,0,0,0,23,28,51
523.0,2016-10-14 00:10:00,0,0,0,23,28,51
523.0,2016-10-14 00:13:00,0,0,0,23,28,51
523.0,2016-10-14 00:16:00,0,2,2,25,26,51
523.0,2016-10-14 00:19:00,0,0,0,25,26,51
523.0,2016-10-14 00:22:00,0,0,0,25,26,51
523.0,2016-10-14 00:25:00,0,1,1,26,25,51
523.0,2016-10-14 00:28:00,0,0,0,26,25,51
523.0,2016-10-14 00:29:00,0,0,0,9,42,51
523.0,2016-10-14 00:32:00,1,0,-1,8,43,51
523.0,2016-10-14 00:35:00,0,1,1,9,42,51
523.0,2016-10-14 00:38:00,0,0,0,9,42,51
523.0,2016-10-14 00:41:00,0,0,0,9,42,51
523.0,2016-10-14 00:44:00,0,0,0,9,42,51
523.0,2016-10-14 00:47:00,0,0,0,9,42,51
523.0,2016-10-14 00:50:00,0,2,2,11,40,51
523.0,2016-10-14 00:53:00,0,0,0,11,40,51
523.0,2016-10-14 00:56:00,0,1,1,12,39,51
523.0,2016-10-14 00:59:00,0,1,1,13,38,51
523.0,2016-10-14 01:02:00,0,0,0,13,38,51
523.0,2016-10-14 01:05:00,0,1,1,14,37,51
523.0,2016-10-14 01:06:00,0,1,1,32,19,51
523.0,2016-10-14 01:09:00,0,1,1,33,18,51
523.0,2016-10-14 01:12:00,0,0,0,33,18,51
523.0,2016-10-14 01:15:00,0,1,1,34,17,51
523.0,2016-10-14 01:18:00,1,0,-1,33,18,51
523.0,2016-10-14 01:21:00,0,0,0,33,18,51
523.0,2016-10-14 01:24:00,0,0,0,33,18,51
523.0,2016-10-14 01:27:00,0,0,0,33,18,51
523.0,2016-10-14 01:30:00,0,0,0,33,18,51
523.0,2016-10-14 01:33:00,0,0,0,33,18,51
523.0,2016-10-14 01:36:00,0,0,0,33,18,51
523.0,2016-10-14 01:38:00,0,0,0,34,17,51
523.0,2016-10-14 01:41:00,0,0,0,34,17,51
523.0,2016-10-14 01:44:00,0,0,0,34,17,51
523.0,2016-10-14 01:47:00,0,0,0,34,17,51
523.0,2016-10-14 01:50:00,0,0,0,34,17,51
523.0,2016-10-14 01:53:00,0,0,0,34,17,51
523.0,2016-10-14 01:56:00,0,0,0,34,17,51
523.0,2016-10-14 01:59:00,0,0,0,34,17,51
523.0,2016-10-14 02:02:00,0,0,0,34,17,51
523.0,2016-10-14 02:05:00,0,0,0,34,17,51
523.0,2016-10-14 02:08:00,0,0,0,34,17,51
523.0,2016-10-14 02:09:00,0,0,0,34,17,51
523.0,2016-10-14 02:12:00,0,0,0,34,17,51
523.0,2016-10-14 02:15:00,0,0,0,34,17,51
523.0,2016-10-14 02:18:00,0,0,0,34,17,51
523.0,2016-10-14 02:21:00,0,0,0,34,17,51
523.0,2016-10-14 02:24:00,0,0,0,34,17,51
523.0,2016-10-14 02:27:00,0,0,0,34,17,51
523.0,2016-10-14 02:30:00,0,0,0,34,17,51
523.0,2016-10-14 02:33:00,1,0,-1,33,18,51
523.0,2016-10-14 02:36:00,0,0,0,33,18,51
523.0,2016-10-14 02:39:00,0,0,0,33,18,51
523.0,2016-10-14 02:41:00,0,0,0,33,18,51
523.0,2016-10-14 02:44:00,0,0,0,33,18,51
523.0,2016-10-14 02:47:00,0,0,0,33,18,51
523.0,2016-10-14 02:50:00,0,0,0,33,18,51
523.0,2016-10-14 02:53:00,0,0,0,33,18,51
523.0,2016-10-14 02:56:00,0,0,0,33,18,51
523.0,2016-10-14 02:59:00,0,0,0,33,18,51
523.0,2016-10-14 03:02:00,0,0,0,33,18,51
523.0,2016-10-14 03:05:00,0,0,0,33,18,51
523.0,2016-10-14 03:08:00,0,0,0,33,18,51
523.0,2016-10-14 03:11:00,0,0,0,33,18,51
523.0,2016-10-14 03:12:00,0,0,0,33,18,51
523.0,2016-10-14 03:15:00,0,0,0,33,18,51
523.0,2016-10-14 03:18:00,0,0,0,33,18,51
523.0,2016-10-14 03:21:00,0,0,0,33,18,51
523.0,2016-10-14 03:24:00,0,1,1,34,17,51
523.0,2016-10-14 03:27:00,0,0,0,34,17,51
523.0,2016-10-14 03:30:00,0,0,0,34,17,51
523.0,2016-10-14 03:33:00,0,0,0,34,17,51
523.0,2016-10-14 03:36:00,0,0,0,34,17,51
523.0,2016-10-14 03:39:00,0,0,0,34,17,51
523.0,2016-10-14 03:42:00,0,0,0,34,17,51
523.0,2016-10-14 03:45:00,0,0,0,34,17,51
523.0,2016-10-14 03:46:00,0,0,0,34,17,51
523.0,2016-10-14 03:49:00,0,0,0,34,17,51
523.0,2016-10-14 03:52:00,0,0,0,34,17,51
523.0,2016-10-14 03:55:00,0,0,0,34,17,51
523.0,2016-10-14 03:58:00,0,0,0,34,17,51
523.0,2016-10-14 04:01:00,0,0,0,34,17,51
523.0,2016-10-14 04:04:00,0,0,0,34,17,51
523.0,2016-10-14 04:07:00,0,0,0,34,17,51
523.0,2016-10-14 04:10:00,0,0,0,34,17,51
523.0,2016-10-14 04:13:00,0,0,0,34,17,51
523.0,2016-10-14 04:16:00,0,0,0,34,17,51
523.0,2016-10-14 04:17:00,0,0,0,34,17,51
523.0,2016-10-14 04:20:00,0,0,0,34,17,51
523.0,2016-10-14 04:23:00,0,0,0,34,17,51
523.0,2016-10-14 04:26:00,0,0,0,34,17,51
523.0,2016-10-14 04:29:00,0,0,0,34,17,51
523.0,2016-10-14 04:32:00,0,0,0,34,17,51
523.0,2016-10-14 04:35:00,0,0,0,34,17,51
523.0,2016-10-14 04:38:00,0,0,0,34,17,51
523.0,2016-10-14 04:41:00,0,0,0,34,17,51
523.0,2016-10-14 04:44:00,0,0,0,34,17,51
523.0,2016-10-14 04:47:00,0,0,0,34,17,51
523.0,2016-10-14 04:48:00,0,0,0,34,17,51
523.0,2016-10-14 04:51:00,0,0,0,34,17,51
523.0,2016-10-14 04:54:00,0,0,0,34,17,51
523.0,2016-10-14 04:57:00,0,0,0,34,17,51
523.0,2016-10-14 05:00:00,0,0,0,34,17,51
523.0,2016-10-14 05:03:00,0,0,0,34,17,51
523.0,2016-10-14 05:06:00,0,0,0,34,17,51
523.0,2016-10-14 05:09:00,0,0,0,34,17,51
523.0,2016-10-14 05:12:00,0,0,0,34,17,51
523.0,2016-10-14 05:15:00,0,0,0,34,17,51
523.0,2016-10-14 05:18:00,0,0,0,34,17,51
523.0,2016-10-14 05:20:00,0,0,0,34,17,51
523.0,2016-10-14 05:23:00,0,0,0,34,17,51
523.0,2016-10-14 05:26:00,0,0,0,34,17,51
523.0,2016-10-14 05:29:00,0,0,0,34,17,51
523.0,2016-10-14 05:32:00,0,0,0,34,17,51
523.0,2016-10-14 05:35:00,0,0,0,34,17,51
523.0,2016-10-14 05:38:00,0,0,0,34,17,51
523.0,2016-10-14 05:41:00,0,0,0,34,17,51
523.0,2016-10-14 05:44:00,0,0,0,34,17,51
523.0,2016-10-14 05:47:00,0,0,0,34,17,51
523.0,2016-10-14 05:50:00,0,0,0,34,17,51
523.0,2016-10-14 05:53:00,0,0,0,34,17,51
523.0,2016-10-14 05:56:00,0,0,0,34,17,51
523.0,2016-10-14 05:59:00,0,0,0,34,17,51
523.0,2016-10-14 06:02:00,0,0,0,34,17,51
523.0,2016-10-14 06:05:00,0,0,0,34,17,51
523.0,2016-10-14 06:08:00,0,0,0,34,17,51
523.0,2016-10-14 06:11:00,2,1,-1,33,18,51
523.0,2016-10-14 06:14:00,1,0,-1,32,19,51
523.0,2016-10-14 06:17:00,1,0,-1,31,20,51
523.0,2016-10-14 06:20:00,0,0,0,31,20,51
523.0,2016-10-14 06:23:00,2,0,-2,29,22,51
523.0,2016-10-14 06:26:00,0,0,0,29,22,51
523.0,2016-10-14 06:28:00,0,0,0,29,22,51
523.0,2016-10-14 06:31:00,0,0,0,29,22,51
523.0,2016-10-14 06:34:00,0,0,0,29,22,51
523.0,2016-10-14 06:37:00,0,0,0,29,22,51
523.0,2016-10-14 06:40:00,0,0,0,29,22,51
523.0,2016-10-14 06:43:00,1,0,-1,28,23,51
523.0,2016-10-14 06:46:00,0,0,0,28,23,51
523.0,2016-10-14 06:49:00,0,0,0,28,23,51
523.0,2016-10-14 06:52:00,0,0,0,28,23,51
523.0,2016-10-14 06:55:00,0,0,0,28,23,51
523.0,2016-10-14 06:58:00,1,0,-1,27,24,51
523.0,2016-10-14 07:01:00,0,0,0,27,24,51
523.0,2016-10-14 07:02:00,0,0,0,26,25,51
523.0,2016-10-14 07:05:00,0,1,1,27,24,51
523.0,2016-10-14 07:08:00,1,0,-1,26,25,51
523.0,2016-10-14 07:11:00,1,0,-1,25,26,51
523.0,2016-10-14 07:14:00,1,0,-1,24,27,51
523.0,2016-10-14 07:17:00,0,1,1,25,26,51
523.0,2016-10-14 07:20:00,1,0,-1,24,27,51
523.0,2016-10-14 07:23:00,4,0,-4,20,31,51
523.0,2016-10-14 07:26:00,1,0,-1,19,32,51
523.0,2016-10-14 07:29:00,1,0,-1,18,33,51
523.0,2016-10-14 07:32:00,2,0,-2,16,35,51
523.0,2016-10-14 07:35:00,3,0,-3,13,38,51
523.0,2016-10-14 07:38:00,3,1,-2,11,40,51
523.0,2016-10-14 07:41:00,1,0,-1,10,41,51
523.0,2016-10-14 07:44:00,2,1,-1,9,42,51
523.0,2016-10-14 07:47:00,1,2,1,10,41,51
523.0,2016-10-14 07:50:00,2,0,-2,8,43,51
523.0,2016-10-14 07:53:00,2,2,0,8,43,51
523.0,2016-10-14 07:56:00,2,1,-1,7,44,51
523.0,2016-10-14 07:59:00,2,1,-1,6,45,51
523.0,2016-10-14 08:02:00,3,0,-3,3,48,51
523.0,2016-10-14 08:05:00,0,0,0,3,48,51
523.0,2016-10-14 08:08:00,1,1,0,3,48,51
523.0,2016-10-14 08:11:00,1,0,-1,2,49,51
523.0,2016-10-14 08:13:00,1,2,1,4,47,51
523.0,2016-10-14 08:16:00,1,3,2,6,45,51
523.0,2016-10-14 08:19:00,1,2,1,7,44,51
523.0,2016-10-14 08:22:00,0,0,0,7,44,51
523.0,2016-10-14 08:25:00,2,0,-2,5,46,51
523.0,2016-10-14 08:28:00,2,0,-2,3,48,51
523.0,2016-10-14 08:31:00,3,1,-2,1,50,51
523.0,2016-10-14 08:34:00,1,0,-1,0,51,51
523.0,2016-10-14 08:37:00,2,4,2,2,49,51
523.0,2016-10-14 08:40:00,2,4,2,4,47,51
523.0,2016-10-14 08:43:00,2,0,-2,2,49,51
523.0,2016-10-14 08:46:00,4,3,-1,1,50,51
523.0,2016-10-14 08:49:00,3,2,-1,0,51,51
523.0,2016-10-14 08:52:00,2,3,1,1,50,51
523.0,2016-10-14 08:55:00,1,3,2,3,48,51
523.0,2016-10-14 08:58:00,0,1,1,4,47,51
523.0,2016-10-14 09:01:00,0,2,2,6,45,51
523.0,2016-10-14 09:04:00,2,1,-1,5,46,51
523.0,2016-10-14 09:07:00,3,6,3,8,43,51
523.0,2016-10-14 09:10:00,8,1,-7,1,50,51
523.0,2016-10-14 09:13:00,3,2,-1,0,51,51
523.0,2016-10-14 09:16:00,1,1,0,0,51,51
523.0,2016-10-14 09:19:00,1,2,1,1,50,51
523.0,2016-10-14 09:22:00,2,1,-1,0,51,51
523.0,2016-10-14 09:24:00,1,1,0,0,51,51
523.0,2016-10-14 09:27:00,2,2,0,0,51,51
523.0,2016-10-14 09:30:00,2,3,1,1,50,51
523.0,2016-10-14 09:33:00,1,2,1,2,49,51
523.0,2016-10-14 09:36:00,3,1,-2,0,51,51
523.0,2016-10-14 09:39:00,2,3,1,1,50,51
523.0,2016-10-14 09:42:00,1,2,1,2,49,51
523.0,2016-10-14 09:45:00,2,0,-2,0,51,51
523.0,2016-10-14 09:48:00,1,1,0,0,51,51
523.0,2016-10-14 09:51:00,0,1,1,1,50,51
523.0,2016-10-14 09:54:00,1,0,-1,0,51,51
523.0,2016-10-14 09:57:00,0,1,1,1,50,51
523.0,2016-10-14 09:59:00,2,2,0,0,51,51
523.0,2016-10-14 10:02:00,0,0,0,0,51,51
523.0,2016-10-14 10:05:00,0,1,1,1,50,51
523.0,2016-10-14 10:08:00,1,0,-1,0,51,51
523.0,2016-10-14 10:11:00,0,1,1,1,50,51
523.0,2016-10-14 10:14:00,1,1,0,1,50,51
523.0,2016-10-14 10:17:00,0,0,0,1,50,51
523.0,2016-10-14 10:20:00,0,1,1,2,49,51
523.0,2016-10-14 10:23:00,0,2,2,4,47,51
523.0,2016-10-14 10:26:00,0,0,0,4,47,51
523.0,2016-10-14 10:29:00,2,0,-2,2,49,51
523.0,2016-10-14 10:32:00,0,0,0,2,49,51
523.0,2016-10-14 10:35:00,1,0,-1,1,50,51
523.0,2016-10-14 10:38:00,0,1,1,2,49,51
523.0,2016-10-14 10:41:00,0,1,1,3,48,51
523.0,2016-10-14 10:44:00,0,0,0,3,48,51
523.0,2016-10-14 10:47:00,0,2,2,5,46,51
523.0,2016-10-14 10:50:00,2,1,-1,4,47,51
523.0,2016-10-14 10:53:00,0,1,1,5,46,51
523.0,2016-10-14 10:56:00,0,1,1,6,45,51
523.0,2016-10-14 10:59:00,1,2,1,7,44,51
523.0,2016-10-14 11:00:00,0,3,3,8,43,51
523.0,2016-10-14 11:03:00,1,3,2,10,41,51
523.0,2016-10-14 11:06:00,0,3,3,13,38,51
523.0,2016-10-14 11:09:00,0,0,0,13,38,51
523.0,2016-10-14 11:12:00,0,2,2,15,36,51
523.0,2016-10-14 11:15:00,0,1,1,16,35,51
523.0,2016-10-14 11:18:00,0,0,0,16,35,51
523.0,2016-10-14 11:21:00,0,1,1,17,34,51
523.0,2016-10-14 11:24:00,2,0,-2,15,36,51
523.0,2016-10-14 11:27:00,0,1,1,16,35,51
523.0,2016-10-14 11:30:00,0,0,0,16,35,51
523.0,2016-10-14 11:33:00,1,0,-1,15,36,51
523.0,2016-10-14 11:34:00,1,0,-1,15,36,51
523.0,2016-10-14 11:37:00,0,0,0,15,36,51
523.0,2016-10-14 11:40:00,0,0,0,15,36,51
523.0,2016-10-14 11:43:00,2,1,-1,14,37,51
523.0,2016-10-14 11:46:00,2,0,-2,12,39,51
523.0,2016-10-14 11:49:00,1,1,0,12,39,51
523.0,2016-10-14 11:52:00,0,1,1,13,38,51
523.0,2016-10-14 11:55:00,1,2,1,14,37,51
523.0,2016-10-14 11:58:00,0,1,1,15,36,51
523.0,2016-10-14 12:00:00,0,1,1,24,27,51
523.0,2016-10-14 12:03:00,0,1,1,25,26,51
523.0,2016-10-14 12:06:00,0,1,1,26,25,51
523.0,2016-10-14 12:09:00,0,0,0,26,25,51
523.0,2016-10-14 12:12:00,0,0,0,26,25,51
523.0,2016-10-14 12:15:00,0,1,1,27,24,51
523.0,2016-10-14 12:18:00,0,0,0,27,24,51
523.0,2016-10-14 12:21:00,1,1,0,27,24,51
523.0,2016-10-14 12:24:00,0,1,1,28,23,51
523.0,2016-10-14 12:27:00,1,1,0,28,23,51
523.0,2016-10-14 12:30:00,1,2,1,29,22,51
523.0,2016-10-14 12:32:00,2,2,0,26,25,51
523.0,2016-10-14 12:35:00,0,1,1,27,24,51
523.0,2016-10-14 12:38:00,1,0,-1,26,25,51
523.0,2016-10-14 12:41:00,0,0,0,26,25,51
523.0,2016-10-14 12:44:00,1,0,-1,25,26,51
523.0,2016-10-14 12:47:00,0,0,0,25,26,51
523.0,2016-10-14 12:50:00,2,1,-1,24,27,51
523.0,2016-10-14 12:53:00,3,1,-2,22,29,51
523.0,2016-10-14 12:56:00,0,3,3,25,26,51
523.0,2016-10-14 12:59:00,0,1,1,26,25,51
523.0,2016-10-14 13:02:00,2,0,-2,24,27,51
523.0,2016-10-14 13:05:00,0,1,1,25,26,51
523.0,2016-10-14 13:08:00,2,0,-2,23,28,51
523.0,2016-10-14 13:11:00,1,0,-1,22,29,51
523.0,2016-10-14 13:14:00,1,1,0,22,29,51
523.0,2016-10-14 13:17:00,0,0,0,14,37,51
523.0,2016-10-14 13:20:00,1,1,0,14,37,51
523.0,2016-10-14 13:23:00,0,1,1,15,36,51
523.0,2016-10-14 13:26:00,3,1,-2,13,38,51
523.0,2016-10-14 13:29:00,1,1,0,13,38,51
523.0,2016-10-14 13:32:00,1,2,1,14,37,51
523.0,2016-10-14 13:35:00,3,2,-1,13,38,51
523.0,2016-10-14 13:38:00,3,3,0,13,38,51
523.0,2016-10-14 13:41:00,1,0,-1,12,39,51
523.0,2016-10-14 13:44:00,2,1,-1,11,40,51
523.0,2016-10-14 13:47:00,2,1,-1,10,41,51
523.0,2016-10-14 13:50:00,2,1,-1,9,42,51
523.0,2016-10-14 13:52:00,1,0,-1,9,42,51
523.0,2016-10-14 13:55:00,0,1,1,10,41,51
523.0,2016-10-14 13:58:00,1,0,-1,9,42,51
523.0,2016-10-14 14:01:00,2,1,-1,8,43,51
523.0,2016-10-14 14:04:00,0,1,1,9,42,51
523.0,2016-10-14 14:07:00,0,1,1,10,41,51
523.0,2016-10-14 14:10:00,0,1,1,11,40,51
523.0,2016-10-14 14:13:00,1,0,-1,10,41,51
523.0,2016-10-14 14:16:00,1,0,-1,9,42,51
523.0,2016-10-14 14:19:00,2,2,0,9,42,51
523.0,2016-10-14 14:22:00,0,1,1,10,41,51
523.0,2016-10-14 14:25:00,0,1,1,11,40,51
523.0,2016-10-14 14:28:00,1,0,-1,10,41,51
523.0,2016-10-14 14:31:00,0,2,2,13,38,51
523.0,2016-10-14 14:34:00,0,2,2,15,36,51
523.0,2016-10-14 14:37:00,2,1,-1,14,37,51
523.0,2016-10-14 14:40:00,1,1,0,14,37,51
523.0,2016-10-14 14:43:00,0,0,0,14,37,51
523.0,2016-10-14 14:46:00,1,0,-1,13,38,51
523.0,2016-10-14 14:49:00,0,0,0,13,38,51
523.0,2016-10-14 14:52:00,1,1,0,13,38,51
523.0,2016-10-14 14:55:00,0,0,0,13,38,51
523.0,2016-10-14 14:58:00,1,1,0,13,38,51
523.0,2016-10-14 15:01:00,1,0,-1,12,39,51
523.0,2016-10-14 15:04:00,0,1,1,13,38,51
523.0,2016-10-14 15:07:00,2,2,0,13,38,51
523.0,2016-10-14 15:10:00,0,2,2,15,36,51
523.0,2016-10-14 15:13:00,0,0,0,15,36,51
523.0,2016-10-14 15:16:00,0,0,0,14,37,51
523.0,2016-10-14 15:19:00,0,1,1,15,36,51
523.0,2016-10-14 15:22:00,2,3,1,16,35,51
523.0,2016-10-14 15:25:00,2,1,-1,15,36,51
523.0,2016-10-14 15:28:00,0,1,1,16,35,51
523.0,2016-10-14 15:31:00,0,2,2,18,33,51
523.0,2016-10-14 15:34:00,1,2,1,19,32,51
523.0,2016-10-14 15:37:00,0,0,0,19,32,51
523.0,2016-10-14 15:40:00,0,0,0,19,32,51
523.0,2016-10-14 15:43:00,0,1,1,20,31,51
523.0,2016-10-14 15:46:00,0,1,1,21,30,51
523.0,2016-10-14 15:49:00,0,1,1,22,29,51
523.0,2016-10-14 15:52:00,1,0,-1,21,30,51
523.0,2016-10-14 15:55:00,1,2,1,22,29,51
523.0,2016-10-14 15:58:00,1,0,-1,21,30,51
523.0,2016-10-14 16:01:00,1,4,3,24,27,51
523.0,2016-10-14 16:04:00,1,3,2,26,25,51
523.0,2016-10-14 16:07:00,0,0,0,26,25,51
523.0,2016-10-14 16:10:00,0,1,1,27,24,51
523.0,2016-10-14 16:13:00,1,4,3,30,21,51
523.0,2016-10-14 16:16:00,2,1,-1,29,22,51
523.0,2016-10-14 16:19:00,0,1,1,30,21,51
523.0,2016-10-14 16:22:00,2,1,-1,29,22,51
523.0,2016-10-14 16:25:00,1,2,1,30,21,51
523.0,2016-10-14 16:28:00,1,0,-1,29,22,51
523.0,2016-10-14 16:31:00,1,1,0,29,22,51
523.0,2016-10-14 16:34:00,1,0,-1,28,23,51
523.0,2016-10-14 16:37:00,2,1,-1,27,24,51
523.0,2016-10-14 16:40:00,0,4,4,34,17,51
523.0,2016-10-14 16:43:00,1,5,4,38,13,51
523.0,2016-10-14 16:46:00,2,4,2,40,11,51
523.0,2016-10-14 16:49:00,0,2,2,42,9,51
523.0,2016-10-14 16:52:00,1,3,2,44,7,51
523.0,2016-10-14 16:55:00,1,0,-1,43,8,51
523.0,2016-10-14 16:58:00,3,1,-2,41,10,51
523.0,2016-10-14 17:01:00,2,0,-2,39,12,51
523.0,2016-10-14 17:04:00,2,1,-1,38,13,51
523.0,2016-10-14 17:07:00,0,2,2,40,11,51
523.0,2016-10-14 17:10:00,1,4,3,43,8,51
523.0,2016-10-14 17:13:00,3,1,-2,41,10,51
523.0,2016-10-14 17:16:00,1,3,2,43,8,51
523.0,2016-10-14 17:19:00,3,5,2,45,6,51
523.0,2016-10-14 17:22:00,2,2,0,45,6,51
523.0,2016-10-14 17:25:00,1,2,1,46,5,51
523.0,2016-10-14 17:28:00,3,3,0,46,5,51
523.0,2016-10-14 17:31:00,0,0,0,46,5,51
523.0,2016-10-14 17:34:00,0,0,0,46,5,51
523.0,2016-10-14 17:37:00,4,4,0,46,5,51
523.0,2016-10-14 17:40:00,0,5,5,51,0,51
523.0,2016-10-14 17:43:00,0,1,1,51,0,51
523.0,2016-10-14 17:46:00,2,2,0,51,0,51
523.0,2016-10-14 17:49:00,0,0,0,51,0,51
523.0,2016-10-14 17:52:00,1,1,0,51,0,51
523.0,2016-10-14 17:55:00,2,2,0,51,0,51
523.0,2016-10-14 17:58:00,3,3,0,51,0,51
523.0,2016-10-14 18:01:00,2,2,0,51,0,51
523.0,2016-10-14 18:04:00,1,1,0,51,0,51
523.0,2016-10-14 18:07:00,0,0,0,51,0,51
523.0,2016-10-14 18:10:00,3,0,-3,48,3,51
523.0,2016-10-14 18:13:00,1,4,3,51,0,51
523.0,2016-10-14 18:16:00,2,2,0,51,0,51
523.0,2016-10-14 18:19:00,1,1,0,51,0,51
523.0,2016-10-14 18:22:00,1,1,0,51,0,51
523.0,2016-10-14 18:25:00,3,2,-1,50,1,51
523.0,2016-10-14 18:28:00,3,2,-1,49,2,51
523.0,2016-10-14 18:31:00,2,1,-1,48,3,51
523.0,2016-10-14 18:34:00,3,2,-1,47,4,51
523.0,2016-10-14 18:37:00,8,1,-7,40,11,51
523.0,2016-10-14 18:40:00,1,1,0,40,11,51
523.0,2016-10-14 18:43:00,1,2,1,41,10,51
523.0,2016-10-14 18:46:00,1,2,1,42,9,51
523.0,2016-10-14 18:49:00,1,3,2,44,7,51
523.0,2016-10-14 18:52:00,3,0,-3,41,10,51
523.0,2016-10-14 18:55:00,2,2,0,41,10,51
523.0,2016-10-14 18:58:00,0,2,2,43,8,51
523.0,2016-10-14 19:01:00,0,2,2,45,6,51
523.0,2016-10-14 19:04:00,0,0,0,45,6,51
523.0,2016-10-14 19:07:00,0,0,0,45,6,51
523.0,2016-10-14 19:10:00,2,0,-2,43,8,51
523.0,2016-10-14 19:11:00,0,0,0,44,7,51
523.0,2016-10-14 19:14:00,3,1,-2,42,9,51
523.0,2016-10-14 19:17:00,1,2,1,43,8,51
523.0,2016-10-14 19:20:00,0,0,0,43,8,51
523.0,2016-10-14 19:23:00,4,2,-2,41,10,51
523.0,2016-10-14 19:26:00,1,1,0,41,10,51
523.0,2016-10-14 19:29:00,0,0,0,41,10,51
523.0,2016-10-14 19:32:00,1,1,0,41,10,51
523.0,2016-10-14 19:35:00,0,0,0,41,10,51
523.0,2016-10-14 19:38:00,0,3,3,44,7,51
523.0,2016-10-14 19:41:00,1,0,-1,43,8,51
523.0,2016-10-14 19:44:00,0,0,0,43,8,51
523.0,2016-10-14 19:47:00,1,1,0,43,8,51
523.0,2016-10-14 19:50:00,0,0,0,43,8,51
523.0,2016-10-14 19:53:00,2,1,-1,42,9,51
523.0,2016-10-14 19:56:00,0,0,0,42,9,51
523.0,2016-10-14 19:59:00,1,2,1,43,8,51
523.0,2016-10-14 20:02:00,0,0,0,43,8,51
523.0,2016-10-14 20:05:00,0,0,0,43,8,51
523.0,2016-10-14 20:08:00,0,0,0,43,8,51
523.0,2016-10-14 20:11:00,1,0,-1,42,9,51
523.0,2016-10-14 20:14:00,0,0,0,42,9,51
523.0,2016-10-14 20:17:00,0,0,0,42,9,51
523.0,2016-10-14 20:20:00,3,0,-3,39,12,51
523.0,2016-10-14 20:23:00,0,1,1,40,11,51
523.0,2016-10-14 20:26:00,0,0,0,40,11,51
523.0,2016-10-14 20:29:00,0,0,0,40,11,51
523.0,2016-10-14 20:32:00,0,0,0,40,11,51
523.0,2016-10-14 20:35:00,1,1,0,40,11,51
523.0,2016-10-14 20:38:00,0,0,0,39,12,51
523.0,2016-10-14 20:41:00,0,0,0,39,12,51
523.0,2016-10-14 20:44:00,0,0,0,39,12,51
523.0,2016-10-14 20:47:00,1,1,0,39,12,51
523.0,2016-10-14 20:50:00,0,2,2,41,10,51
523.0,2016-10-14 20:53:00,1,3,2,43,8,51
523.0,2016-10-14 20:56:00,0,0,0,43,8,51
523.0,2016-10-14 20:59:00,0,1,1,44,7,51
523.0,2016-10-14 21:02:00,0,0,0,44,7,51
523.0,2016-10-14 21:05:00,1,0,-1,43,8,51
523.0,2016-10-14 21:08:00,0,2,2,45,6,51
523.0,2016-10-14 21:11:00,0,0,0,45,6,51
523.0,2016-10-14 21:14:00,0,0,0,45,6,51
523.0,2016-10-14 21:17:00,0,0,0,45,6,51
523.0,2016-10-14 21:20:00,0,2,2,47,4,51
523.0,2016-10-14 21:23:00,0,0,0,47,4,51
523.0,2016-10-14 21:26:00,0,1,1,48,3,51
523.0,2016-10-14 21:29:00,0,0,0,48,3,51
523.0,2016-10-14 21:32:00,1,0,-1,47,4,51
523.0,2016-10-14 21:35:00,1,0,-1,46,5,51
523.0,2016-10-14 21:38:00,0,0,0,46,5,51
523.0,2016-10-14 21:40:00,1,0,-1,45,6,51
523.0,2016-10-14 21:43:00,0,0,0,45,6,51
523.0,2016-10-14 21:46:00,0,0,0,45,6,51
523.0,2016-10-14 21:49:00,0,0,0,45,6,51
523.0,2016-10-14 21:52:00,0,0,0,45,6,51
523.0,2016-10-14 21:55:00,1,0,-1,44,7,51
523.0,2016-10-14 21:58:00,0,0,0,44,7,51
523.0,2016-10-14 22:01:00,0,0,0,44,7,51
523.0,2016-10-14 22:04:00,2,0,-2,42,9,51
523.0,2016-10-14 22:07:00,0,0,0,42,9,51
523.0,2016-10-14 22:10:00,1,0,-1,41,10,51
523.0,2016-10-14 22:13:00,0,2,2,43,8,51
523.0,2016-10-14 22:16:00,0,0,0,43,8,51
523.0,2016-10-14 22:19:00,0,0,0,43,8,51
523.0,2016-10-14 22:22:00,0,0,0,43,8,51
523.0,2016-10-14 22:25:00,0,0,0,43,8,51
523.0,2016-10-14 22:28:00,0,0,0,43,8,51
523.0,2016-10-14 22:31:00,0,0,0,43,8,51
523.0,2016-10-14 22:34:00,0,0,0,43,8,51
523.0,2016-10-14 22:36:00,0,0,0,42,9,51
523.0,2016-10-14 22:39:00,0,0,0,42,9,51
523.0,2016-10-14 22:42:00,0,0,0,42,9,51
523.0,2016-10-14 22:45:00,0,0,0,42,9,51
523.0,2016-10-14 22:48:00,0,0,0,42,9,51
523.0,2016-10-14 22:51:00,0,0,0,42,9,51
523.0,2016-10-14 22:54:00,0,1,1,43,8,51
523.0,2016-10-14 22:57:00,0,0,0,43,8,51
523.0,2016-10-14 23:00:00,0,2,2,45,6,51
523.0,2016-10-14 23:03:00,0,1,1,46,5,51
523.0,2016-10-14 23:06:00,1,0,-1,45,6,51
523.0,2016-10-14 23:09:00,1,1,0,45,6,51
523.0,2016-10-14 23:12:00,0,0,0,45,6,51
523.0,2016-10-14 23:15:00,0,0,0,45,6,51
523.0,2016-10-14 23:18:00,0,2,2,47,4,51
523.0,2016-10-14 23:21:00,0,0,0,47,4,51
523.0,2016-10-14 23:24:00,0,0,0,47,4,51
523.0,2016-10-14 23:27:00,1,0,-1,46,5,51
523.0,2016-10-14 23:30:00,1,0,-1,45,6,51
523.0,2016-10-14 23:33:00,0,0,0,45,6,51
523.0,2016-10-14 23:36:00,0,0,0,45,6,51
523.0,2016-10-14 23:39:00,0,0,0,45,6,51
523.0,2016-10-14 23:42:00,0,0,0,45,6,51
523.0,2016-10-14 23:45:00,0,0,0,46,5,51
523.0,2016-10-14 23:48:00,0,1,1,47,4,51
523.0,2016-10-14 23:51:00,0,0,0,47,4,51
523.0,2016-10-14 23:54:00,0,0,0,47,4,51
523.0,2016-10-14 23:57:00,0,0,0,47,4,51
523.0,2016-10-15 00:00:00,0,0,0,47,4,51
523.0,2016-10-15 00:03:00,0,1,1,48,3,51
523.0,2016-10-15 00:06:00,0,0,0,48,3,51
523.0,2016-10-15 00:08:00,0,0,0,17,34,51
523.0,2016-10-15 00:11:00,0,1,1,18,33,51
523.0,2016-10-15 00:14:00,0,0,0,18,33,51
523.0,2016-10-15 00:17:00,2,0,-2,16,35,51
523.0,2016-10-15 00:20:00,0,0,0,16,35,51
523.0,2016-10-15 00:23:00,0,0,0,16,35,51
523.0,2016-10-15 00:26:00,0,1,1,17,34,51
523.0,2016-10-15 00:29:00,0,1,1,18,33,51
523.0,2016-10-15 00:32:00,0,1,1,19,32,51
523.0,2016-10-15 00:35:00,0,0,0,19,32,51
523.0,2016-10-15 00:38:00,2,0,-2,17,34,51
523.0,2016-10-15 00:41:00,0,0,0,17,34,51
523.0,2016-10-15 00:42:00,0,0,0,19,32,51
523.0,2016-10-15 00:45:00,0,0,0,19,32,51
523.0,2016-10-15 00:48:00,0,0,0,19,32,51
523.0,2016-10-15 00:51:00,0,1,1,20,31,51
523.0,2016-10-15 00:54:00,0,0,0,20,31,51
523.0,2016-10-15 00:57:00,0,0,0,20,31,51
523.0,2016-10-15 01:00:00,0,1,1,21,30,51
523.0,2016-10-15 01:03:00,0,0,0,21,30,51
523.0,2016-10-15 01:06:00,0,0,0,21,30,51
523.0,2016-10-15 01:09:00,0,0,0,50,1,51
523.0,2016-10-15 01:12:00,0,0,0,50,1,51
523.0,2016-10-15 01:15:00,0,0,0,50,1,51
523.0,2016-10-15 01:18:00,2,0,-2,48,3,51
523.0,2016-10-15 01:21:00,0,0,0,48,3,51
523.0,2016-10-15 01:24:00,2,2,0,48,3,51
523.0,2016-10-15 01:27:00,0,0,0,48,3,51
523.0,2016-10-15 01:30:00,0,0,0,48,3,51
523.0,2016-10-15 01:33:00,0,0,0,48,3,51
523.0,2016-10-15 01:36:00,0,0,0,48,3,51
523.0,2016-10-15 01:39:00,0,0,0,48,3,51
523.0,2016-10-15 01:42:00,0,1,1,49,2,51
523.0,2016-10-15 01:45:00,0,0,0,49,2,51
523.0,2016-10-15 01:48:00,0,0,0,49,2,51
523.0,2016-10-15 01:51:00,0,0,0,49,2,51
523.0,2016-10-15 01:54:00,0,1,1,50,1,51
523.0,2016-10-15 01:57:00,0,0,0,50,1,51
523.0,2016-10-15 02:00:00,0,0,0,50,1,51
523.0,2016-10-15 02:03:00,0,0,0,50,1,51
523.0,2016-10-15 02:06:00,0,0,0,50,1,51
523.0,2016-10-15 02:09:00,0,0,0,50,1,51
523.0,2016-10-15 02:12:00,0,0,0,50,1,51
523.0,2016-10-15 02:15:00,0,0,0,50,1,51
523.0,2016-10-15 02:18:00,0,0,0,50,1,51
523.0,2016-10-15 02:21:00,0,0,0,50,1,51
523.0,2016-10-15 02:24:00,1,0,-1,49,2,51
523.0,2016-10-15 02:27:00,0,0,0,49,2,51
523.0,2016-10-15 02:30:00,0,0,0,49,2,51
523.0,2016-10-15 02:33:00,0,0,0,49,2,51
523.0,2016-10-15 02:36:00,0,0,0,49,2,51
523.0,2016-10-15 02:37:00,0,0,0,49,2,51
523.0,2016-10-15 02:40:00,0,0,0,49,2,51
523.0,2016-10-15 02:43:00,0,0,0,49,2,51
523.0,2016-10-15 02:46:00,0,0,0,49,2,51
523.0,2016-10-15 02:49:00,0,1,1,50,1,51
523.0,2016-10-15 02:52:00,0,0,0,50,1,51
523.0,2016-10-15 02:55:00,0,0,0,50,1,51
523.0,2016-10-15 02:58:00,0,0,0,50,1,51
523.0,2016-10-15 03:01:00,0,0,0,50,1,51
523.0,2016-10-15 03:04:00,0,0,0,50,1,51
523.0,2016-10-15 03:07:00,0,0,0,50,1,51
523.0,2016-10-15 03:10:00,0,0,0,50,1,51
523.0,2016-10-15 03:13:00,0,0,0,50,1,51
523.0,2016-10-15 03:16:00,0,0,0,50,1,51
523.0,2016-10-15 03:19:00,0,0,0,50,1,51
523.0,2016-10-15 03:22:00,0,0,0,50,1,51
523.0,2016-10-15 03:25:00,0,0,0,50,1,51
523.0,2016-10-15 03:28:00,0,0,0,50,1,51
523.0,2016-10-15 03:31:00,0,0,0,50,1,51
523.0,2016-10-15 03:34:00,0,0,0,50,1,51
523.0,2016-10-15 03:37:00,0,0,0,50,1,51
523.0,2016-10-15 03:40:00,0,0,0,50,1,51
523.0,2016-10-15 03:43:00,0,0,0,50,1,51
523.0,2016-10-15 03:46:00,0,0,0,50,1,51
523.0,2016-10-15 03:49:00,0,0,0,50,1,51
523.0,2016-10-15 03:52:00,0,0,0,50,1,51
523.0,2016-10-15 03:55:00,0,0,0,50,1,51
523.0,2016-10-15 03:58:00,0,0,0,50,1,51
523.0,2016-10-15 04:01:00,0,0,0,50,1,51
523.0,2016-10-15 04:04:00,0,0,0,50,1,51
523.0,2016-10-15 04:06:00,0,0,0,50,1,51
523.0,2016-10-15 04:09:00,0,0,0,50,1,51
523.0,2016-10-15 04:12:00,0,0,0,50,1,51
523.0,2016-10-15 04:15:00,0,0,0,50,1,51
523.0,2016-10-15 04:18:00,0,0,0,50,1,51
523.0,2016-10-15 04:21:00,0,0,0,50,1,51
523.0,2016-10-15 04:24:00,0,0,0,50,1,51
523.0,2016-10-15 04:27:00,0,0,0,50,1,51
523.0,2016-10-15 04:30:00,0,0,0,50,1,51
523.0,2016-10-15 04:33:00,0,0,0,50,1,51
523.0,2016-10-15 04:36:00,0,0,0,50,1,51
523.0,2016-10-15 04:37:00,0,0,0,50,1,51
523.0,2016-10-15 04:40:00,0,0,0,50,1,51
523.0,2016-10-15 04:43:00,0,0,0,50,1,51
523.0,2016-10-15 04:46:00,0,0,0,50,1,51
523.0,2016-10-15 04:49:00,0,0,0,50,1,51
523.0,2016-10-15 04:52:00,0,0,0,50,1,51
523.0,2016-10-15 04:55:00,0,0,0,50,1,51
523.0,2016-10-15 04:58:00,0,0,0,50,1,51
523.0,2016-10-15 05:01:00,0,0,0,50,1,51
523.0,2016-10-15 05:04:00,0,0,0,50,1,51
523.0,2016-10-15 05:07:00,0,0,0,50,1,51
523.0,2016-10-15 05:08:00,0,0,0,50,1,51
523.0,2016-10-15 05:11:00,0,0,0,50,1,51
523.0,2016-10-15 05:14:00,0,0,0,50,1,51
523.0,2016-10-15 05:17:00,0,0,0,50,1,51
523.0,2016-10-15 05:20:00,0,0,0,50,1,51
523.0,2016-10-15 05:23:00,0,0,0,50,1,51
523.0,2016-10-15 05:26:00,0,0,0,50,1,51
523.0,2016-10-15 05:29:00,0,0,0,50,1,51
523.0,2016-10-15 05:32:00,1,0,-1,49,2,51
523.0,2016-10-15 05:35:00,0,0,0,49,2,51
523.0,2016-10-15 05:38:00,0,0,0,49,2,51
523.0,2016-10-15 05:40:00,1,0,-1,48,3,51
523.0,2016-10-15 05:43:00,0,0,0,48,3,51
523.0,2016-10-15 05:46:00,0,0,0,48,3,51
523.0,2016-10-15 05:49:00,0,0,0,48,3,51
523.0,2016-10-15 05:52:00,0,0,0,48,3,51
523.0,2016-10-15 05:55:00,0,0,0,48,3,51
523.0,2016-10-15 05:58:00,0,0,0,48,3,51
523.0,2016-10-15 06:01:00,0,0,0,48,3,51
523.0,2016-10-15 06:04:00,0,0,0,48,3,51
523.0,2016-10-15 06:07:00,1,0,-1,47,4,51
523.0,2016-10-15 06:10:00,0,0,0,47,4,51
523.0,2016-10-15 06:12:00,0,0,0,47,4,51
523.0,2016-10-15 06:15:00,0,0,0,47,4,51
523.0,2016-10-15 06:18:00,0,0,0,47,4,51
523.0,2016-10-15 06:21:00,1,0,-1,46,5,51
523.0,2016-10-15 06:24:00,0,0,0,46,5,51
523.0,2016-10-15 06:27:00,0,0,0,46,5,51
523.0,2016-10-15 06:30:00,0,0,0,46,5,51
523.0,2016-10-15 06:33:00,0,0,0,46,5,51
523.0,2016-10-15 06:36:00,0,0,0,46,5,51
523.0,2016-10-15 06:39:00,0,0,0,46,5,51
523.0,2016-10-15 06:42:00,0,0,0,46,5,51
523.0,2016-10-15 06:45:00,0,0,0,46,5,51
523.0,2016-10-15 06:48:00,0,0,0,46,5,51
523.0,2016-10-15 06:51:00,0,0,0,46,5,51
523.0,2016-10-15 06:54:00,0,0,0,46,5,51
523.0,2016-10-15 06:57:00,0,0,0,46,5,51
523.0,2016-10-15 07:00:00,0,0,0,46,5,51
523.0,2016-10-15 07:03:00,0,0,0,46,5,51
523.0,2016-10-15 07:06:00,0,0,0,46,5,51
523.0,2016-10-15 07:09:00,0,1,1,47,4,51
523.0,2016-10-15 07:12:00,0,0,0,47,4,51
523.0,2016-10-15 07:15:00,0,0,0,47,4,51
523.0,2016-10-15 07:18:00,0,0,0,47,4,51
523.0,2016-10-15 07:21:00,1,0,-1,46,5,51
523.0,2016-10-15 07:24:00,0,0,0,46,5,51
523.0,2016-10-15 07:27:00,0,0,0,46,5,51
523.0,2016-10-15 07:30:00,0,0,0,46,5,51
523.0,2016-10-15 07:33:00,0,0,0,46,5,51
523.0,2016-10-15 07:36:00,0,0,0,46,5,51
523.0,2016-10-15 07:39:00,0,0,0,46,5,51
523.0,2016-10-15 07:42:00,0,0,0,46,5,51
523.0,2016-10-15 07:45:00,0,0,0,46,5,51
523.0,2016-10-15 07:48:00,0,0,0,46,5,51
523.0,2016-10-15 07:51:00,0,0,0,46,5,51
523.0,2016-10-15 07:54:00,0,1,1,47,4,51
523.0,2016-10-15 07:57:00,0,0,0,47,4,51
523.0,2016-10-15 08:00:00,0,0,0,47,4,51
523.0,2016-10-15 08:03:00,0,0,0,47,4,51
523.0,2016-10-15 08:06:00,0,0,0,47,4,51
523.0,2016-10-15 08:09:00,0,0,0,47,4,51
523.0,2016-10-15 08:12:00,0,0,0,47,4,51
523.0,2016-10-15 08:15:00,0,0,0,47,4,51
523.0,2016-10-15 08:18:00,0,2,2,49,2,51
523.0,2016-10-15 08:21:00,0,0,0,49,2,51
523.0,2016-10-15 08:24:00,0,0,0,49,2,51
523.0,2016-10-15 08:25:00,0,0,0,49,2,51
523.0,2016-10-15 08:28:00,0,1,1,50,1,51
523.0,2016-10-15 08:31:00,0,0,0,50,1,51
523.0,2016-10-15 08:34:00,0,0,0,50,1,51
523.0,2016-10-15 08:37:00,0,0,0,50,1,51
523.0,2016-10-15 08:40:00,0,0,0,50,1,51
523.0,2016-10-15 08:43:00,0,0,0,50,1,51
523.0,2016-10-15 08:46:00,0,0,0,50,1,51
523.0,2016-10-15 08:49:00,0,0,0,50,1,51
523.0,2016-10-15 08:52:00,0,0,0,50,1,51
523.0,2016-10-15 08:55:00,0,0,0,50,1,51
523.0,2016-10-15 08:58:00,0,0,0,50,1,51
523.0,2016-10-15 08:59:00,0,0,0,50,1,51
523.0,2016-10-15 09:02:00,0,0,0,50,1,51
523.0,2016-10-15 09:05:00,0,0,0,50,1,51
523.0,2016-10-15 09:08:00,0,0,0,50,1,51
523.0,2016-10-15 09:11:00,0,0,0,50,1,51
523.0,2016-10-15 09:14:00,0,0,0,50,1,51
523.0,2016-10-15 09:17:00,0,0,0,50,1,51
523.0,2016-10-15 09:20:00,0,0,0,50,1,51
523.0,2016-10-15 09:23:00,0,0,0,50,1,51
523.0,2016-10-15 09:26:00,1,1,0,50,1,51
523.0,2016-10-15 09:29:00,0,0,0,50,1,51
523.0,2016-10-15 09:32:00,2,1,-1,49,2,51
523.0,2016-10-15 09:33:00,0,0,0,49,2,51
523.0,2016-10-15 09:36:00,0,0,0,49,2,51
523.0,2016-10-15 09:39:00,0,1,1,50,1,51
523.0,2016-10-15 09:42:00,1,0,-1,49,2,51
523.0,2016-10-15 09:45:00,1,0,-1,48,3,51
523.0,2016-10-15 09:48:00,0,1,1,49,2,51
523.0,2016-10-15 09:51:00,2,0,-2,47,4,51
523.0,2016-10-15 09:54:00,0,0,0,47,4,51
523.0,2016-10-15 09:57:00,0,0,0,47,4,51
523.0,2016-10-15 10:00:00,0,2,2,49,2,51
523.0,2016-10-15 10:03:00,2,0,-2,47,4,51
523.0,2016-10-15 10:06:00,1,1,0,47,4,51
523.0,2016-10-15 10:07:00,1,0,-1,47,4,51
523.0,2016-10-15 10:10:00,0,1,1,48,3,51
523.0,2016-10-15 10:13:00,0,0,0,48,3,51
523.0,2016-10-15 10:16:00,1,0,-1,47,4,51
523.0,2016-10-15 10:19:00,0,0,0,47,4,51
523.0,2016-10-15 10:22:00,1,0,-1,46,5,51
523.0,2016-10-15 10:25:00,0,0,0,46,5,51
523.0,2016-10-15 10:28:00,0,0,0,46,5,51
523.0,2016-10-15 10:31:00,1,0,-1,45,6,51
523.0,2016-10-15 10:34:00,0,1,1,46,5,51
523.0,2016-10-15 10:37:00,1,0,-1,45,6,51
523.0,2016-10-15 10:40:00,0,2,2,47,4,51
523.0,2016-10-15 10:41:00,1,2,1,46,5,51
523.0,2016-10-15 10:44:00,1,0,-1,45,6,51
523.0,2016-10-15 10:47:00,1,0,-1,44,7,51
523.0,2016-10-15 10:50:00,1,0,-1,43,8,51
523.0,2016-10-15 10:53:00,0,0,0,43,8,51
523.0,2016-10-15 10:56:00,0,0,0,43,8,51
523.0,2016-10-15 10:59:00,0,0,0,43,8,51
523.0,2016-10-15 11:02:00,0,0,0,43,8,51
523.0,2016-10-15 11:05:00,0,0,0,43,8,51
523.0,2016-10-15 11:08:00,1,0,-1,42,9,51
523.0,2016-10-15 11:11:00,0,0,0,42,9,51
523.0,2016-10-15 11:14:00,0,0,0,42,9,51
523.0,2016-10-15 11:15:00,1,0,-1,41,10,51
523.0,2016-10-15 11:18:00,0,0,0,41,10,51
523.0,2016-10-15 11:21:00,1,0,-1,40,11,51
523.0,2016-10-15 11:24:00,0,0,0,40,11,51
523.0,2016-10-15 11:27:00,0,0,0,40,11,51
523.0,2016-10-15 11:30:00,0,0,0,40,11,51
523.0,2016-10-15 11:33:00,0,0,0,40,11,51
523.0,2016-10-15 11:36:00,0,0,0,40,11,51
523.0,2016-10-15 11:39:00,1,0,-1,39,12,51
523.0,2016-10-15 11:42:00,1,0,-1,38,13,51
523.0,2016-10-15 11:45:00,0,2,2,40,11,51
523.0,2016-10-15 11:48:00,1,1,0,40,11,51
523.0,2016-10-15 11:50:00,1,0,-1,38,13,51
523.0,2016-10-15 11:53:00,0,2,2,40,11,51
523.0,2016-10-15 11:56:00,0,0,0,40,11,51
523.0,2016-10-15 11:59:00,0,0,0,40,11,51
523.0,2016-10-15 12:02:00,1,1,0,40,11,51
523.0,2016-10-15 12:05:00,0,0,0,40,11,51
523.0,2016-10-15 12:08:00,0,0,0,40,11,51
523.0,2016-10-15 12:11:00,0,0,0,40,11,51
523.0,2016-10-15 12:14:00,0,0,0,40,11,51
523.0,2016-10-15 12:17:00,1,0,-1,39,12,51
523.0,2016-10-15 12:20:00,3,1,-2,37,14,51
523.0,2016-10-15 12:23:00,0,0,0,37,14,51
523.0,2016-10-15 12:26:00,0,1,1,38,13,51
523.0,2016-10-15 12:29:00,3,0,-3,35,16,51
523.0,2016-10-15 12:32:00,3,0,-3,32,19,51
523.0,2016-10-15 12:35:00,0,0,0,32,19,51
523.0,2016-10-15 12:38:00,1,0,-1,31,20,51
523.0,2016-10-15 12:41:00,0,0,0,31,20,51
523.0,2016-10-15 12:44:00,0,0,0,31,20,51
523.0,2016-10-15 12:47:00,1,0,-1,30,21,51
523.0,2016-10-15 12:50:00,0,1,1,31,20,51
523.0,2016-10-15 12:53:00,1,0,-1,30,21,51
523.0,2016-10-15 12:56:00,0,0,0,30,21,51
523.0,2016-10-15 12:59:00,0,0,0,30,21,51
523.0,2016-10-15 13:02:00,0,1,1,31,20,51
523.0,2016-10-15 13:05:00,2,0,-2,29,22,51
523.0,2016-10-15 13:08:00,0,0,0,29,22,51
523.0,2016-10-15 13:11:00,0,3,3,32,19,51
523.0,2016-10-15 13:14:00,1,1,0,32,19,51
523.0,2016-10-15 13:17:00,0,0,0,32,19,51
523.0,2016-10-15 13:20:00,0,0,0,32,19,51
523.0,2016-10-15 13:23:00,0,0,0,32,19,51
523.0,2016-10-15 13:26:00,1,1,0,32,19,51
523.0,2016-10-15 13:29:00,0,0,0,32,19,51
523.0,2016-10-15 13:32:00,0,0,0,32,19,51
523.0,2016-10-15 13:35:00,0,0,0,32,19,51
523.0,2016-10-15 13:38:00,0,0,0,32,19,51
523.0,2016-10-15 13:41:00,2,2,0,32,19,51
523.0,2016-10-15 13:44:00,0,0,0,32,19,51
523.0,2016-10-15 13:47:00,0,0,0,32,19,51
523.0,2016-10-15 13:50:00,2,1,-1,31,20,51
523.0,2016-10-15 13:53:00,0,0,0,31,20,51
523.0,2016-10-15 13:56:00,0,2,2,33,18,51
523.0,2016-10-15 13:59:00,0,0,0,33,18,51
523.0,2016-10-15 14:02:00,0,0,0,33,18,51
523.0,2016-10-15 14:05:00,0,0,0,33,18,51
523.0,2016-10-15 14:07:00,0,1,1,34,17,51
523.0,2016-10-15 14:10:00,0,1,1,35,16,51
523.0,2016-10-15 14:13:00,1,0,-1,34,17,51
523.0,2016-10-15 14:16:00,0,0,0,34,17,51
523.0,2016-10-15 14:19:00,0,0,0,34,17,51
523.0,2016-10-15 14:22:00,1,0,-1,33,18,51
523.0,2016-10-15 14:25:00,1,2,1,34,17,51
523.0,2016-10-15 14:28:00,0,0,0,34,17,51
523.0,2016-10-15 14:31:00,0,0,0,34,17,51
523.0,2016-10-15 14:34:00,0,0,0,34,17,51
523.0,2016-10-15 14:37:00,0,0,0,34,17,51
523.0,2016-10-15 14:40:00,0,0,0,34,17,51
523.0,2016-10-15 14:41:00,0,0,0,34,17,51
523.0,2016-10-15 14:44:00,0,0,0,34,17,51
523.0,2016-10-15 14:47:00,0,0,0,34,17,51
523.0,2016-10-15 14:50:00,0,1,1,35,16,51
523.0,2016-10-15 14:53:00,0,0,0,35,16,51
523.0,2016-10-15 14:56:00,0,0,0,35,16,51
523.0,2016-10-15 14:59:00,0,1,1,36,15,51
523.0,2016-10-15 15:02:00,0,1,1,37,14,51
523.0,2016-10-15 15:05:00,0,1,1,38,13,51
523.0,2016-10-15 15:08:00,0,0,0,38,13,51
523.0,2016-10-15 15:11:00,1,0,-1,37,14,51
523.0,2016-10-15 15:14:00,0,0,0,37,14,51
523.0,2016-10-15 15:16:00,2,0,-2,34,17,51
523.0,2016-10-15 15:19:00,1,2,1,35,16,51
523.0,2016-10-15 15:22:00,3,0,-3,32,19,51
523.0,2016-10-15 15:25:00,0,0,0,32,19,51
523.0,2016-10-15 15:28:00,0,0,0,32,19,51
523.0,2016-10-15 15:31:00,0,1,1,33,18,51
523.0,2016-10-15 15:34:00,1,3,2,35,16,51
523.0,2016-10-15 15:37:00,2,0,-2,33,18,51
523.0,2016-10-15 15:40:00,1,1,0,33,18,51
523.0,2016-10-15 15:43:00,0,1,1,34,17,51
523.0,2016-10-15 15:46:00,2,1,-1,33,18,51
523.0,2016-10-15 15:49:00,1,1,0,33,18,51
523.0,2016-10-15 15:51:00,0,0,0,33,18,51
523.0,2016-10-15 15:54:00,2,3,1,34,17,51
523.0,2016-10-15 15:57:00,1,0,-1,33,18,51
523.0,2016-10-15 16:00:00,2,0,-2,31,20,51
523.0,2016-10-15 16:03:00,0,1,1,32,19,51
523.0,2016-10-15 16:06:00,1,0,-1,31,20,51
523.0,2016-10-15 16:09:00,0,1,1,32,19,51
523.0,2016-10-15 16:12:00,0,2,2,34,17,51
523.0,2016-10-15 16:15:00,1,1,0,34,17,51
523.0,2016-10-15 16:18:00,0,0,0,34,17,51
523.0,2016-10-15 16:21:00,0,0,0,34,17,51
523.0,2016-10-15 16:24:00,1,0,-1,34,17,51
523.0,2016-10-15 16:27:00,0,0,0,34,17,51
523.0,2016-10-15 16:30:00,1,1,0,34,17,51
523.0,2016-10-15 16:33:00,0,0,0,34,17,51
523.0,2016-10-15 16:36:00,1,0,-1,33,18,51
523.0,2016-10-15 16:39:00,0,0,0,33,18,51
523.0,2016-10-15 16:42:00,0,0,0,33,18,51
523.0,2016-10-15 16:45:00,1,2,1,34,17,51
523.0,2016-10-15 16:48:00,0,0,0,34,17,51
523.0,2016-10-15 16:51:00,1,0,-1,33,18,51
523.0,2016-10-15 16:54:00,2,4,2,35,16,51
523.0,2016-10-15 16:57:00,0,1,1,36,15,51
523.0,2016-10-15 16:59:00,2,0,-2,34,17,51
523.0,2016-10-15 17:02:00,0,0,0,34,17,51
523.0,2016-10-15 17:05:00,0,2,2,36,15,51
523.0,2016-10-15 17:08:00,0,0,0,36,15,51
523.0,2016-10-15 17:11:00,0,2,2,38,13,51
523.0,2016-10-15 17:14:00,2,0,-2,36,15,51
523.0,2016-10-15 17:17:00,2,0,-2,34,17,51
523.0,2016-10-15 17:20:00,1,1,0,34,17,51
523.0,2016-10-15 17:23:00,0,0,0,34,17,51
523.0,2016-10-15 17:26:00,0,0,0,34,17,51
523.0,2016-10-15 17:29:00,0,0,0,34,17,51
523.0,2016-10-15 17:32:00,0,0,0,34,17,51
523.0,2016-10-15 17:33:00,1,0,-1,33,18,51
523.0,2016-10-15 17:36:00,0,0,0,33,18,51
523.0,2016-10-15 17:39:00,0,1,1,34,17,51
523.0,2016-10-15 17:42:00,0,0,0,34,17,51
523.0,2016-10-15 17:45:00,0,0,0,34,17,51
523.0,2016-10-15 17:48:00,0,1,1,35,16,51
523.0,2016-10-15 17:51:00,0,0,0,35,16,51
523.0,2016-10-15 17:54:00,3,0,-3,32,19,51
523.0,2016-10-15 17:57:00,0,1,1,33,18,51
523.0,2016-10-15 18:00:00,1,1,0,33,18,51
523.0,2016-10-15 18:03:00,1,0,-1,32,19,51
523.0,2016-10-15 18:06:00,0,0,0,32,19,51
523.0,2016-10-15 18:07:00,0,0,0,32,19,51
523.0,2016-10-15 18:10:00,0,0,0,32,19,51
523.0,2016-10-15 18:13:00,1,0,-1,31,20,51
523.0,2016-10-15 18:16:00,0,0,0,31,20,51
523.0,2016-10-15 18:19:00,1,0,-1,30,21,51
523.0,2016-10-15 18:22:00,0,0,0,30,21,51
523.0,2016-10-15 18:25:00,0,0,0,30,21,51
523.0,2016-10-15 18:28:00,0,0,0,30,21,51
523.0,2016-10-15 18:31:00,1,1,0,30,21,51
523.0,2016-10-15 18:34:00,0,0,0,30,21,51
523.0,2016-10-15 18:37:00,1,0,-1,29,22,51
523.0,2016-10-15 18:40:00,0,0,0,29,22,51
523.0,2016-10-15 18:41:00,1,0,-1,28,23,51
523.0,2016-10-15 18:44:00,1,3,2,30,21,51
523.0,2016-10-15 18:47:00,0,1,1,31,20,51
523.0,2016-10-15 18:50:00,4,0,-4,27,24,51
523.0,2016-10-15 18:53:00,0,0,0,27,24,51
523.0,2016-10-15 18:56:00,0,0,0,27,24,51
523.0,2016-10-15 18:59:00,0,0,0,27,24,51
523.0,2016-10-15 19:02:00,0,0,0,27,24,51
523.0,2016-10-15 19:05:00,0,0,0,27,24,51
523.0,2016-10-15 19:08:00,0,0,0,27,24,51
523.0,2016-10-15 19:11:00,0,0,0,27,24,51
523.0,2016-10-15 19:14:00,1,0,-1,26,25,51
523.0,2016-10-15 19:15:00,1,1,0,27,24,51
523.0,2016-10-15 19:18:00,3,0,-3,24,27,51
523.0,2016-10-15 19:21:00,0,0,0,24,27,51
523.0,2016-10-15 19:24:00,0,0,0,24,27,51
523.0,2016-10-15 19:27:00,2,0,-2,22,29,51
523.0,2016-10-15 19:30:00,0,0,0,22,29,51
523.0,2016-10-15 19:33:00,0,0,0,22,29,51
523.0,2016-10-15 19:36:00,0,0,0,22,29,51
523.0,2016-10-15 19:39:00,0,1,1,23,28,51
523.0,2016-10-15 19:42:00,0,0,0,23,28,51
523.0,2016-10-15 19:45:00,0,1,1,24,27,51
523.0,2016-10-15 19:48:00,0,0,0,24,27,51
523.0,2016-10-15 19:50:00,0,0,0,24,27,51
523.0,2016-10-15 19:53:00,0,0,0,24,27,51
523.0,2016-10-15 19:56:00,0,0,0,24,27,51
523.0,2016-10-15 19:59:00,0,0,0,24,27,51
523.0,2016-10-15 20:02:00,1,0,-1,23,28,51
523.0,2016-10-15 20:05:00,0,0,0,23,28,51
523.0,2016-10-15 20:08:00,0,0,0,23,28,51
523.0,2016-10-15 20:11:00,0,0,0,23,28,51
523.0,2016-10-15 20:14:00,0,2,2,25,26,51
523.0,2016-10-15 20:17:00,0,0,0,25,26,51
523.0,2016-10-15 20:20:00,0,0,0,25,26,51
523.0,2016-10-15 20:23:00,1,0,-1,24,27,51
523.0,2016-10-15 20:24:00,1,0,-1,24,27,51
523.0,2016-10-15 20:27:00,0,0,0,24,27,51
523.0,2016-10-15 20:30:00,0,0,0,24,27,51
523.0,2016-10-15 20:33:00,0,0,0,24,27,51
523.0,2016-10-15 20:36:00,0,0,0,24,27,51
523.0,2016-10-15 20:39:00,0,2,2,26,25,51
523.0,2016-10-15 20:42:00,0,0,0,26,25,51
523.0,2016-10-15 20:45:00,0,0,0,26,25,51
523.0,2016-10-15 20:48:00,0,0,0,26,25,51
523.0,2016-10-15 20:51:00,0,0,0,26,25,51
523.0,2016-10-15 20:54:00,0,0,0,26,25,51
523.0,2016-10-15 20:57:00,0,0,0,26,25,51
523.0,2016-10-15 21:00:00,2,0,-2,24,27,51
523.0,2016-10-15 21:03:00,0,0,0,24,27,51
523.0,2016-10-15 21:06:00,0,1,1,25,26,51
523.0,2016-10-15 21:09:00,0,1,1,26,25,51
523.0,2016-10-15 21:12:00,0,1,1,27,24,51
523.0,2016-10-15 21:15:00,0,0,0,27,24,51
523.0,2016-10-15 21:18:00,2,0,-2,25,26,51
523.0,2016-10-15 21:21:00,0,0,0,25,26,51
523.0,2016-10-15 21:24:00,0,0,0,25,26,51
523.0,2016-10-15 21:27:00,0,0,0,25,26,51
523.0,2016-10-15 21:30:00,1,0,-1,24,27,51
523.0,2016-10-15 21:31:00,0,0,0,24,27,51
523.0,2016-10-15 21:34:00,0,0,0,24,27,51
523.0,2016-10-15 21:37:00,0,1,1,25,26,51
523.0,2016-10-15 21:40:00,0,0,0,25,26,51
523.0,2016-10-15 21:43:00,0,0,0,25,26,51
523.0,2016-10-15 21:46:00,0,0,0,25,26,51
523.0,2016-10-15 21:49:00,0,0,0,25,26,51
523.0,2016-10-15 21:52:00,0,0,0,25,26,51
523.0,2016-10-15 21:55:00,0,0,0,25,26,51
523.0,2016-10-15 21:58:00,0,0,0,25,26,51
523.0,2016-10-15 22:01:00,0,1,1,26,25,51
523.0,2016-10-15 22:04:00,0,0,0,26,25,51
523.0,2016-10-15 22:05:00,0,0,0,26,25,51
523.0,2016-10-15 22:08:00,0,0,0,26,25,51
523.0,2016-10-15 22:11:00,0,0,0,26,25,51
523.0,2016-10-15 22:14:00,0,0,0,26,25,51
523.0,2016-10-15 22:17:00,0,0,0,26,25,51
523.0,2016-10-15 22:20:00,0,0,0,26,25,51
523.0,2016-10-15 22:23:00,0,0,0,26,25,51
523.0,2016-10-15 22:26:00,0,0,0,26,25,51
523.0,2016-10-15 22:29:00,0,0,0,26,25,51
523.0,2016-10-15 22:32:00,1,0,-1,25,26,51
523.0,2016-10-15 22:35:00,0,0,0,25,26,51
523.0,2016-10-15 22:38:00,0,0,0,25,26,51
523.0,2016-10-15 22:41:00,0,0,0,25,26,51
523.0,2016-10-15 22:44:00,0,0,0,25,26,51
523.0,2016-10-15 22:47:00,0,1,1,26,25,51
523.0,2016-10-15 22:50:00,0,0,0,26,25,51
523.0,2016-10-15 22:53:00,0,4,4,30,21,51
523.0,2016-10-15 22:56:00,0,0,0,30,21,51
523.0,2016-10-15 22:59:00,0,0,0,30,21,51
523.0,2016-10-15 23:02:00,0,0,0,30,21,51
523.0,2016-10-15 23:05:00,0,0,0,30,21,51
523.0,2016-10-15 23:08:00,0,0,0,30,21,51
523.0,2016-10-15 23:11:00,0,2,2,32,19,51
523.0,2016-10-15 23:14:00,0,1,1,33,18,51
523.0,2016-10-15 23:17:00,0,0,0,33,18,51
523.0,2016-10-15 23:20:00,0,0,0,33,18,51
523.0,2016-10-15 23:23:00,1,0,-1,32,19,51
523.0,2016-10-15 23:26:00,0,0,0,32,19,51
523.0,2016-10-15 23:29:00,0,0,0,32,19,51
523.0,2016-10-15 23:32:00,0,0,0,32,19,51
523.0,2016-10-15 23:35:00,0,0,0,32,19,51
523.0,2016-10-15 23:38:00,0,0,0,32,19,51
523.0,2016-10-15 23:41:00,0,0,0,32,19,51
523.0,2016-10-15 23:44:00,0,0,0,32,19,51
523.0,2016-10-15 23:47:00,0,0,0,32,19,51
523.0,2016-10-15 23:50:00,0,0,0,32,19,51
523.0,2016-10-15 23:53:00,1,1,0,32,19,51
523.0,2016-10-15 23:56:00,0,0,0,32,19,51
523.0,2016-10-15 23:59:00,0,0,0,32,19,51
523.0,2016-10-16 00:02:00,0,0,0,32,19,51
523.0,2016-10-16 00:05:00,0,0,0,32,19,51
523.0,2016-10-16 00:08:00,0,0,0,32,19,51
523.0,2016-10-16 00:11:00,0,0,0,32,19,51
523.0,2016-10-16 00:14:00,0,1,1,33,18,51
523.0,2016-10-16 00:17:00,0,0,0,33,18,51
523.0,2016-10-16 00:20:00,0,0,0,33,18,51
523.0,2016-10-16 00:23:00,0,0,0,33,18,51
523.0,2016-10-16 00:24:00,1,0,-1,36,15,51
523.0,2016-10-16 00:27:00,0,0,0,36,15,51
523.0,2016-10-16 00:30:00,0,0,0,36,15,51
523.0,2016-10-16 00:33:00,0,0,0,36,15,51
523.0,2016-10-16 00:36:00,2,0,-2,34,17,51
523.0,2016-10-16 00:39:00,0,0,0,34,17,51
523.0,2016-10-16 00:42:00,0,0,0,34,17,51
523.0,2016-10-16 00:45:00,0,0,0,34,17,51
523.0,2016-10-16 00:48:00,0,0,0,34,17,51
523.0,2016-10-16 00:51:00,0,0,0,34,17,51
523.0,2016-10-16 00:54:00,0,0,0,34,17,51
523.0,2016-10-16 00:57:00,0,0,0,34,17,51
523.0,2016-10-16 00:58:00,0,0,0,30,21,51
523.0,2016-10-16 01:01:00,1,1,0,30,21,51
523.0,2016-10-16 01:04:00,0,0,0,30,21,51
523.0,2016-10-16 01:07:00,0,0,0,30,21,51
523.0,2016-10-16 01:10:00,0,0,0,30,21,51
523.0,2016-10-16 01:13:00,0,0,0,30,21,51
523.0,2016-10-16 01:16:00,0,0,0,30,21,51
523.0,2016-10-16 01:19:00,0,0,0,30,21,51
523.0,2016-10-16 01:21:00,0,1,1,31,20,51
523.0,2016-10-16 01:24:00,0,1,1,32,19,51
523.0,2016-10-16 01:27:00,0,0,0,32,19,51
523.0,2016-10-16 01:30:00,0,0,0,32,19,51
523.0,2016-10-16 01:33:00,1,0,-1,31,20,51
523.0,2016-10-16 01:36:00,2,0,-2,29,22,51
523.0,2016-10-16 01:39:00,0,0,0,29,22,51
523.0,2016-10-16 01:42:00,0,2,2,31,20,51
523.0,2016-10-16 01:45:00,0,1,1,32,19,51
523.0,2016-10-16 01:48:00,3,0,-3,29,22,51
523.0,2016-10-16 01:51:00,0,0,0,29,22,51
523.0,2016-10-16 01:52:00,0,1,1,30,21,51
523.0,2016-10-16 01:55:00,0,3,3,33,18,51
523.0,2016-10-16 01:58:00,1,0,-1,32,19,51
523.0,2016-10-16 02:01:00,0,0,0,32,19,51
523.0,2016-10-16 02:04:00,0,0,0,32,19,51
523.0,2016-10-16 02:07:00,0,0,0,32,19,51
523.0,2016-10-16 02:10:00,0,0,0,32,19,51
523.0,2016-10-16 02:13:00,0,0,0,32,19,51
523.0,2016-10-16 02:16:00,0,0,0,32,19,51
523.0,2016-10-16 02:19:00,0,0,0,32,19,51
523.0,2016-10-16 02:22:00,0,0,0,32,19,51
523.0,2016-10-16 02:24:00,0,0,0,32,19,51
523.0,2016-10-16 02:27:00,0,0,0,32,19,51
523.0,2016-10-16 02:30:00,0,0,0,32,19,51
523.0,2016-10-16 02:33:00,1,0,-1,31,20,51
523.0,2016-10-16 02:36:00,0,0,0,31,20,51
523.0,2016-10-16 02:39:00,0,0,0,31,20,51
523.0,2016-10-16 02:42:00,0,0,0,31,20,51
523.0,2016-10-16 02:45:00,0,0,0,31,20,51
523.0,2016-10-16 02:48:00,0,0,0,31,20,51
523.0,2016-10-16 02:51:00,0,0,0,31,20,51
523.0,2016-10-16 02:54:00,0,0,0,31,20,51
523.0,2016-10-16 02:55:00,0,0,0,31,20,51
523.0,2016-10-16 02:58:00,0,1,1,32,19,51
523.0,2016-10-16 03:01:00,1,0,-1,31,20,51
523.0,2016-10-16 03:04:00,0,0,0,31,20,51
523.0,2016-10-16 03:07:00,0,0,0,31,20,51
523.0,2016-10-16 03:10:00,0,0,0,31,20,51
523.0,2016-10-16 03:13:00,0,0,0,31,20,51
523.0,2016-10-16 03:16:00,0,0,0,31,20,51
523.0,2016-10-16 03:19:00,0,0,0,31,20,51
523.0,2016-10-16 03:22:00,1,0,-1,30,21,51
523.0,2016-10-16 03:25:00,0,0,0,30,21,51
523.0,2016-10-16 03:28:00,0,0,0,30,21,51
523.0,2016-10-16 03:31:00,0,0,0,30,21,51
523.0,2016-10-16 03:32:00,0,0,0,31,20,51
523.0,2016-10-16 03:35:00,0,0,0,31,20,51
523.0,2016-10-16 03:38:00,0,0,0,31,20,51
523.0,2016-10-16 03:41:00,0,0,0,31,20,51
523.0,2016-10-16 03:44:00,0,0,0,31,20,51
523.0,2016-10-16 03:47:00,0,0,0,31,20,51
523.0,2016-10-16 03:50:00,0,0,0,31,20,51
523.0,2016-10-16 03:53:00,0,0,0,31,20,51
523.0,2016-10-16 03:56:00,0,0,0,31,20,51
523.0,2016-10-16 03:59:00,0,0,0,31,20,51
523.0,2016-10-16 04:02:00,0,0,0,31,20,51
523.0,2016-10-16 04:03:00,0,0,0,31,20,51
523.0,2016-10-16 04:06:00,0,0,0,31,20,51
523.0,2016-10-16 04:09:00,0,0,0,31,20,51
523.0,2016-10-16 04:12:00,0,0,0,31,20,51
523.0,2016-10-16 04:15:00,0,0,0,31,20,51
523.0,2016-10-16 04:18:00,0,0,0,31,20,51
523.0,2016-10-16 04:21:00,0,0,0,31,20,51
523.0,2016-10-16 04:24:00,0,0,0,31,20,51
523.0,2016-10-16 04:27:00,0,0,0,31,20,51
523.0,2016-10-16 04:30:00,0,0,0,31,20,51
523.0,2016-10-16 04:33:00,0,0,0,31,20,51
523.0,2016-10-16 04:35:00,0,0,0,31,20,51
523.0,2016-10-16 04:38:00,0,0,0,31,20,51
523.0,2016-10-16 04:41:00,0,0,0,31,20,51
523.0,2016-10-16 04:44:00,0,0,0,31,20,51
523.0,2016-10-16 04:47:00,0,0,0,31,20,51
523.0,2016-10-16 04:50:00,0,0,0,31,20,51
523.0,2016-10-16 04:53:00,0,0,0,31,20,51
523.0,2016-10-16 04:56:00,0,0,0,31,20,51
523.0,2016-10-16 04:59:00,0,0,0,31,20,51
523.0,2016-10-16 05:02:00,0,0,0,31,20,51
523.0,2016-10-16 05:05:00,0,0,0,31,20,51
523.0,2016-10-16 05:07:00,0,0,0,31,20,51
523.0,2016-10-16 05:10:00,0,0,0,31,20,51
523.0,2016-10-16 05:13:00,0,0,0,31,20,51
523.0,2016-10-16 05:16:00,0,0,0,31,20,51
523.0,2016-10-16 05:19:00,0,0,0,31,20,51
523.0,2016-10-16 05:22:00,0,0,0,31,20,51
523.0,2016-10-16 05:25:00,0,0,0,31,20,51
523.0,2016-10-16 05:28:00,0,0,0,31,20,51
523.0,2016-10-16 05:31:00,0,0,0,31,20,51
523.0,2016-10-16 05:34:00,0,0,0,31,20,51
523.0,2016-10-16 05:37:00,0,0,0,31,20,51
523.0,2016-10-16 05:39:00,0,0,0,31,20,51
523.0,2016-10-16 05:42:00,0,0,0,31,20,51
523.0,2016-10-16 05:45:00,0,0,0,31,20,51
523.0,2016-10-16 05:48:00,0,0,0,31,20,51
523.0,2016-10-16 05:51:00,0,0,0,31,20,51
523.0,2016-10-16 05:54:00,0,0,0,31,20,51
523.0,2016-10-16 05:57:00,0,0,0,31,20,51
523.0,2016-10-16 06:00:00,0,0,0,31,20,51
523.0,2016-10-16 06:03:00,0,0,0,31,20,51
523.0,2016-10-16 06:06:00,0,0,0,31,20,51
523.0,2016-10-16 06:09:00,0,0,0,31,20,51
523.0,2016-10-16 06:11:00,0,0,0,31,20,51
523.0,2016-10-16 06:14:00,0,0,0,31,20,51
523.0,2016-10-16 06:17:00,0,0,0,31,20,51
523.0,2016-10-16 06:20:00,0,0,0,31,20,51
523.0,2016-10-16 06:23:00,0,0,0,31,20,51
523.0,2016-10-16 06:26:00,0,0,0,31,20,51
523.0,2016-10-16 06:29:00,0,0,0,31,20,51
523.0,2016-10-16 06:32:00,0,0,0,31,20,51
523.0,2016-10-16 06:35:00,0,0,0,31,20,51
523.0,2016-10-16 06:38:00,1,0,-1,30,21,51
523.0,2016-10-16 06:41:00,0,0,0,30,21,51
523.0,2016-10-16 06:43:00,0,0,0,30,21,51
523.0,2016-10-16 06:46:00,0,0,0,30,21,51
523.0,2016-10-16 06:49:00,0,0,0,30,21,51
523.0,2016-10-16 06:52:00,0,0,0,30,21,51
523.0,2016-10-16 06:55:00,0,0,0,30,21,51
523.0,2016-10-16 06:58:00,0,0,0,30,21,51
523.0,2016-10-16 07:01:00,0,0,0,30,21,51
523.0,2016-10-16 07:04:00,0,0,0,30,21,51
523.0,2016-10-16 07:07:00,0,1,1,31,20,51
523.0,2016-10-16 07:10:00,1,0,-1,30,21,51
523.0,2016-10-16 07:13:00,0,0,0,30,21,51
523.0,2016-10-16 07:16:00,0,0,0,29,22,51
523.0,2016-10-16 07:19:00,1,0,-1,28,23,51
523.0,2016-10-16 07:22:00,0,0,0,28,23,51
523.0,2016-10-16 07:25:00,0,0,0,28,23,51
523.0,2016-10-16 07:28:00,0,0,0,28,23,51
523.0,2016-10-16 07:31:00,0,0,0,28,23,51
523.0,2016-10-16 07:34:00,0,0,0,28,23,51
523.0,2016-10-16 07:37:00,0,0,0,28,23,51
523.0,2016-10-16 07:40:00,0,0,0,28,23,51
523.0,2016-10-16 07:43:00,0,0,0,28,23,51
523.0,2016-10-16 07:46:00,1,0,-1,27,24,51
523.0,2016-10-16 07:49:00,0,0,0,27,24,51
523.0,2016-10-16 07:52:00,0,0,0,27,24,51
523.0,2016-10-16 07:55:00,0,0,0,27,24,51
523.0,2016-10-16 07:58:00,0,0,0,27,24,51
523.0,2016-10-16 08:01:00,1,0,-1,26,25,51
523.0,2016-10-16 08:04:00,0,0,0,26,25,51
523.0,2016-10-16 08:07:00,0,0,0,26,25,51
523.0,2016-10-16 08:10:00,0,0,0,26,25,51
523.0,2016-10-16 08:13:00,0,0,0,26,25,51
523.0,2016-10-16 08:16:00,0,0,0,26,25,51
523.0,2016-10-16 08:19:00,0,0,0,26,25,51
523.0,2016-10-16 08:22:00,0,0,0,26,25,51
523.0,2016-10-16 08:25:00,0,0,0,26,25,51
523.0,2016-10-16 08:28:00,0,0,0,26,25,51
523.0,2016-10-16 08:31:00,0,0,0,26,25,51
523.0,2016-10-16 08:34:00,0,0,0,26,25,51
523.0,2016-10-16 08:37:00,0,0,0,26,25,51
523.0,2016-10-16 08:40:00,0,2,2,28,23,51
523.0,2016-10-16 08:43:00,0,1,1,29,22,51
523.0,2016-10-16 08:46:00,1,0,-1,28,23,51
523.0,2016-10-16 08:49:00,0,0,0,28,23,51
523.0,2016-10-16 08:52:00,0,1,1,29,22,51
523.0,2016-10-16 08:55:00,0,0,0,30,21,51
523.0,2016-10-16 08:58:00,0,0,0,30,21,51
523.0,2016-10-16 09:01:00,0,0,0,30,21,51
523.0,2016-10-16 09:04:00,0,0,0,30,21,51
523.0,2016-10-16 09:07:00,0,0,0,30,21,51
523.0,2016-10-16 09:10:00,0,1,1,31,20,51
523.0,2016-10-16 09:13:00,0,0,0,31,20,51
523.0,2016-10-16 09:16:00,0,0,0,31,20,51
523.0,2016-10-16 09:19:00,0,0,0,31,20,51
523.0,2016-10-16 09:22:00,0,0,0,31,20,51
523.0,2016-10-16 09:25:00,0,0,0,31,20,51
523.0,2016-10-16 09:28:00,0,0,0,31,20,51
523.0,2016-10-16 09:29:00,0,0,0,31,20,51
523.0,2016-10-16 09:32:00,0,0,0,31,20,51
523.0,2016-10-16 09:35:00,0,0,0,31,20,51
523.0,2016-10-16 09:38:00,0,0,0,31,20,51
523.0,2016-10-16 09:41:00,0,1,1,32,19,51
523.0,2016-10-16 09:44:00,0,0,0,32,19,51
523.0,2016-10-16 09:47:00,2,0,-2,30,21,51
523.0,2016-10-16 09:50:00,0,0,0,30,21,51
523.0,2016-10-16 09:53:00,0,0,0,30,21,51
523.0,2016-10-16 09:56:00,0,0,0,30,21,51
523.0,2016-10-16 09:59:00,0,0,0,30,21,51
523.0,2016-10-16 10:02:00,0,1,1,31,20,51
523.0,2016-10-16 10:03:00,0,1,1,32,19,51
523.0,2016-10-16 10:06:00,0,0,0,32,19,51
523.0,2016-10-16 10:09:00,0,0,0,32,19,51
523.0,2016-10-16 10:12:00,0,0,0,32,19,51
523.0,2016-10-16 10:15:00,2,1,-1,31,20,51
523.0,2016-10-16 10:18:00,0,0,0,31,20,51
523.0,2016-10-16 10:21:00,2,0,-2,29,22,51
523.0,2016-10-16 10:24:00,0,0,0,29,22,51
523.0,2016-10-16 10:27:00,0,0,0,29,22,51
523.0,2016-10-16 10:30:00,1,0,-1,28,23,51
523.0,2016-10-16 10:33:00,0,0,0,28,23,51
523.0,2016-10-16 10:36:00,0,0,0,28,23,51
523.0,2016-10-16 10:37:00,0,0,0,27,24,51
523.0,2016-10-16 10:40:00,2,0,-2,25,26,51
523.0,2016-10-16 10:43:00,0,0,0,25,26,51
523.0,2016-10-16 10:46:00,1,0,-1,24,27,51
523.0,2016-10-16 10:49:00,2,1,-1,23,28,51
523.0,2016-10-16 10:52:00,0,0,0,23,28,51
523.0,2016-10-16 10:55:00,0,0,0,23,28,51
523.0,2016-10-16 10:58:00,0,0,0,23,28,51
523.0,2016-10-16 11:01:00,0,0,0,23,28,51
523.0,2016-10-16 11:04:00,0,0,0,23,28,51
523.0,2016-10-16 11:07:00,0,0,0,23,28,51
523.0,2016-10-16 11:10:00,0,0,0,23,28,51
523.0,2016-10-16 11:11:00,0,1,1,24,27,51
523.0,2016-10-16 11:14:00,0,1,1,25,26,51
523.0,2016-10-16 11:17:00,2,1,-1,24,27,51
523.0,2016-10-16 11:20:00,3,0,-3,21,30,51
523.0,2016-10-16 11:23:00,1,2,1,22,29,51
523.0,2016-10-16 11:26:00,0,0,0,22,29,51
523.0,2016-10-16 11:29:00,0,0,0,22,29,51
523.0,2016-10-16 11:32:00,0,0,0,22,29,51
523.0,2016-10-16 11:35:00,0,0,0,22,29,51
523.0,2016-10-16 11:38:00,0,0,0,22,29,51
523.0,2016-10-16 11:41:00,0,0,0,22,29,51
523.0,2016-10-16 11:44:00,1,0,-1,21,30,51
523.0,2016-10-16 11:45:00,2,0,-2,20,31,51
523.0,2016-10-16 11:48:00,1,1,0,20,31,51
523.0,2016-10-16 11:51:00,0,0,0,20,31,51
523.0,2016-10-16 11:54:00,0,1,1,21,30,51
523.0,2016-10-16 11:57:00,0,0,0,21,30,51
523.0,2016-10-16 12:00:00,0,1,1,22,29,51
523.0,2016-10-16 12:03:00,0,0,0,22,29,51
523.0,2016-10-16 12:06:00,0,0,0,22,29,51
523.0,2016-10-16 12:09:00,0,0,0,22,29,51
523.0,2016-10-16 12:12:00,0,0,0,22,29,51
523.0,2016-10-16 12:15:00,0,0,0,22,29,51
523.0,2016-10-16 12:17:00,1,0,-1,32,19,51
523.0,2016-10-16 12:20:00,0,0,0,32,19,51
523.0,2016-10-16 12:23:00,0,0,0,32,19,51
523.0,2016-10-16 12:26:00,2,0,-2,30,21,51
523.0,2016-10-16 12:29:00,1,1,0,30,21,51
523.0,2016-10-16 12:32:00,0,0,0,30,21,51
523.0,2016-10-16 12:35:00,0,0,0,30,21,51
523.0,2016-10-16 12:38:00,0,0,0,30,21,51
523.0,2016-10-16 12:41:00,0,0,0,30,21,51
523.0,2016-10-16 12:44:00,0,1,1,31,20,51
523.0,2016-10-16 12:47:00,1,0,-1,30,21,51
523.0,2016-10-16 12:49:00,0,0,0,30,21,51
523.0,2016-10-16 12:52:00,1,1,0,30,21,51
523.0,2016-10-16 12:55:00,0,0,0,30,21,51
523.0,2016-10-16 12:58:00,0,0,0,30,21,51
523.0,2016-10-16 13:01:00,0,0,0,30,21,51
523.0,2016-10-16 13:04:00,0,0,0,30,21,51
523.0,2016-10-16 13:07:00,0,2,2,32,19,51
523.0,2016-10-16 13:10:00,2,1,-1,31,20,51
523.0,2016-10-16 13:13:00,0,0,0,31,20,51
523.0,2016-10-16 13:16:00,0,0,0,31,20,51
523.0,2016-10-16 13:19:00,0,0,0,31,20,51
523.0,2016-10-16 13:22:00,2,1,-1,30,21,51
523.0,2016-10-16 13:25:00,0,0,0,30,21,51
523.0,2016-10-16 13:27:00,1,0,-1,18,33,51
523.0,2016-10-16 13:30:00,1,0,-1,17,34,51
523.0,2016-10-16 13:33:00,0,0,0,17,34,51
523.0,2016-10-16 13:36:00,0,1,1,18,33,51
523.0,2016-10-16 13:39:00,2,0,-2,16,35,51
523.0,2016-10-16 13:42:00,0,0,0,16,35,51
523.0,2016-10-16 13:45:00,1,0,-1,15,36,51
523.0,2016-10-16 13:48:00,0,0,0,15,36,51
523.0,2016-10-16 13:51:00,0,1,1,16,35,51
523.0,2016-10-16 13:54:00,1,1,0,16,35,51
523.0,2016-10-16 13:57:00,0,3,3,19,32,51
523.0,2016-10-16 14:00:00,0,0,0,19,32,51
523.0,2016-10-16 14:03:00,1,0,-1,18,33,51
523.0,2016-10-16 14:06:00,0,2,2,20,31,51
523.0,2016-10-16 14:09:00,0,0,0,20,31,51
523.0,2016-10-16 14:12:00,1,0,-1,19,32,51
523.0,2016-10-16 14:15:00,0,0,0,19,32,51
523.0,2016-10-16 14:18:00,0,1,1,20,31,51
523.0,2016-10-16 14:21:00,0,0,0,20,31,51
523.0,2016-10-16 14:24:00,0,0,0,20,31,51
523.0,2016-10-16 14:27:00,0,0,0,20,31,51
523.0,2016-10-16 14:30:00,0,0,0,20,31,51
523.0,2016-10-16 14:33:00,2,0,-2,18,33,51
523.0,2016-10-16 14:34:00,2,0,-2,17,34,51
523.0,2016-10-16 14:37:00,1,0,-1,16,35,51
523.0,2016-10-16 14:40:00,2,2,0,16,35,51
523.0,2016-10-16 14:43:00,1,1,0,16,35,51
523.0,2016-10-16 14:46:00,0,0,0,16,35,51
523.0,2016-10-16 14:49:00,0,1,1,17,34,51
523.0,2016-10-16 14:52:00,0,1,1,18,33,51
523.0,2016-10-16 14:55:00,1,4,3,21,30,51
523.0,2016-10-16 14:58:00,1,0,-1,20,31,51
523.0,2016-10-16 15:01:00,0,0,0,20,31,51
523.0,2016-10-16 15:04:00,0,2,2,22,29,51
523.0,2016-10-16 15:07:00,0,0,0,22,29,51
523.0,2016-10-16 15:08:00,0,1,1,23,28,51
523.0,2016-10-16 15:11:00,0,0,0,23,28,51
523.0,2016-10-16 15:14:00,0,0,0,23,28,51
523.0,2016-10-16 15:17:00,0,0,0,23,28,51
523.0,2016-10-16 15:20:00,0,0,0,23,28,51
523.0,2016-10-16 15:23:00,2,0,-2,21,30,51
523.0,2016-10-16 15:26:00,2,0,-2,19,32,51
523.0,2016-10-16 15:29:00,1,0,-1,18,33,51
523.0,2016-10-16 15:32:00,0,0,0,18,33,51
523.0,2016-10-16 15:35:00,0,0,0,18,33,51
523.0,2016-10-16 15:38:00,0,0,0,18,33,51
523.0,2016-10-16 15:41:00,0,0,0,18,33,51
523.0,2016-10-16 15:42:00,0,0,0,17,34,51
523.0,2016-10-16 15:45:00,0,0,0,17,34,51
523.0,2016-10-16 15:48:00,0,0,0,17,34,51
523.0,2016-10-16 15:51:00,0,0,0,17,34,51
523.0,2016-10-16 15:54:00,2,1,-1,16,35,51
523.0,2016-10-16 15:57:00,0,0,0,16,35,51
523.0,2016-10-16 16:00:00,0,0,0,16,35,51
523.0,2016-10-16 16:03:00,1,0,-1,15,36,51
523.0,2016-10-16 16:06:00,1,0,-1,14,37,51
523.0,2016-10-16 16:09:00,0,2,2,16,35,51
523.0,2016-10-16 16:12:00,1,0,-1,15,36,51
523.0,2016-10-16 16:15:00,0,0,0,15,36,51
523.0,2016-10-16 16:16:00,0,1,1,16,35,51
523.0,2016-10-16 16:19:00,0,0,0,16,35,51
523.0,2016-10-16 16:22:00,0,0,0,16,35,51
523.0,2016-10-16 16:25:00,0,4,4,20,31,51
523.0,2016-10-16 16:28:00,1,0,-1,19,32,51
523.0,2016-10-16 16:31:00,1,0,-1,18,33,51
523.0,2016-10-16 16:34:00,0,0,0,18,33,51
523.0,2016-10-16 16:37:00,0,0,0,18,33,51
523.0,2016-10-16 16:40:00,0,0,0,18,33,51
523.0,2016-10-16 16:43:00,0,1,1,19,32,51
523.0,2016-10-16 16:46:00,0,2,2,21,30,51
523.0,2016-10-16 16:49:00,1,2,1,22,29,51
523.0,2016-10-16 16:51:00,0,0,0,22,29,51
523.0,2016-10-16 16:54:00,1,2,1,23,28,51
523.0,2016-10-16 16:57:00,0,2,2,25,26,51
523.0,2016-10-16 17:00:00,1,1,0,25,26,51
523.0,2016-10-16 17:03:00,0,0,0,25,26,51
523.0,2016-10-16 17:06:00,0,0,0,25,26,51
523.0,2016-10-16 17:09:00,1,2,1,26,25,51
523.0,2016-10-16 17:12:00,0,0,0,26,25,51
523.0,2016-10-16 17:15:00,1,0,-1,25,26,51
523.0,2016-10-16 17:18:00,1,1,0,25,26,51
523.0,2016-10-16 17:21:00,0,0,0,25,26,51
523.0,2016-10-16 17:24:00,1,0,-1,24,27,51
523.0,2016-10-16 17:25:00,1,3,2,27,24,51
523.0,2016-10-16 17:28:00,2,0,-2,25,26,51
523.0,2016-10-16 17:31:00,1,0,-1,24,27,51
523.0,2016-10-16 17:34:00,0,0,0,24,27,51
523.0,2016-10-16 17:37:00,0,1,1,25,26,51
523.0,2016-10-16 17:40:00,1,0,-1,24,27,51
523.0,2016-10-16 17:43:00,0,0,0,24,27,51
523.0,2016-10-16 17:46:00,2,3,1,25,26,51
523.0,2016-10-16 17:49:00,1,0,-1,24,27,51
523.0,2016-10-16 17:52:00,3,0,-3,21,30,51
523.0,2016-10-16 17:55:00,0,1,1,22,29,51
523.0,2016-10-16 17:58:00,1,0,-1,21,30,51
523.0,2016-10-16 18:01:00,0,1,1,22,29,51
523.0,2016-10-16 18:04:00,0,0,0,22,29,51
523.0,2016-10-16 18:07:00,0,0,0,22,29,51
523.0,2016-10-16 18:10:00,1,0,-1,21,30,51
523.0,2016-10-16 18:13:00,0,0,0,21,30,51
523.0,2016-10-16 18:16:00,1,0,-1,20,31,51
523.0,2016-10-16 18:19:00,1,0,-1,19,32,51
523.0,2016-10-16 18:22:00,0,0,0,19,32,51
523.0,2016-10-16 18:25:00,1,0,-1,18,33,51
523.0,2016-10-16 18:28:00,0,0,0,18,33,51
523.0,2016-10-16 18:31:00,1,0,-1,17,34,51
523.0,2016-10-16 18:33:00,1,0,-1,16,35,51
523.0,2016-10-16 18:36:00,0,0,0,16,35,51
523.0,2016-10-16 18:39:00,0,0,0,16,35,51
523.0,2016-10-16 18:42:00,0,0,0,16,35,51
523.0,2016-10-16 18:45:00,0,1,1,17,34,51
523.0,2016-10-16 18:48:00,0,1,1,18,33,51
523.0,2016-10-16 18:51:00,0,0,0,18,33,51
523.0,2016-10-16 18:54:00,0,1,1,19,32,51
523.0,2016-10-16 18:57:00,0,1,1,20,31,51
523.0,2016-10-16 19:00:00,1,0,-1,19,32,51
523.0,2016-10-16 19:03:00,0,0,0,19,32,51
523.0,2016-10-16 19:06:00,0,0,0,19,32,51
523.0,2016-10-16 19:09:00,1,0,-1,18,33,51
523.0,2016-10-16 19:12:00,0,0,0,18,33,51
523.0,2016-10-16 19:15:00,0,0,0,18,33,51
523.0,2016-10-16 19:18:00,0,0,0,18,33,51
523.0,2016-10-16 19:21:00,1,0,-1,17,34,51
523.0,2016-10-16 19:24:00,0,0,0,17,34,51
523.0,2016-10-16 19:27:00,0,0,0,17,34,51
523.0,2016-10-16 19:30:00,0,0,0,17,34,51
523.0,2016-10-16 19:33:00,0,0,0,17,34,51
523.0,2016-10-16 19:36:00,0,0,0,17,34,51
523.0,2016-10-16 19:39:00,0,0,0,17,34,51
523.0,2016-10-16 19:42:00,0,2,2,19,32,51
523.0,2016-10-16 19:43:00,0,0,0,18,33,51
523.0,2016-10-16 19:46:00,0,0,0,18,33,51
523.0,2016-10-16 19:49:00,0,1,1,19,32,51
523.0,2016-10-16 19:52:00,0,0,0,19,32,51
523.0,2016-10-16 19:55:00,1,0,-1,18,33,51
523.0,2016-10-16 19:58:00,0,0,0,18,33,51
523.0,2016-10-16 20:01:00,1,0,-1,17,34,51
523.0,2016-10-16 20:04:00,0,0,0,17,34,51
523.0,2016-10-16 20:07:00,0,0,0,17,34,51
523.0,2016-10-16 20:10:00,0,0,0,17,34,51
523.0,2016-10-16 20:13:00,0,0,0,17,34,51
523.0,2016-10-16 20:16:00,0,0,0,18,33,51
523.0,2016-10-16 20:19:00,0,1,1,19,32,51
523.0,2016-10-16 20:22:00,0,1,1,20,31,51
523.0,2016-10-16 20:25:00,0,0,0,20,31,51
523.0,2016-10-16 20:28:00,0,0,0,20,31,51
523.0,2016-10-16 20:31:00,0,1,1,21,30,51
523.0,2016-10-16 20:34:00,0,0,0,21,30,51
523.0,2016-10-16 20:37:00,0,0,0,21,30,51
523.0,2016-10-16 20:40:00,0,0,0,21,30,51
523.0,2016-10-16 20:43:00,0,0,0,21,30,51
523.0,2016-10-16 20:46:00,0,0,0,21,30,51
523.0,2016-10-16 20:48:00,0,0,0,21,30,51
523.0,2016-10-16 20:51:00,1,0,-1,20,31,51
523.0,2016-10-16 20:54:00,0,0,0,20,31,51
523.0,2016-10-16 20:57:00,0,0,0,20,31,51
523.0,2016-10-16 21:00:00,0,1,1,21,30,51
523.0,2016-10-16 21:03:00,0,0,0,21,30,51
523.0,2016-10-16 21:06:00,1,0,-1,20,31,51
523.0,2016-10-16 21:09:00,0,0,0,20,31,51
523.0,2016-10-16 21:12:00,0,0,0,20,31,51
523.0,2016-10-16 21:15:00,0,0,0,20,31,51
523.0,2016-10-16 21:18:00,0,0,0,20,31,51
523.0,2016-10-16 21:21:00,0,0,0,20,31,51
523.0,2016-10-16 21:22:00,0,0,0,20,31,51
523.0,2016-10-16 21:25:00,0,0,0,20,31,51
523.0,2016-10-16 21:28:00,0,0,0,20,31,51
523.0,2016-10-16 21:31:00,0,0,0,20,31,51
523.0,2016-10-16 21:34:00,0,0,0,20,31,51
523.0,2016-10-16 21:37:00,0,0,0,20,31,51
523.0,2016-10-16 21:40:00,0,0,0,20,31,51
523.0,2016-10-16 21:43:00,0,0,0,20,31,51
523.0,2016-10-16 21:46:00,0,0,0,20,31,51
523.0,2016-10-16 21:49:00,1,0,-1,19,32,51
523.0,2016-10-16 21:52:00,1,0,-1,18,33,51
523.0,2016-10-16 21:55:00,0,0,0,17,34,51
523.0,2016-10-16 21:58:00,0,0,0,17,34,51
523.0,2016-10-16 22:01:00,0,0,0,17,34,51
523.0,2016-10-16 22:04:00,0,0,0,17,34,51
523.0,2016-10-16 22:07:00,0,0,0,17,34,51
523.0,2016-10-16 22:10:00,0,0,0,17,34,51
523.0,2016-10-16 22:13:00,0,0,0,17,34,51
523.0,2016-10-16 22:16:00,0,0,0,17,34,51
523.0,2016-10-16 22:19:00,1,0,-1,16,35,51
523.0,2016-10-16 22:22:00,0,0,0,16,35,51
523.0,2016-10-16 22:25:00,0,0,0,16,35,51
523.0,2016-10-16 22:28:00,0,1,1,18,33,51
523.0,2016-10-16 22:31:00,0,0,0,18,33,51
523.0,2016-10-16 22:34:00,0,0,0,18,33,51
523.0,2016-10-16 22:37:00,1,0,-1,17,34,51
523.0,2016-10-16 22:40:00,0,0,0,17,34,51
523.0,2016-10-16 22:43:00,2,0,-2,15,36,51
523.0,2016-10-16 22:46:00,0,0,0,15,36,51
523.0,2016-10-16 22:49:00,0,0,0,15,36,51
523.0,2016-10-16 22:52:00,1,0,-1,14,37,51
523.0,2016-10-16 22:55:00,0,0,0,14,37,51
523.0,2016-10-16 22:58:00,0,0,0,14,37,51
523.0,2016-10-16 23:01:00,0,0,0,14,37,51
523.0,2016-10-16 23:04:00,0,0,0,14,37,51
523.0,2016-10-16 23:07:00,0,0,0,14,37,51
523.0,2016-10-16 23:10:00,0,2,2,16,35,51
523.0,2016-10-16 23:13:00,0,0,0,16,35,51
523.0,2016-10-16 23:16:00,0,0,0,16,35,51
523.0,2016-10-16 23:19:00,0,0,0,16,35,51
523.0,2016-10-16 23:22:00,0,0,0,16,35,51
523.0,2016-10-16 23:25:00,0,0,0,16,35,51
523.0,2016-10-16 23:28:00,0,0,0,16,35,51
523.0,2016-10-16 23:31:00,0,0,0,16,35,51
523.0,2016-10-16 23:33:00,0,0,0,16,35,51
523.0,2016-10-16 23:36:00,0,0,0,16,35,51
523.0,2016-10-16 23:39:00,0,0,0,16,35,51
523.0,2016-10-16 23:42:00,0,0,0,16,35,51
523.0,2016-10-16 23:45:00,0,0,0,16,35,51
523.0,2016-10-16 23:48:00,0,0,0,16,35,51
523.0,2016-10-16 23:51:00,0,0,0,16,35,51
523.0,2016-10-16 23:54:00,0,0,0,16,35,51
523.0,2016-10-16 23:57:00,0,0,0,16,35,51
523.0,2016-10-17 00:00:00,0,0,0,16,35,51
523.0,2016-10-17 00:03:00,0,0,0,16,35,51
523.0,2016-10-17 00:06:00,0,0,0,16,35,51
523.0,2016-10-17 00:09:00,0,0,0,16,35,51
523.0,2016-10-17 00:12:00,0,0,0,16,35,51
523.0,2016-10-17 00:15:00,0,0,0,16,35,51
523.0,2016-10-17 00:18:00,0,0,0,16,35,51
523.0,2016-10-17 00:19:00,0,0,0,21,30,51
523.0,2016-10-17 00:22:00,0,0,0,21,30,51
523.0,2016-10-17 00:25:00,0,0,0,21,30,51
523.0,2016-10-17 00:28:00,0,0,0,21,30,51
523.0,2016-10-17 00:31:00,0,0,0,21,30,51
523.0,2016-10-17 00:34:00,0,1,1,22,29,51
523.0,2016-10-17 00:37:00,0,0,0,22,29,51
523.0,2016-10-17 00:40:00,0,0,0,22,29,51
523.0,2016-10-17 00:43:00,0,0,0,22,29,51
523.0,2016-10-17 00:46:00,0,0,0,22,29,51
523.0,2016-10-17 00:49:00,0,0,0,22,29,51
523.0,2016-10-17 00:52:00,0,0,0,19,32,51
523.0,2016-10-17 00:55:00,0,0,0,19,32,51
523.0,2016-10-17 00:58:00,0,0,0,19,32,51
523.0,2016-10-17 01:01:00,0,0,0,19,32,51
523.0,2016-10-17 01:04:00,0,0,0,19,32,51
523.0,2016-10-17 01:07:00,0,0,0,19,32,51
523.0,2016-10-17 01:10:00,0,0,0,19,32,51
523.0,2016-10-17 01:11:00,0,0,0,17,34,51
523.0,2016-10-17 01:14:00,0,0,0,17,34,51
523.0,2016-10-17 01:17:00,1,0,-1,16,35,51
523.0,2016-10-17 01:20:00,0,0,0,16,35,51
523.0,2016-10-17 01:23:00,0,0,0,16,35,51
523.0,2016-10-17 01:26:00,0,0,0,16,35,51
523.0,2016-10-17 01:29:00,0,0,0,16,35,51
523.0,2016-10-17 01:32:00,0,0,0,16,35,51
523.0,2016-10-17 01:35:00,0,0,0,16,35,51
523.0,2016-10-17 01:38:00,0,0,0,16,35,51
523.0,2016-10-17 01:41:00,0,0,0,16,35,51
523.0,2016-10-17 01:42:00,0,0,0,16,35,51
523.0,2016-10-17 01:45:00,0,0,0,16,35,51
523.0,2016-10-17 01:48:00,0,0,0,16,35,51
523.0,2016-10-17 01:51:00,0,0,0,16,35,51
523.0,2016-10-17 01:54:00,0,0,0,16,35,51
523.0,2016-10-17 01:57:00,0,0,0,16,35,51
523.0,2016-10-17 02:00:00,0,0,0,16,35,51
523.0,2016-10-17 02:03:00,0,0,0,16,35,51
523.0,2016-10-17 02:06:00,4,2,-2,14,37,51
523.0,2016-10-17 02:09:00,0,0,0,14,37,51
523.0,2016-10-17 02:12:00,0,0,0,14,37,51
523.0,2016-10-17 02:14:00,0,0,0,14,37,51
523.0,2016-10-17 02:17:00,0,0,0,14,37,51
523.0,2016-10-17 02:20:00,0,0,0,14,37,51
523.0,2016-10-17 02:23:00,0,0,0,14,37,51
523.0,2016-10-17 02:26:00,0,0,0,14,37,51
523.0,2016-10-17 02:29:00,0,0,0,14,37,51
523.0,2016-10-17 02:32:00,0,0,0,14,37,51
523.0,2016-10-17 02:35:00,0,0,0,14,37,51
523.0,2016-10-17 02:38:00,0,0,0,14,37,51
523.0,2016-10-17 02:41:00,0,0,0,14,37,51
523.0,2016-10-17 02:44:00,0,0,0,14,37,51
523.0,2016-10-17 02:46:00,0,0,0,14,37,51
523.0,2016-10-17 02:49:00,0,0,0,14,37,51
523.0,2016-10-17 02:52:00,0,0,0,14,37,51
523.0,2016-10-17 02:55:00,0,0,0,14,37,51
523.0,2016-10-17 02:58:00,0,0,0,14,37,51
523.0,2016-10-17 03:01:00,0,0,0,14,37,51
523.0,2016-10-17 03:04:00,0,0,0,14,37,51
523.0,2016-10-17 03:07:00,0,0,0,14,37,51
523.0,2016-10-17 03:10:00,0,0,0,14,37,51
523.0,2016-10-17 03:13:00,0,0,0,14,37,51
523.0,2016-10-17 03:16:00,0,0,0,14,37,51
523.0,2016-10-17 03:17:00,0,0,0,14,37,51
523.0,2016-10-17 03:20:00,0,0,0,14,37,51
523.0,2016-10-17 03:23:00,0,0,0,14,37,51
523.0,2016-10-17 03:26:00,0,0,0,14,37,51
523.0,2016-10-17 03:29:00,0,0,0,14,37,51
523.0,2016-10-17 03:32:00,0,0,0,14,37,51
523.0,2016-10-17 03:35:00,0,0,0,14,37,51
523.0,2016-10-17 03:38:00,0,0,0,14,37,51
523.0,2016-10-17 03:41:00,0,0,0,14,37,51
523.0,2016-10-17 03:44:00,0,0,0,14,37,51
523.0,2016-10-17 03:47:00,0,0,0,14,37,51
523.0,2016-10-17 03:50:00,0,0,0,14,37,51
523.0,2016-10-17 03:53:00,0,0,0,14,37,51
523.0,2016-10-17 03:56:00,0,0,0,14,37,51
523.0,2016-10-17 03:58:00,0,0,0,14,37,51
523.0,2016-10-17 04:01:00,0,0,0,14,37,51
523.0,2016-10-17 04:04:00,0,0,0,14,37,51
523.0,2016-10-17 04:07:00,0,0,0,14,37,51
523.0,2016-10-17 04:10:00,0,0,0,14,37,51
523.0,2016-10-17 04:13:00,0,0,0,14,37,51
523.0,2016-10-17 04:16:00,0,0,0,14,37,51
523.0,2016-10-17 04:19:00,0,0,0,14,37,51
523.0,2016-10-17 04:22:00,0,0,0,14,37,51
523.0,2016-10-17 04:25:00,0,0,0,14,37,51
523.0,2016-10-17 04:28:00,0,0,0,14,37,51
523.0,2016-10-17 04:29:00,0,0,0,14,37,51
523.0,2016-10-17 04:32:00,0,0,0,14,37,51
523.0,2016-10-17 04:35:00,0,0,0,14,37,51
523.0,2016-10-17 04:38:00,0,0,0,14,37,51
523.0,2016-10-17 04:41:00,0,0,0,14,37,51
523.0,2016-10-17 04:44:00,0,0,0,14,37,51
523.0,2016-10-17 04:47:00,0,0,0,14,37,51
523.0,2016-10-17 04:50:00,0,0,0,14,37,51
523.0,2016-10-17 04:53:00,0,0,0,14,37,51
523.0,2016-10-17 04:56:00,0,0,0,14,37,51
523.0,2016-10-17 04:59:00,1,0,-1,13,38,51
523.0,2016-10-17 05:01:00,1,2,1,14,37,51
523.0,2016-10-17 05:04:00,0,0,0,14,37,51
523.0,2016-10-17 05:07:00,0,0,0,14,37,51
523.0,2016-10-17 05:10:00,0,0,0,14,37,51
523.0,2016-10-17 05:13:00,0,0,0,14,37,51
523.0,2016-10-17 05:16:00,0,0,0,14,37,51
523.0,2016-10-17 05:19:00,0,0,0,14,37,51
523.0,2016-10-17 05:22:00,0,0,0,14,37,51
523.0,2016-10-17 05:25:00,0,0,0,14,37,51
523.0,2016-10-17 05:28:00,0,0,0,14,37,51
523.0,2016-10-17 05:31:00,0,0,0,14,37,51
523.0,2016-10-17 05:33:00,1,0,-1,14,37,51
523.0,2016-10-17 05:36:00,1,0,-1,13,38,51
523.0,2016-10-17 05:39:00,0,0,0,13,38,51
523.0,2016-10-17 05:42:00,0,0,0,13,38,51
523.0,2016-10-17 05:45:00,0,0,0,13,38,51
523.0,2016-10-17 05:48:00,1,1,0,13,38,51
523.0,2016-10-17 05:51:00,1,0,-1,12,39,51
523.0,2016-10-17 05:54:00,0,0,0,12,39,51
523.0,2016-10-17 05:57:00,0,0,0,12,39,51
523.0,2016-10-17 06:00:00,1,1,0,12,39,51
523.0,2016-10-17 06:03:00,1,0,-1,11,40,51
523.0,2016-10-17 06:06:00,0,0,0,11,40,51
523.0,2016-10-17 06:07:00,0,0,0,11,40,51
523.0,2016-10-17 06:10:00,0,0,0,11,40,51
523.0,2016-10-17 06:13:00,2,0,-2,9,42,51
523.0,2016-10-17 06:16:00,1,1,0,9,42,51
523.0,2016-10-17 06:19:00,2,0,-2,7,44,51
523.0,2016-10-17 06:22:00,0,0,0,7,44,51
523.0,2016-10-17 06:25:00,2,0,-2,5,46,51
523.0,2016-10-17 06:28:00,2,0,-2,3,48,51
523.0,2016-10-17 06:31:00,1,0,-1,2,49,51
523.0,2016-10-17 06:34:00,2,1,-1,1,50,51
523.0,2016-10-17 06:37:00,0,1,1,2,49,51
523.0,2016-10-17 06:40:00,0,0,0,2,49,51
523.0,2016-10-17 06:41:00,1,0,-1,1,50,51
523.0,2016-10-17 06:44:00,0,0,0,1,50,51
523.0,2016-10-17 06:47:00,1,0,-1,0,51,51
523.0,2016-10-17 06:50:00,0,0,0,0,51,51
523.0,2016-10-17 06:53:00,0,0,0,0,51,51
523.0,2016-10-17 06:56:00,0,0,0,0,51,51
523.0,2016-10-17 06:59:00,0,0,0,0,51,51
523.0,2016-10-17 07:02:00,0,0,0,0,51,51
523.0,2016-10-17 07:05:00,0,0,0,0,51,51
523.0,2016-10-17 07:08:00,0,0,0,0,51,51
523.0,2016-10-17 07:11:00,0,0,0,0,51,51
523.0,2016-10-17 07:12:00,0,0,0,0,51,51
523.0,2016-10-17 07:15:00,0,0,0,0,51,51
523.0,2016-10-17 07:18:00,0,0,0,0,51,51
523.0,2016-10-17 07:21:00,0,0,0,0,51,51
523.0,2016-10-17 07:24:00,0,0,0,0,51,51
523.0,2016-10-17 07:27:00,0,0,0,0,51,51
523.0,2016-10-17 07:30:00,0,0,0,0,51,51
523.0,2016-10-17 07:33:00,0,0,0,0,51,51
523.0,2016-10-17 07:36:00,0,1,1,1,50,51
523.0,2016-10-17 07:39:00,1,0,-1,0,51,51
523.0,2016-10-17 07:42:00,0,0,0,0,51,51
523.0,2016-10-17 07:45:00,0,0,0,0,51,51
523.0,2016-10-17 07:48:00,0,0,0,0,51,51
523.0,2016-10-17 07:51:00,0,0,0,0,51,51
523.0,2016-10-17 07:54:00,0,0,0,0,51,51
523.0,2016-10-17 07:55:00,0,0,0,0,51,51
523.0,2016-10-17 07:58:00,0,1,1,1,50,51
523.0,2016-10-17 08:01:00,0,1,1,2,49,51
523.0,2016-10-17 08:04:00,0,1,1,3,48,51
523.0,2016-10-17 08:07:00,1,2,1,4,47,51
523.0,2016-10-17 08:10:00,2,1,-1,3,48,51
523.0,2016-10-17 08:13:00,2,1,-1,2,49,51
523.0,2016-10-17 08:16:00,2,1,-1,1,50,51
523.0,2016-10-17 08:19:00,0,0,0,1,50,51
523.0,2016-10-17 08:22:00,2,3,1,2,49,51
523.0,2016-10-17 08:25:00,1,0,-1,1,50,51
523.0,2016-10-17 08:28:00,0,1,1,2,49,51
523.0,2016-10-17 08:31:00,3,3,0,2,49,51
523.0,2016-10-17 08:34:00,1,1,0,2,49,51
523.0,2016-10-17 08:37:00,6,4,-2,0,51,51
523.0,2016-10-17 08:40:00,1,0,-1,0,51,51
523.0,2016-10-17 08:43:00,1,3,2,2,49,51
523.0,2016-10-17 08:46:00,3,3,0,2,49,51
523.0,2016-10-17 08:49:00,1,3,2,4,47,51
523.0,2016-10-17 08:52:00,2,2,0,4,47,51
523.0,2016-10-17 08:55:00,3,2,-1,3,48,51
523.0,2016-10-17 08:58:00,4,5,1,4,47,51
523.0,2016-10-17 09:01:00,3,3,0,4,47,51
523.0,2016-10-17 09:04:00,6,3,-3,1,50,51
523.0,2016-10-17 09:06:00,3,4,1,1,50,51
523.0,2016-10-17 09:09:00,2,1,-1,0,51,51
523.0,2016-10-17 09:12:00,3,1,-2,0,51,51
523.0,2016-10-17 09:15:00,1,1,0,0,51,51
523.0,2016-10-17 09:18:00,1,1,0,0,51,51
523.0,2016-10-17 09:21:00,0,1,1,1,50,51
523.0,2016-10-17 09:24:00,1,3,2,3,48,51
523.0,2016-10-17 09:27:00,0,2,2,5,46,51
523.0,2016-10-17 09:30:00,4,4,0,5,46,51
523.0,2016-10-17 09:33:00,2,1,-1,4,47,51
523.0,2016-10-17 09:36:00,1,1,0,4,47,51
523.0,2016-10-17 09:39:00,3,3,0,4,47,51
523.0,2016-10-17 09:41:00,3,2,-1,2,49,51
523.0,2016-10-17 09:44:00,3,1,-2,0,51,51
523.0,2016-10-17 09:47:00,1,1,0,0,51,51
523.0,2016-10-17 09:50:00,0,0,0,0,51,51
523.0,2016-10-17 09:53:00,0,0,0,0,51,51
523.0,2016-10-17 09:56:00,0,2,2,2,49,51
523.0,2016-10-17 09:59:00,0,0,0,2,49,51
523.0,2016-10-17 10:02:00,2,3,1,3,48,51
523.0,2016-10-17 10:05:00,1,0,-1,2,49,51
523.0,2016-10-17 10:08:00,2,0,-2,0,51,51
523.0,2016-10-17 10:11:00,0,0,0,0,51,51
523.0,2016-10-17 10:12:00,0,1,1,1,50,51
523.0,2016-10-17 10:15:00,1,1,0,1,50,51
523.0,2016-10-17 10:18:00,0,2,2,3,48,51
523.0,2016-10-17 10:21:00,1,0,-1,2,49,51
523.0,2016-10-17 10:24:00,0,0,0,2,49,51
523.0,2016-10-17 10:27:00,0,0,0,2,49,51
523.0,2016-10-17 10:30:00,1,0,-1,1,50,51
523.0,2016-10-17 10:33:00,0,0,0,1,50,51
523.0,2016-10-17 10:36:00,1,0,-1,0,51,51
523.0,2016-10-17 10:39:00,0,2,2,2,49,51
523.0,2016-10-17 10:42:00,1,0,-1,1,50,51
523.0,2016-10-17 10:45:00,1,0,-1,0,51,51
523.0,2016-10-17 10:47:00,1,0,-1,0,51,51
523.0,2016-10-17 10:50:00,0,0,0,0,51,51
523.0,2016-10-17 10:53:00,0,1,1,1,50,51
523.0,2016-10-17 10:56:00,0,0,0,1,50,51
523.0,2016-10-17 10:59:00,0,1,1,2,49,51
523.0,2016-10-17 11:02:00,2,0,-2,0,51,51
523.0,2016-10-17 11:05:00,0,2,2,2,49,51
523.0,2016-10-17 11:08:00,1,0,-1,1,50,51
523.0,2016-10-17 11:11:00,1,0,-1,0,51,51
523.0,2016-10-17 11:14:00,0,1,1,1,50,51
523.0,2016-10-17 11:17:00,0,0,0,1,50,51
523.0,2016-10-17 11:20:00,1,2,1,2,49,51
523.0,2016-10-17 11:21:00,1,2,1,1,50,51
523.0,2016-10-17 11:24:00,0,0,0,1,50,51
523.0,2016-10-17 11:27:00,0,0,0,1,50,51
523.0,2016-10-17 11:30:00,2,1,-1,0,51,51
523.0,2016-10-17 11:33:00,0,2,2,2,49,51
523.0,2016-10-17 11:36:00,0,1,1,3,48,51
523.0,2016-10-17 11:39:00,1,0,-1,2,49,51
523.0,2016-10-17 11:42:00,0,0,0,2,49,51
523.0,2016-10-17 11:45:00,0,2,2,4,47,51
523.0,2016-10-17 11:48:00,0,0,0,4,47,51
523.0,2016-10-17 11:51:00,0,0,0,4,47,51
523.0,2016-10-17 11:54:00,1,0,-1,3,48,51
523.0,2016-10-17 11:55:00,0,0,0,4,47,51
523.0,2016-10-17 11:58:00,1,2,1,5,46,51
523.0,2016-10-17 12:01:00,0,1,1,6,45,51
523.0,2016-10-17 12:04:00,2,0,-2,4,47,51
523.0,2016-10-17 12:06:00,0,1,1,17,34,51
523.0,2016-10-17 12:09:00,0,1,1,18,33,51
523.0,2016-10-17 12:12:00,1,1,0,18,33,51
523.0,2016-10-17 12:15:00,1,1,0,18,33,51
523.0,2016-10-17 12:18:00,0,0,0,18,33,51
523.0,2016-10-17 12:21:00,1,3,2,20,31,51
523.0,2016-10-17 12:24:00,4,3,-1,19,32,51
523.0,2016-10-17 12:27:00,0,0,0,19,32,51
523.0,2016-10-17 12:30:00,1,1,0,19,32,51
523.0,2016-10-17 12:33:00,2,0,-2,17,34,51
523.0,2016-10-17 12:36:00,1,1,0,17,34,51
523.0,2016-10-17 12:38:00,0,0,0,17,34,51
523.0,2016-10-17 12:41:00,0,0,0,17,34,51
523.0,2016-10-17 12:44:00,0,1,1,18,33,51
523.0,2016-10-17 12:47:00,0,0,0,18,33,51
523.0,2016-10-17 12:50:00,0,1,1,19,32,51
523.0,2016-10-17 12:53:00,3,0,-3,16,35,51
523.0,2016-10-17 12:56:00,2,1,-1,15,36,51
523.0,2016-10-17 12:59:00,2,1,-1,14,37,51
523.0,2016-10-17 13:02:00,1,1,0,14,37,51
523.0,2016-10-17 13:05:00,1,0,-1,13,38,51
523.0,2016-10-17 13:08:00,0,0,0,13,38,51
523.0,2016-10-17 13:09:00,0,0,0,1,50,51
523.0,2016-10-17 13:12:00,0,0,0,1,50,51
523.0,2016-10-17 13:15:00,0,1,1,2,49,51
523.0,2016-10-17 13:18:00,1,1,0,2,49,51
523.0,2016-10-17 13:21:00,1,1,0,2,49,51
523.0,2016-10-17 13:24:00,2,1,-1,1,50,51
523.0,2016-10-17 13:27:00,0,0,0,1,50,51
523.0,2016-10-17 13:30:00,1,1,0,1,50,51
523.0,2016-10-17 13:33:00,1,0,-1,0,51,51
523.0,2016-10-17 13:36:00,1,1,0,0,51,51
523.0,2016-10-17 13:39:00,0,2,2,2,49,51
523.0,2016-10-17 13:42:00,1,0,-1,1,50,51
523.0,2016-10-17 13:44:00,1,1,0,1,50,51
523.0,2016-10-17 13:47:00,1,1,0,1,50,51
523.0,2016-10-17 13:50:00,1,1,0,1,50,51
523.0,2016-10-17 13:53:00,0,0,0,1,50,51
523.0,2016-10-17 13:56:00,0,0,0,1,50,51
523.0,2016-10-17 13:59:00,1,3,2,3,48,51
523.0,2016-10-17 14:02:00,1,0,-1,2,49,51
523.0,2016-10-17 14:05:00,0,0,0,2,49,51
523.0,2016-10-17 14:08:00,0,1,1,3,48,51
523.0,2016-10-17 14:11:00,0,2,2,5,46,51
523.0,2016-10-17 14:14:00,1,1,0,5,46,51
523.0,2016-10-17 14:17:00,4,0,-4,1,50,51
523.0,2016-10-17 14:19:00,0,2,2,3,48,51
523.0,2016-10-17 14:22:00,0,1,1,4,47,51
523.0,2016-10-17 14:25:00,0,0,0,4,47,51
523.0,2016-10-17 14:28:00,1,0,-1,3,48,51
523.0,2016-10-17 14:31:00,0,1,1,4,47,51
523.0,2016-10-17 14:34:00,0,2,2,6,45,51
523.0,2016-10-17 14:37:00,0,1,1,7,44,51
523.0,2016-10-17 14:40:00,0,0,0,7,44,51
523.0,2016-10-17 14:43:00,0,0,0,7,44,51
523.0,2016-10-17 14:46:00,3,1,-2,5,46,51
523.0,2016-10-17 14:49:00,0,2,2,7,44,51
523.0,2016-10-17 14:52:00,0,1,1,8,43,51
523.0,2016-10-17 14:55:00,1,0,-1,7,44,51
523.0,2016-10-17 14:58:00,1,0,-1,6,45,51
523.0,2016-10-17 15:01:00,0,1,1,7,44,51
523.0,2016-10-17 15:04:00,0,1,1,8,43,51
523.0,2016-10-17 15:07:00,0,0,0,8,43,51
523.0,2016-10-17 15:10:00,1,0,-1,7,44,51
523.0,2016-10-17 15:13:00,0,2,2,9,42,51
523.0,2016-10-17 15:16:00,1,1,0,9,42,51
523.0,2016-10-17 15:19:00,2,2,0,9,42,51
523.0,2016-10-17 15:22:00,0,0,0,9,42,51
523.0,2016-10-17 15:25:00,0,1,1,10,41,51
523.0,2016-10-17 15:28:00,0,0,0,10,41,51
523.0,2016-10-17 15:31:00,0,0,0,10,41,51
523.0,2016-10-17 15:32:00,0,0,0,10,41,51
523.0,2016-10-17 15:35:00,0,1,1,11,40,51
523.0,2016-10-17 15:38:00,3,4,1,12,39,51
523.0,2016-10-17 15:41:00,3,0,-3,9,42,51
523.0,2016-10-17 15:44:00,3,1,-2,7,44,51
523.0,2016-10-17 15:47:00,3,1,-2,5,46,51
523.0,2016-10-17 15:50:00,3,0,-3,2,49,51
523.0,2016-10-17 15:53:00,1,2,1,3,48,51
523.0,2016-10-17 15:56:00,2,4,2,5,46,51
523.0,2016-10-17 15:59:00,0,1,1,6,45,51
523.0,2016-10-17 16:02:00,0,5,5,11,40,51
523.0,2016-10-17 16:05:00,1,0,-1,10,41,51
523.0,2016-10-17 16:08:00,2,1,-1,9,42,51
523.0,2016-10-17 16:11:00,1,1,0,9,42,51
523.0,2016-10-17 16:14:00,0,3,3,12,39,51
523.0,2016-10-17 16:17:00,1,2,1,13,38,51
523.0,2016-10-17 16:20:00,0,0,0,13,38,51
523.0,2016-10-17 16:23:00,0,4,4,17,34,51
523.0,2016-10-17 16:26:00,1,0,-1,16,35,51
523.0,2016-10-17 16:29:00,0,0,0,16,35,51
523.0,2016-10-17 16:32:00,1,1,0,16,35,51
523.0,2016-10-17 16:35:00,1,5,4,20,31,51
523.0,2016-10-17 16:38:00,0,0,0,20,31,51
523.0,2016-10-17 16:41:00,1,2,1,21,30,51
523.0,2016-10-17 16:44:00,2,6,4,25,26,51
523.0,2016-10-17 16:45:00,2,5,3,25,26,51
523.0,2016-10-17 16:48:00,1,3,2,27,24,51
523.0,2016-10-17 16:51:00,1,3,2,29,22,51
523.0,2016-10-17 16:54:00,1,0,-1,28,23,51
523.0,2016-10-17 16:57:00,1,3,2,30,21,51
523.0,2016-10-17 17:00:00,4,3,-1,29,22,51
523.0,2016-10-17 17:03:00,4,3,-1,28,23,51
523.0,2016-10-17 17:06:00,2,1,-1,27,24,51
523.0,2016-10-17 17:09:00,1,1,0,27,24,51
523.0,2016-10-17 17:12:00,2,4,2,29,22,51
523.0,2016-10-17 17:15:00,0,4,4,33,18,51
523.0,2016-10-17 17:18:00,1,2,1,34,17,51
523.0,2016-10-17 17:21:00,2,4,2,36,15,51
523.0,2016-10-17 17:22:00,2,3,1,36,15,51
523.0,2016-10-17 17:25:00,1,0,-1,35,16,51
523.0,2016-10-17 17:28:00,0,3,3,38,13,51
523.0,2016-10-17 17:31:00,5,4,-1,37,14,51
523.0,2016-10-17 17:34:00,2,5,3,40,11,51
523.0,2016-10-17 17:37:00,3,4,1,41,10,51
523.0,2016-10-17 17:40:00,4,3,-1,40,11,51
523.0,2016-10-17 17:43:00,2,3,1,41,10,51
523.0,2016-10-17 17:46:00,5,1,-4,37,14,51
523.0,2016-10-17 17:49:00,2,4,2,39,12,51
523.0,2016-10-17 17:52:00,6,3,-3,36,15,51
523.0,2016-10-17 17:55:00,6,5,-1,35,16,51
523.0,2016-10-17 17:58:00,3,2,-1,34,17,51
523.0,2016-10-17 17:59:00,4,3,-1,35,16,51
523.0,2016-10-17 18:02:00,2,3,1,36,15,51
523.0,2016-10-17 18:05:00,3,4,1,37,14,51
523.0,2016-10-17 18:08:00,2,1,-1,36,15,51
523.0,2016-10-17 18:11:00,6,1,-5,31,20,51
523.0,2016-10-17 18:14:00,5,0,-5,26,25,51
523.0,2016-10-17 18:17:00,4,3,-1,25,26,51
523.0,2016-10-17 18:20:00,2,4,2,27,24,51
523.0,2016-10-17 18:23:00,2,3,1,28,23,51
523.0,2016-10-17 18:26:00,4,5,1,29,22,51
523.0,2016-10-17 18:29:00,3,3,0,29,22,51
523.0,2016-10-17 18:32:00,2,0,-2,27,24,51
523.0,2016-10-17 18:35:00,2,2,0,27,24,51
523.0,2016-10-17 18:36:00,5,2,-3,22,29,51
523.0,2016-10-17 18:39:00,2,4,2,24,27,51
523.0,2016-10-17 18:42:00,3,0,-3,21,30,51
523.0,2016-10-17 18:45:00,3,3,0,21,30,51
523.0,2016-10-17 18:48:00,1,3,2,23,28,51
523.0,2016-10-17 18:51:00,0,1,1,24,27,51
523.0,2016-10-17 18:54:00,3,1,-2,22,29,51
523.0,2016-10-17 18:57:00,1,2,1,23,28,51
523.0,2016-10-17 19:00:00,1,1,0,23,28,51
523.0,2016-10-17 19:03:00,1,1,0,23,28,51
523.0,2016-10-17 19:06:00,1,1,0,23,28,51
523.0,2016-10-17 19:09:00,2,2,0,23,28,51
523.0,2016-10-17 19:11:00,3,3,0,24,27,51
523.0,2016-10-17 19:14:00,2,3,1,25,26,51
523.0,2016-10-17 19:17:00,1,1,0,25,26,51
523.0,2016-10-17 19:20:00,1,2,1,26,25,51
523.0,2016-10-17 19:23:00,0,0,0,26,25,51
523.0,2016-10-17 19:26:00,1,1,0,26,25,51
523.0,2016-10-17 19:29:00,1,2,1,27,24,51
523.0,2016-10-17 19:32:00,3,1,-2,25,26,51
523.0,2016-10-17 19:35:00,3,0,-3,22,29,51
523.0,2016-10-17 19:38:00,2,0,-2,20,31,51
523.0,2016-10-17 19:41:00,1,1,0,20,31,51
523.0,2016-10-17 19:44:00,1,2,1,21,30,51
523.0,2016-10-17 19:47:00,1,1,0,21,30,51
523.0,2016-10-17 19:48:00,0,1,1,24,27,51
523.0,2016-10-17 19:51:00,2,1,-1,23,28,51
523.0,2016-10-17 19:54:00,2,1,-1,22,29,51
523.0,2016-10-17 19:57:00,3,0,-3,19,32,51
523.0,2016-10-17 20:00:00,1,2,1,20,31,51
523.0,2016-10-17 20:03:00,3,0,-3,17,34,51
523.0,2016-10-17 20:06:00,0,0,0,17,34,51
523.0,2016-10-17 20:09:00,0,0,0,17,34,51
523.0,2016-10-17 20:12:00,1,1,0,17,34,51
523.0,2016-10-17 20:15:00,0,1,1,18,33,51
523.0,2016-10-17 20:18:00,0,1,1,19,32,51
523.0,2016-10-17 20:19:00,0,1,1,18,33,51
523.0,2016-10-17 20:22:00,0,1,1,19,32,51
523.0,2016-10-17 20:25:00,1,2,1,20,31,51
523.0,2016-10-17 20:28:00,1,0,-1,19,32,51
523.0,2016-10-17 20:31:00,1,0,-1,18,33,51
523.0,2016-10-17 20:34:00,1,1,0,18,33,51
523.0,2016-10-17 20:37:00,1,0,-1,17,34,51
523.0,2016-10-17 20:40:00,0,0,0,17,34,51
523.0,2016-10-17 20:43:00,0,0,0,17,34,51
523.0,2016-10-17 20:46:00,0,0,0,17,34,51
523.0,2016-10-17 20:49:00,0,0,0,17,34,51
523.0,2016-10-17 20:52:00,1,0,-1,16,35,51
523.0,2016-10-17 20:53:00,1,1,0,17,34,51
523.0,2016-10-17 20:56:00,0,3,3,20,31,51
523.0,2016-10-17 20:59:00,0,1,1,21,30,51
523.0,2016-10-17 21:02:00,1,0,-1,20,31,51
523.0,2016-10-17 21:05:00,0,1,1,21,30,51
523.0,2016-10-17 21:08:00,2,0,-2,19,32,51
523.0,2016-10-17 21:11:00,1,0,-1,18,33,51
523.0,2016-10-17 21:14:00,0,1,1,19,32,51
523.0,2016-10-17 21:17:00,0,0,0,19,32,51
523.0,2016-10-17 21:20:00,0,0,0,19,32,51
523.0,2016-10-17 21:23:00,0,0,0,19,32,51
523.0,2016-10-17 21:26:00,0,0,0,19,32,51
523.0,2016-10-17 21:27:00,0,0,0,18,33,51
523.0,2016-10-17 21:30:00,1,0,-1,17,34,51
523.0,2016-10-17 21:33:00,0,0,0,17,34,51
523.0,2016-10-17 21:36:00,0,0,0,17,34,51
523.0,2016-10-17 21:39:00,0,0,0,17,34,51
523.0,2016-10-17 21:42:00,1,0,-1,16,35,51
523.0,2016-10-17 21:45:00,1,0,-1,15,36,51
523.0,2016-10-17 21:48:00,0,0,0,15,36,51
523.0,2016-10-17 21:51:00,0,0,0,15,36,51
523.0,2016-10-17 21:54:00,1,1,0,15,36,51
523.0,2016-10-17 21:57:00,1,0,-1,14,37,51
523.0,2016-10-17 22:00:00,0,0,0,14,37,51
523.0,2016-10-17 22:03:00,2,0,-2,12,39,51
523.0,2016-10-17 22:06:00,0,0,0,12,39,51
523.0,2016-10-17 22:09:00,1,0,-1,11,40,51
523.0,2016-10-17 22:12:00,3,0,-3,8,43,51
523.0,2016-10-17 22:15:00,1,0,-1,7,44,51
523.0,2016-10-17 22:18:00,1,1,0,7,44,51
523.0,2016-10-17 22:21:00,0,0,0,7,44,51
523.0,2016-10-17 22:24:00,1,0,-1,6,45,51
523.0,2016-10-17 22:27:00,0,1,1,7,44,51
523.0,2016-10-17 22:30:00,0,0,0,7,44,51
523.0,2016-10-17 22:33:00,0,1,1,8,43,51
523.0,2016-10-17 22:34:00,1,0,-1,7,44,51
523.0,2016-10-17 22:37:00,0,3,3,10,41,51
523.0,2016-10-17 22:40:00,2,0,-2,8,43,51
523.0,2016-10-17 22:43:00,0,0,0,8,43,51
523.0,2016-10-17 22:46:00,0,0,0,8,43,51
523.0,2016-10-17 22:49:00,1,0,-1,7,44,51
523.0,2016-10-17 22:52:00,0,0,0,7,44,51
523.0,2016-10-17 22:55:00,2,0,-2,5,46,51
523.0,2016-10-17 22:58:00,0,4,4,9,42,51
523.0,2016-10-17 23:01:00,0,1,1,10,41,51
523.0,2016-10-17 23:04:00,0,0,0,10,41,51
523.0,2016-10-17 23:07:00,0,0,0,10,41,51
523.0,2016-10-17 23:08:00,0,1,1,11,40,51
523.0,2016-10-17 23:11:00,0,0,0,11,40,51
523.0,2016-10-17 23:14:00,0,0,0,11,40,51
523.0,2016-10-17 23:17:00,0,0,0,11,40,51
523.0,2016-10-17 23:20:00,0,0,0,11,40,51
523.0,2016-10-17 23:23:00,0,0,0,11,40,51
523.0,2016-10-17 23:26:00,0,0,0,11,40,51
523.0,2016-10-17 23:29:00,1,0,-1,10,41,51
523.0,2016-10-17 23:32:00,0,0,0,10,41,51
523.0,2016-10-17 23:35:00,0,1,1,11,40,51
523.0,2016-10-17 23:38:00,0,0,0,11,40,51
523.0,2016-10-17 23:41:00,0,0,0,11,40,51
523.0,2016-10-17 23:44:00,0,0,0,11,40,51
523.0,2016-10-17 23:47:00,0,0,0,11,40,51
523.0,2016-10-17 23:50:00,0,0,0,11,40,51
523.0,2016-10-17 23:53:00,0,0,0,11,40,51
523.0,2016-10-17 23:56:00,0,0,0,11,40,51
523.0,2016-10-17 23:59:00,0,0,0,11,40,51
523.0,2016-10-18 00:02:00,0,0,0,11,40,51
523.0,2016-10-18 00:05:00,0,0,0,11,40,51
523.0,2016-10-18 00:08:00,0,0,0,11,40,51
523.0,2016-10-18 00:11:00,0,0,0,11,40,51
523.0,2016-10-18 00:14:00,0,0,0,11,40,51
523.0,2016-10-18 00:17:00,0,0,0,11,40,51
523.0,2016-10-18 00:20:00,0,0,0,11,40,51
523.0,2016-10-18 00:23:00,0,0,0,11,40,51
523.0,2016-10-18 00:26:00,1,0,-1,10,41,51
523.0,2016-10-18 00:29:00,0,0,0,10,41,51
523.0,2016-10-18 00:32:00,0,0,0,10,41,51
523.0,2016-10-18 00:34:00,0,0,0,5,46,51
523.0,2016-10-18 00:37:00,0,0,0,5,46,51
523.0,2016-10-18 00:40:00,0,0,0,5,46,51
523.0,2016-10-18 00:43:00,0,0,0,5,46,51
523.0,2016-10-18 00:46:00,0,0,0,5,46,51
523.0,2016-10-18 00:49:00,0,0,0,5,46,51
523.0,2016-10-18 00:52:00,0,0,0,5,46,51
523.0,2016-10-18 00:55:00,0,0,0,5,46,51
523.0,2016-10-18 00:58:00,0,0,0,5,46,51
523.0,2016-10-18 01:01:00,0,0,0,5,46,51
523.0,2016-10-18 01:04:00,0,0,0,5,46,51
523.0,2016-10-18 01:07:00,0,0,0,5,46,51
523.0,2016-10-18 01:10:00,0,0,0,5,46,51
523.0,2016-10-18 01:13:00,0,0,0,5,46,51
523.0,2016-10-18 01:16:00,0,0,0,5,46,51
523.0,2016-10-18 01:19:00,0,2,2,12,39,51
523.0,2016-10-18 01:22:00,0,0,0,12,39,51
523.0,2016-10-18 01:25:00,0,0,0,12,39,51
523.0,2016-10-18 01:28:00,0,0,0,12,39,51
523.0,2016-10-18 01:31:00,0,0,0,12,39,51
523.0,2016-10-18 01:34:00,0,0,0,12,39,51
523.0,2016-10-18 01:37:00,0,0,0,12,39,51
523.0,2016-10-18 01:40:00,0,0,0,12,39,51
523.0,2016-10-18 01:43:00,0,0,0,12,39,51
523.0,2016-10-18 01:46:00,0,0,0,12,39,51
523.0,2016-10-18 01:49:00,0,0,0,12,39,51
523.0,2016-10-18 01:50:00,0,0,0,12,39,51
523.0,2016-10-18 01:53:00,0,0,0,12,39,51
523.0,2016-10-18 01:56:00,0,0,0,12,39,51
523.0,2016-10-18 01:59:00,0,0,0,12,39,51
523.0,2016-10-18 02:02:00,0,0,0,12,39,51
523.0,2016-10-18 02:05:00,0,0,0,12,39,51
523.0,2016-10-18 02:08:00,0,0,0,12,39,51
523.0,2016-10-18 02:11:00,0,0,0,12,39,51
523.0,2016-10-18 02:14:00,0,0,0,12,39,51
523.0,2016-10-18 02:17:00,0,0,0,12,39,51
523.0,2016-10-18 02:20:00,0,0,0,12,39,51
523.0,2016-10-18 02:22:00,0,0,0,12,39,51
523.0,2016-10-18 02:25:00,0,0,0,12,39,51
523.0,2016-10-18 02:28:00,0,0,0,12,39,51
523.0,2016-10-18 02:31:00,0,0,0,12,39,51
523.0,2016-10-18 02:34:00,0,0,0,12,39,51
523.0,2016-10-18 02:37:00,0,0,0,12,39,51
523.0,2016-10-18 02:40:00,0,0,0,12,39,51
523.0,2016-10-18 02:43:00,0,0,0,12,39,51
523.0,2016-10-18 02:46:00,0,0,0,12,39,51
523.0,2016-10-18 02:49:00,0,0,0,12,39,51
523.0,2016-10-18 02:52:00,0,0,0,12,39,51
523.0,2016-10-18 02:53:00,0,0,0,12,39,51
523.0,2016-10-18 02:56:00,0,0,0,12,39,51
523.0,2016-10-18 02:59:00,0,0,0,12,39,51
523.0,2016-10-18 03:02:00,0,0,0,12,39,51
523.0,2016-10-18 03:05:00,0,0,0,12,39,51
523.0,2016-10-18 03:08:00,0,0,0,12,39,51
523.0,2016-10-18 03:11:00,0,0,0,12,39,51
523.0,2016-10-18 03:14:00,0,0,0,12,39,51
523.0,2016-10-18 03:17:00,0,0,0,12,39,51
523.0,2016-10-18 03:20:00,0,0,0,12,39,51
523.0,2016-10-18 03:23:00,0,0,0,12,39,51
523.0,2016-10-18 03:26:00,0,0,0,12,39,51
523.0,2016-10-18 03:29:00,0,0,0,12,39,51
523.0,2016-10-18 03:32:00,0,0,0,12,39,51
523.0,2016-10-18 03:35:00,0,0,0,12,39,51
523.0,2016-10-18 03:38:00,0,0,0,12,39,51
523.0,2016-10-18 03:41:00,0,0,0,12,39,51
523.0,2016-10-18 03:44:00,0,0,0,12,39,51
523.0,2016-10-18 03:47:00,0,0,0,12,39,51
523.0,2016-10-18 03:50:00,0,0,0,12,39,51
523.0,2016-10-18 03:53:00,0,0,0,12,39,51
523.0,2016-10-18 03:56:00,0,0,0,12,39,51
523.0,2016-10-18 03:59:00,0,0,0,12,39,51
523.0,2016-10-18 04:01:00,0,0,0,12,39,51
523.0,2016-10-18 04:04:00,0,0,0,12,39,51
523.0,2016-10-18 04:07:00,0,0,0,12,39,51
523.0,2016-10-18 04:10:00,0,0,0,12,39,51
523.0,2016-10-18 04:13:00,0,0,0,12,39,51
523.0,2016-10-18 04:16:00,0,0,0,12,39,51
523.0,2016-10-18 04:19:00,0,0,0,12,39,51
523.0,2016-10-18 04:22:00,0,0,0,12,39,51
523.0,2016-10-18 04:25:00,0,0,0,12,39,51
523.0,2016-10-18 04:28:00,0,0,0,12,39,51
523.0,2016-10-18 04:31:00,0,0,0,12,39,51
523.0,2016-10-18 04:32:00,0,0,0,12,39,51
523.0,2016-10-18 04:35:00,0,0,0,12,39,51
523.0,2016-10-18 04:38:00,0,0,0,12,39,51
523.0,2016-10-18 04:41:00,0,0,0,12,39,51
523.0,2016-10-18 04:44:00,0,0,0,12,39,51
523.0,2016-10-18 04:47:00,0,0,0,12,39,51
523.0,2016-10-18 04:50:00,0,1,1,13,38,51
523.0,2016-10-18 04:53:00,0,0,0,13,38,51
523.0,2016-10-18 04:56:00,0,0,0,13,38,51
523.0,2016-10-18 04:59:00,0,0,0,13,38,51
523.0,2016-10-18 05:02:00,0,0,0,13,38,51
523.0,2016-10-18 05:04:00,0,0,0,13,38,51
523.0,2016-10-18 05:07:00,0,0,0,13,38,51
523.0,2016-10-18 05:10:00,0,0,0,13,38,51
523.0,2016-10-18 05:13:00,0,0,0,13,38,51
523.0,2016-10-18 05:16:00,0,0,0,13,38,51
523.0,2016-10-18 05:19:00,0,0,0,13,38,51
523.0,2016-10-18 05:22:00,0,0,0,13,38,51
523.0,2016-10-18 05:25:00,0,0,0,13,38,51
523.0,2016-10-18 05:28:00,0,0,0,13,38,51
523.0,2016-10-18 05:31:00,0,0,0,13,38,51
523.0,2016-10-18 05:34:00,0,0,0,13,38,51
523.0,2016-10-18 05:36:00,0,0,0,13,38,51
523.0,2016-10-18 05:39:00,0,0,0,13,38,51
523.0,2016-10-18 05:42:00,0,0,0,13,38,51
523.0,2016-10-18 05:45:00,0,0,0,13,38,51
523.0,2016-10-18 05:48:00,0,0,0,13,38,51
523.0,2016-10-18 05:51:00,1,0,-1,12,39,51
523.0,2016-10-18 05:54:00,0,0,0,12,39,51
523.0,2016-10-18 05:57:00,0,0,0,12,39,51
523.0,2016-10-18 06:00:00,0,0,0,12,39,51
523.0,2016-10-18 06:03:00,0,0,0,12,39,51
523.0,2016-10-18 06:06:00,0,0,0,12,39,51
523.0,2016-10-18 06:09:00,1,0,-1,11,40,51
523.0,2016-10-18 06:10:00,1,0,-1,11,40,51
523.0,2016-10-18 06:13:00,0,0,0,11,40,51
523.0,2016-10-18 06:16:00,1,0,-1,10,41,51
523.0,2016-10-18 06:19:00,1,0,-1,9,42,51
523.0,2016-10-18 06:22:00,0,0,0,9,42,51
523.0,2016-10-18 06:25:00,0,0,0,9,42,51
523.0,2016-10-18 06:28:00,2,0,-2,7,44,51
523.0,2016-10-18 06:31:00,1,0,-1,6,45,51
523.0,2016-10-18 06:34:00,1,0,-1,5,46,51
523.0,2016-10-18 06:37:00,0,0,0,5,46,51
523.0,2016-10-18 06:40:00,1,0,-1,4,47,51
523.0,2016-10-18 06:43:00,2,0,-2,2,49,51
523.0,2016-10-18 06:46:00,2,0,-2,0,51,51
523.0,2016-10-18 06:49:00,0,0,0,0,51,51
523.0,2016-10-18 06:52:00,0,0,0,0,51,51
523.0,2016-10-18 06:55:00,0,0,0,0,51,51
523.0,2016-10-18 06:58:00,0,0,0,0,51,51
523.0,2016-10-18 07:01:00,0,0,0,0,51,51
523.0,2016-10-18 07:04:00,0,0,0,0,51,51
523.0,2016-10-18 07:07:00,1,1,0,0,51,51
523.0,2016-10-18 07:10:00,0,0,0,0,51,51
523.0,2016-10-18 07:13:00,0,0,0,0,51,51
523.0,2016-10-18 07:16:00,0,0,0,0,51,51
523.0,2016-10-18 07:19:00,0,0,0,0,51,51
523.0,2016-10-18 07:22:00,0,0,0,0,51,51
523.0,2016-10-18 07:25:00,0,0,0,0,51,51
523.0,2016-10-18 07:28:00,0,0,0,0,51,51
523.0,2016-10-18 07:31:00,1,1,0,0,51,51
523.0,2016-10-18 07:34:00,0,0,0,0,51,51
523.0,2016-10-18 07:37:00,1,1,0,0,51,51
523.0,2016-10-18 07:40:00,0,0,0,0,51,51
523.0,2016-10-18 07:43:00,0,0,0,0,51,51
523.0,2016-10-18 07:46:00,0,0,0,0,51,51
523.0,2016-10-18 07:49:00,0,0,0,0,51,51
523.0,2016-10-18 07:52:00,1,1,0,0,51,51
523.0,2016-10-18 07:55:00,0,0,0,0,51,51
523.0,2016-10-18 07:58:00,0,0,0,0,51,51
523.0,2016-10-18 08:01:00,1,1,0,0,51,51
523.0,2016-10-18 08:04:00,1,1,0,0,51,51
523.0,2016-10-18 08:07:00,1,1,0,0,51,51
523.0,2016-10-18 08:10:00,1,1,0,0,51,51
523.0,2016-10-18 08:13:00,1,3,2,2,49,51
523.0,2016-10-18 08:16:00,0,1,1,3,48,51
523.0,2016-10-18 08:19:00,4,1,-3,0,51,51
523.0,2016-10-18 08:22:00,0,1,1,1,50,51
523.0,2016-10-18 08:25:00,0,1,1,2,49,51
523.0,2016-10-18 08:28:00,1,1,0,2,49,51
523.0,2016-10-18 08:31:00,2,1,-1,1,50,51
523.0,2016-10-18 08:33:00,3,0,-3,0,51,51
523.0,2016-10-18 08:36:00,3,4,1,1,50,51
523.0,2016-10-18 08:39:00,4,4,0,1,50,51
523.0,2016-10-18 08:42:00,2,3,1,2,49,51
523.0,2016-10-18 08:45:00,0,1,1,3,48,51
523.0,2016-10-18 08:48:00,4,3,-1,2,49,51
523.0,2016-10-18 08:51:00,2,2,0,2,49,51
523.0,2016-10-18 08:54:00,3,2,-1,1,50,51
523.0,2016-10-18 08:57:00,2,4,2,3,48,51
523.0,2016-10-18 09:00:00,4,3,-1,2,49,51
523.0,2016-10-18 09:03:00,1,3,2,4,47,51
523.0,2016-10-18 09:06:00,6,4,-2,2,49,51
523.0,2016-10-18 09:08:00,3,3,0,2,49,51
523.0,2016-10-18 09:11:00,4,4,0,2,49,51
523.0,2016-10-18 09:14:00,1,3,2,4,47,51
523.0,2016-10-18 09:17:00,1,1,0,4,47,51
523.0,2016-10-18 09:20:00,3,1,-2,2,49,51
523.0,2016-10-18 09:23:00,1,2,1,3,48,51
523.0,2016-10-18 09:26:00,1,4,3,6,45,51
523.0,2016-10-18 09:29:00,6,3,-3,3,48,51
523.0,2016-10-18 09:32:00,5,4,-1,2,49,51
523.0,2016-10-18 09:35:00,4,5,1,3,48,51
523.0,2016-10-18 09:38:00,3,3,0,3,48,51
523.0,2016-10-18 09:40:00,2,3,1,6,45,51
523.0,2016-10-18 09:43:00,3,2,-1,5,46,51
523.0,2016-10-18 09:46:00,1,0,-1,4,47,51
523.0,2016-10-18 09:49:00,1,1,0,4,47,51
523.0,2016-10-18 09:52:00,3,2,-1,3,48,51
523.0,2016-10-18 09:55:00,2,2,0,3,48,51
523.0,2016-10-18 09:58:00,0,1,1,4,47,51
523.0,2016-10-18 10:01:00,1,1,0,4,47,51
523.0,2016-10-18 10:04:00,3,0,-3,1,50,51
523.0,2016-10-18 10:07:00,0,2,2,3,48,51
523.0,2016-10-18 10:10:00,0,1,1,4,47,51
523.0,2016-10-18 10:13:00,1,1,0,4,47,51
523.0,2016-10-18 10:14:00,2,1,-1,3,48,51
523.0,2016-10-18 10:17:00,1,0,-1,2,49,51
523.0,2016-10-18 10:20:00,2,2,0,2,49,51
523.0,2016-10-18 10:23:00,1,1,0,2,49,51
523.0,2016-10-18 10:26:00,0,0,0,2,49,51
523.0,2016-10-18 10:29:00,1,2,1,3,48,51
523.0,2016-10-18 10:32:00,0,0,0,3,48,51
523.0,2016-10-18 10:35:00,0,1,1,4,47,51
523.0,2016-10-18 10:38:00,0,2,2,6,45,51
523.0,2016-10-18 10:41:00,1,1,0,6,45,51
523.0,2016-10-18 10:44:00,0,1,1,7,44,51
523.0,2016-10-18 10:47:00,0,3,3,10,41,51
523.0,2016-10-18 10:49:00,0,2,2,9,42,51
523.0,2016-10-18 10:52:00,0,0,0,9,42,51
523.0,2016-10-18 10:55:00,0,2,2,11,40,51
523.0,2016-10-18 10:58:00,0,0,0,11,40,51
523.0,2016-10-18 11:01:00,0,0,0,11,40,51
523.0,2016-10-18 11:04:00,0,1,1,12,39,51
523.0,2016-10-18 11:07:00,1,0,-1,11,40,51
523.0,2016-10-18 11:10:00,3,0,-3,8,43,51
523.0,2016-10-18 11:13:00,0,1,1,9,42,51
523.0,2016-10-18 11:16:00,0,0,0,9,42,51
523.0,2016-10-18 11:19:00,1,0,-1,8,43,51
523.0,2016-10-18 11:22:00,2,0,-2,6,45,51
523.0,2016-10-18 11:24:00,1,2,1,8,43,51
523.0,2016-10-18 11:27:00,0,3,3,11,40,51
523.0,2016-10-18 11:30:00,3,2,-1,10,41,51
523.0,2016-10-18 11:33:00,2,0,-2,8,43,51
523.0,2016-10-18 11:36:00,0,1,1,9,42,51
523.0,2016-10-18 11:39:00,1,2,1,10,41,51
523.0,2016-10-18 11:42:00,3,0,-3,7,44,51
523.0,2016-10-18 11:45:00,3,0,-3,4,47,51
523.0,2016-10-18 11:48:00,0,0,0,4,47,51
523.0,2016-10-18 11:51:00,4,2,-2,2,49,51
523.0,2016-10-18 11:54:00,0,1,1,3,48,51
523.0,2016-10-18 11:57:00,1,0,-1,2,49,51
523.0,2016-10-18 11:58:00,1,0,-1,2,49,51
523.0,2016-10-18 12:01:00,0,0,0,2,49,51
523.0,2016-10-18 12:04:00,0,2,2,4,47,51
523.0,2016-10-18 12:07:00,0,1,1,5,46,51
523.0,2016-10-18 12:10:00,0,0,0,5,46,51
523.0,2016-10-18 12:13:00,0,0,0,5,46,51
523.0,2016-10-18 12:14:00,0,1,1,12,39,51
523.0,2016-10-18 12:17:00,0,0,0,12,39,51
523.0,2016-10-18 12:20:00,0,0,0,12,39,51
523.0,2016-10-18 12:23:00,2,0,-2,10,41,51
523.0,2016-10-18 12:26:00,0,1,1,11,40,51
523.0,2016-10-18 12:29:00,2,3,1,12,39,51
523.0,2016-10-18 12:32:00,0,0,0,12,39,51
523.0,2016-10-18 12:35:00,1,0,-1,11,40,51
523.0,2016-10-18 12:38:00,3,2,-1,10,41,51
523.0,2016-10-18 12:41:00,3,0,-3,7,44,51
523.0,2016-10-18 12:44:00,1,0,-1,6,45,51
523.0,2016-10-18 12:47:00,0,0,0,10,41,51
523.0,2016-10-18 12:50:00,0,0,0,10,41,51
523.0,2016-10-18 12:53:00,0,1,1,11,40,51
523.0,2016-10-18 12:56:00,2,0,-2,9,42,51
523.0,2016-10-18 12:59:00,0,0,0,9,42,51
523.0,2016-10-18 13:02:00,0,0,0,9,42,51
523.0,2016-10-18 13:05:00,1,2,1,10,41,51
523.0,2016-10-18 13:07:00,2,4,2,3,48,51
523.0,2016-10-18 13:10:00,0,0,0,3,48,51
523.0,2016-10-18 13:13:00,2,2,0,3,48,51
523.0,2016-10-18 13:16:00,0,1,1,4,47,51
523.0,2016-10-18 13:19:00,1,0,-1,3,48,51
523.0,2016-10-18 13:22:00,0,0,0,3,48,51
523.0,2016-10-18 13:25:00,0,0,0,3,48,51
523.0,2016-10-18 13:28:00,1,1,0,3,48,51
523.0,2016-10-18 13:31:00,1,0,-1,2,49,51
523.0,2016-10-18 13:34:00,1,1,0,2,49,51
523.0,2016-10-18 13:37:00,0,1,1,3,48,51
523.0,2016-10-18 13:40:00,0,0,0,3,48,51
523.0,2016-10-18 13:42:00,1,0,-1,1,50,51
523.0,2016-10-18 13:45:00,0,1,1,2,49,51
523.0,2016-10-18 13:48:00,1,1,0,2,49,51
523.0,2016-10-18 13:51:00,0,2,2,4,47,51
523.0,2016-10-18 13:54:00,0,1,1,5,46,51
523.0,2016-10-18 13:57:00,2,0,-2,3,48,51
523.0,2016-10-18 14:00:00,0,0,0,3,48,51
523.0,2016-10-18 14:03:00,0,1,1,4,47,51
523.0,2016-10-18 14:06:00,1,0,-1,3,48,51
523.0,2016-10-18 14:09:00,1,1,0,3,48,51
523.0,2016-10-18 14:12:00,0,2,2,5,46,51
523.0,2016-10-18 14:15:00,2,1,-1,4,47,51
523.0,2016-10-18 14:17:00,5,0,-5,0,51,51
523.0,2016-10-18 14:20:00,0,0,0,0,51,51
523.0,2016-10-18 14:23:00,1,1,0,0,51,51
523.0,2016-10-18 14:26:00,0,2,2,2,49,51
523.0,2016-10-18 14:29:00,0,0,0,2,49,51
523.0,2016-10-18 14:32:00,2,2,0,2,49,51
523.0,2016-10-18 14:35:00,0,0,0,2,49,51
523.0,2016-10-18 14:38:00,1,1,0,2,49,51
523.0,2016-10-18 14:41:00,2,0,-2,0,51,51
523.0,2016-10-18 14:44:00,0,1,1,1,50,51
523.0,2016-10-18 14:47:00,1,0,-1,0,51,51
523.0,2016-10-18 14:50:00,0,1,1,1,50,51
523.0,2016-10-18 14:53:00,0,0,0,1,50,51
523.0,2016-10-18 14:56:00,0,1,1,2,49,51
523.0,2016-10-18 14:59:00,0,0,0,2,49,51
523.0,2016-10-18 15:02:00,1,1,0,2,49,51
523.0,2016-10-18 15:05:00,0,1,1,3,48,51
523.0,2016-10-18 15:08:00,1,0,-1,2,49,51
523.0,2016-10-18 15:11:00,1,0,-1,1,50,51
523.0,2016-10-18 15:14:00,0,1,1,2,49,51
523.0,2016-10-18 15:17:00,0,0,0,2,49,51
523.0,2016-10-18 15:20:00,0,4,4,6,45,51
523.0,2016-10-18 15:23:00,2,2,0,6,45,51
523.0,2016-10-18 15:26:00,0,0,0,6,45,51
523.0,2016-10-18 15:29:00,0,0,0,7,44,51
523.0,2016-10-18 15:32:00,0,1,1,8,43,51
523.0,2016-10-18 15:35:00,0,0,0,8,43,51
523.0,2016-10-18 15:38:00,0,1,1,9,42,51
523.0,2016-10-18 15:41:00,0,0,0,9,42,51
523.0,2016-10-18 15:44:00,0,4,4,13,38,51
523.0,2016-10-18 15:47:00,0,1,1,14,37,51
523.0,2016-10-18 15:50:00,2,0,-2,12,39,51
523.0,2016-10-18 15:53:00,0,0,0,12,39,51
523.0,2016-10-18 15:56:00,1,1,0,12,39,51
523.0,2016-10-18 15:59:00,1,2,1,13,38,51
523.0,2016-10-18 16:02:00,0,1,1,14,37,51
523.0,2016-10-18 16:05:00,2,1,-1,13,38,51
523.0,2016-10-18 16:07:00,0,1,1,14,37,51
523.0,2016-10-18 16:10:00,2,1,-1,13,38,51
523.0,2016-10-18 16:13:00,0,0,0,13,38,51
523.0,2016-10-18 16:16:00,0,1,1,14,37,51
523.0,2016-10-18 16:19:00,0,2,2,16,35,51
523.0,2016-10-18 16:22:00,0,2,2,18,33,51
523.0,2016-10-18 16:25:00,2,1,-1,17,34,51
523.0,2016-10-18 16:28:00,0,1,1,18,33,51
523.0,2016-10-18 16:31:00,1,3,2,20,31,51
523.0,2016-10-18 16:34:00,1,1,0,20,31,51
523.0,2016-10-18 16:37:00,3,0,-3,17,34,51
523.0,2016-10-18 16:40:00,0,3,3,20,31,51
523.0,2016-10-18 16:43:00,0,2,2,22,29,51
523.0,2016-10-18 16:45:00,0,3,3,25,26,51
523.0,2016-10-18 16:48:00,0,5,5,30,21,51
523.0,2016-10-18 16:51:00,1,5,4,34,17,51
523.0,2016-10-18 16:54:00,0,4,4,38,13,51
523.0,2016-10-18 16:57:00,1,1,0,38,13,51
523.0,2016-10-18 17:00:00,4,3,-1,37,14,51
523.0,2016-10-18 17:03:00,4,2,-2,35,16,51
523.0,2016-10-18 17:06:00,4,1,-3,32,19,51
523.0,2016-10-18 17:09:00,1,4,3,35,16,51
523.0,2016-10-18 17:12:00,2,4,2,37,14,51
523.0,2016-10-18 17:15:00,1,4,3,40,11,51
523.0,2016-10-18 17:18:00,4,6,2,42,9,51
523.0,2016-10-18 17:21:00,2,4,2,44,7,51
523.0,2016-10-18 17:22:00,1,4,3,42,9,51
523.0,2016-10-18 17:25:00,0,2,2,44,7,51
523.0,2016-10-18 17:28:00,0,1,1,45,6,51
523.0,2016-10-18 17:31:00,1,4,3,48,3,51
523.0,2016-10-18 17:34:00,1,2,1,49,2,51
523.0,2016-10-18 17:37:00,4,2,-2,47,4,51
523.0,2016-10-18 17:40:00,1,0,-1,46,5,51
523.0,2016-10-18 17:43:00,4,4,0,46,5,51
523.0,2016-10-18 17:46:00,0,2,2,48,3,51
523.0,2016-10-18 17:49:00,0,2,2,50,1,51
523.0,2016-10-18 17:52:00,1,1,0,50,1,51
523.0,2016-10-18 17:55:00,2,2,0,50,1,51
523.0,2016-10-18 17:58:00,2,2,0,50,1,51
523.0,2016-10-18 18:01:00,2,1,-1,49,2,51
523.0,2016-10-18 18:04:00,11,3,-8,41,10,51
523.0,2016-10-18 18:07:00,3,1,-2,39,12,51
523.0,2016-10-18 18:10:00,5,6,1,40,11,51
523.0,2016-10-18 18:13:00,4,4,0,40,11,51
523.0,2016-10-18 18:16:00,3,3,0,40,11,51
523.0,2016-10-18 18:19:00,5,1,-4,36,15,51
523.0,2016-10-18 18:22:00,4,2,-2,34,17,51
523.0,2016-10-18 18:25:00,1,2,1,35,16,51
523.0,2016-10-18 18:28:00,7,1,-6,29,22,51
523.0,2016-10-18 18:31:00,1,4,3,32,19,51
523.0,2016-10-18 18:33:00,1,0,-1,33,18,51
523.0,2016-10-18 18:36:00,1,1,0,33,18,51
523.0,2016-10-18 18:39:00,5,6,1,34,17,51
523.0,2016-10-18 18:42:00,4,1,-3,31,20,51
523.0,2016-10-18 18:45:00,1,1,0,31,20,51
523.0,2016-10-18 18:48:00,3,1,-2,29,22,51
523.0,2016-10-18 18:51:00,2,2,0,29,22,51
523.0,2016-10-18 18:54:00,0,3,3,32,19,51
523.0,2016-10-18 18:57:00,0,1,1,33,18,51
523.0,2016-10-18 19:00:00,1,2,1,34,17,51
523.0,2016-10-18 19:03:00,1,0,-1,33,18,51
523.0,2016-10-18 19:06:00,4,0,-4,29,22,51
523.0,2016-10-18 19:08:00,0,1,1,33,18,51
523.0,2016-10-18 19:11:00,2,1,-1,32,19,51
523.0,2016-10-18 19:14:00,0,1,1,33,18,51
523.0,2016-10-18 19:17:00,1,1,0,33,18,51
523.0,2016-10-18 19:20:00,0,1,1,34,17,51
523.0,2016-10-18 19:23:00,2,3,1,35,16,51
523.0,2016-10-18 19:26:00,1,1,0,35,16,51
523.0,2016-10-18 19:29:00,4,1,-3,32,19,51
523.0,2016-10-18 19:32:00,2,2,0,32,19,51
523.0,2016-10-18 19:35:00,1,2,1,33,18,51
523.0,2016-10-18 19:38:00,2,1,-1,32,19,51
523.0,2016-10-18 19:41:00,3,0,-3,29,22,51
523.0,2016-10-18 19:44:00,3,1,-2,27,24,51
523.0,2016-10-18 19:46:00,1,1,0,21,30,51
523.0,2016-10-18 19:49:00,0,0,0,21,30,51
523.0,2016-10-18 19:52:00,1,0,-1,20,31,51
523.0,2016-10-18 19:55:00,4,0,-4,16,35,51
523.0,2016-10-18 19:58:00,2,2,0,16,35,51
523.0,2016-10-18 20:01:00,2,0,-2,14,37,51
523.0,2016-10-18 20:04:00,1,0,-1,13,38,51
523.0,2016-10-18 20:07:00,0,0,0,13,38,51
523.0,2016-10-18 20:10:00,0,1,1,14,37,51
523.0,2016-10-18 20:13:00,1,0,-1,13,38,51
523.0,2016-10-18 20:16:00,1,2,1,14,37,51
523.0,2016-10-18 20:19:00,0,2,2,16,35,51
523.0,2016-10-18 20:22:00,0,1,1,17,34,51
523.0,2016-10-18 20:25:00,3,0,-3,14,37,51
523.0,2016-10-18 20:28:00,0,1,1,15,36,51
523.0,2016-10-18 20:31:00,0,0,0,15,36,51
523.0,2016-10-18 20:34:00,0,0,0,15,36,51
523.0,2016-10-18 20:37:00,1,1,0,15,36,51
523.0,2016-10-18 20:40:00,2,0,-2,13,38,51
523.0,2016-10-18 20:43:00,1,1,0,13,38,51
523.0,2016-10-18 20:46:00,0,1,1,14,37,51
523.0,2016-10-18 20:49:00,0,1,1,15,36,51
523.0,2016-10-18 20:50:00,0,1,1,16,35,51
523.0,2016-10-18 20:53:00,0,1,1,17,34,51
523.0,2016-10-18 20:56:00,1,0,-1,16,35,51
523.0,2016-10-18 20:59:00,0,0,0,16,35,51
523.0,2016-10-18 21:02:00,1,0,-1,15,36,51
523.0,2016-10-18 21:05:00,0,1,1,16,35,51
523.0,2016-10-18 21:08:00,5,0,-5,11,40,51
523.0,2016-10-18 21:11:00,0,0,0,11,40,51
523.0,2016-10-18 21:14:00,1,1,0,11,40,51
523.0,2016-10-18 21:17:00,2,1,-1,10,41,51
523.0,2016-10-18 21:20:00,1,0,-1,9,42,51
523.0,2016-10-18 21:23:00,1,1,0,9,42,51
523.0,2016-10-18 21:24:00,1,0,-1,9,42,51
523.0,2016-10-18 21:27:00,1,0,-1,8,43,51
523.0,2016-10-18 21:30:00,2,0,-2,6,45,51
523.0,2016-10-18 21:33:00,2,0,-2,4,47,51
523.0,2016-10-18 21:36:00,0,0,0,4,47,51
523.0,2016-10-18 21:39:00,1,0,-1,3,48,51
523.0,2016-10-18 21:42:00,1,0,-1,2,49,51
523.0,2016-10-18 21:45:00,2,1,-1,1,50,51
523.0,2016-10-18 21:48:00,2,0,-2,0,51,51
523.0,2016-10-18 21:51:00,0,0,0,0,51,51
523.0,2016-10-18 21:54:00,0,1,1,1,50,51
523.0,2016-10-18 21:56:00,0,0,0,1,50,51
523.0,2016-10-18 21:59:00,0,0,0,1,50,51
523.0,2016-10-18 22:02:00,1,0,-1,0,51,51
523.0,2016-10-18 22:05:00,0,0,0,0,51,51
523.0,2016-10-18 22:08:00,0,1,1,1,50,51
523.0,2016-10-18 22:11:00,0,0,0,1,50,51
523.0,2016-10-18 22:14:00,0,0,0,1,50,51
523.0,2016-10-18 22:17:00,0,0,0,1,50,51
523.0,2016-10-18 22:20:00,0,0,0,1,50,51
523.0,2016-10-18 22:23:00,0,0,0,1,50,51
523.0,2016-10-18 22:26:00,0,0,0,1,50,51
523.0,2016-10-18 22:29:00,0,0,0,1,50,51
523.0,2016-10-18 22:30:00,0,0,0,1,50,51
523.0,2016-10-18 22:33:00,1,1,0,1,50,51
523.0,2016-10-18 22:36:00,0,1,1,2,49,51
523.0,2016-10-18 22:39:00,0,0,0,2,49,51
523.0,2016-10-18 22:42:00,0,0,0,2,49,51
523.0,2016-10-18 22:45:00,1,0,-1,1,50,51
523.0,2016-10-18 22:48:00,0,0,0,1,50,51
523.0,2016-10-18 22:51:00,0,0,0,1,50,51
523.0,2016-10-18 22:54:00,0,1,1,2,49,51
523.0,2016-10-18 22:57:00,1,0,-1,1,50,51
523.0,2016-10-18 23:00:00,0,0,0,1,50,51
523.0,2016-10-18 23:02:00,0,0,0,1,50,51
523.0,2016-10-18 23:05:00,0,1,1,2,49,51
523.0,2016-10-18 23:08:00,0,1,1,3,48,51
523.0,2016-10-18 23:11:00,0,0,0,3,48,51
523.0,2016-10-18 23:14:00,0,0,0,3,48,51
523.0,2016-10-18 23:17:00,0,0,0,3,48,51
523.0,2016-10-18 23:20:00,0,0,0,3,48,51
523.0,2016-10-18 23:23:00,0,0,0,3,48,51
523.0,2016-10-18 23:26:00,0,0,0,3,48,51
523.0,2016-10-18 23:29:00,1,0,-1,2,49,51
523.0,2016-10-18 23:32:00,0,0,0,2,49,51
523.0,2016-10-18 23:35:00,0,0,0,2,49,51
523.0,2016-10-18 23:38:00,0,0,0,2,49,51
523.0,2016-10-18 23:41:00,0,0,0,2,49,51
523.0,2016-10-18 23:44:00,1,0,-1,1,50,51
523.0,2016-10-18 23:47:00,0,0,0,1,50,51
523.0,2016-10-18 23:50:00,0,0,0,1,50,51
523.0,2016-10-18 23:53:00,0,0,0,1,50,51
523.0,2016-10-18 23:56:00,0,0,0,1,50,51
523.0,2016-10-18 23:59:00,0,0,0,1,50,51
523.0,2016-10-19 00:02:00,0,0,0,1,50,51
523.0,2016-10-19 00:05:00,0,0,0,1,50,51
523.0,2016-10-19 00:08:00,0,0,0,1,50,51
523.0,2016-10-19 00:11:00,0,0,0,1,50,51
523.0,2016-10-19 00:14:00,0,0,0,1,50,51
523.0,2016-10-19 00:17:00,0,0,0,1,50,51
523.0,2016-10-19 00:20:00,0,0,0,1,50,51
523.0,2016-10-19 00:23:00,0,0,0,1,50,51
523.0,2016-10-19 00:26:00,0,0,0,1,50,51
523.0,2016-10-19 00:29:00,0,0,0,1,50,51
523.0,2016-10-19 00:32:00,1,1,0,7,44,51
523.0,2016-10-19 00:35:00,0,0,0,7,44,51
523.0,2016-10-19 00:38:00,0,0,0,7,44,51
523.0,2016-10-19 00:41:00,0,0,0,7,44,51
523.0,2016-10-19 00:44:00,0,0,0,7,44,51
523.0,2016-10-19 00:47:00,0,0,0,7,44,51
523.0,2016-10-19 00:50:00,0,0,0,7,44,51
523.0,2016-10-19 00:53:00,0,0,0,7,44,51
523.0,2016-10-19 00:56:00,0,0,0,7,44,51
523.0,2016-10-19 00:59:00,0,0,0,7,44,51
523.0,2016-10-19 01:02:00,0,0,0,7,44,51
523.0,2016-10-19 01:05:00,0,1,1,8,43,51
523.0,2016-10-19 01:08:00,0,0,0,8,43,51
523.0,2016-10-19 01:11:00,0,0,0,8,43,51
523.0,2016-10-19 01:14:00,0,0,0,2,49,51
523.0,2016-10-19 01:17:00,0,0,0,2,49,51
523.0,2016-10-19 01:20:00,0,0,0,2,49,51
523.0,2016-10-19 01:23:00,0,0,0,2,49,51
523.0,2016-10-19 01:26:00,0,0,0,2,49,51
523.0,2016-10-19 01:29:00,0,0,0,2,49,51
523.0,2016-10-19 01:32:00,0,0,0,2,49,51
523.0,2016-10-19 01:35:00,0,0,0,2,49,51
523.0,2016-10-19 01:38:00,0,0,0,2,49,51
523.0,2016-10-19 01:41:00,0,0,0,2,49,51
523.0,2016-10-19 01:44:00,0,1,1,3,48,51
523.0,2016-10-19 01:46:00,0,0,0,3,48,51
523.0,2016-10-19 01:49:00,0,0,0,3,48,51
523.0,2016-10-19 01:52:00,0,0,0,3,48,51
523.0,2016-10-19 01:55:00,0,0,0,3,48,51
523.0,2016-10-19 01:58:00,0,0,0,3,48,51
523.0,2016-10-19 02:01:00,0,0,0,3,48,51
523.0,2016-10-19 02:04:00,0,0,0,3,48,51
523.0,2016-10-19 02:07:00,0,0,0,3,48,51
523.0,2016-10-19 02:10:00,0,0,0,3,48,51
523.0,2016-10-19 02:13:00,0,0,0,3,48,51
523.0,2016-10-19 02:16:00,0,0,0,3,48,51
523.0,2016-10-19 02:19:00,0,0,0,3,48,51
523.0,2016-10-19 02:22:00,0,0,0,3,48,51
523.0,2016-10-19 02:25:00,0,0,0,3,48,51
523.0,2016-10-19 02:28:00,0,0,0,3,48,51
523.0,2016-10-19 02:31:00,0,0,0,3,48,51
523.0,2016-10-19 02:34:00,0,0,0,3,48,51
523.0,2016-10-19 02:37:00,0,0,0,3,48,51
523.0,2016-10-19 02:40:00,0,0,0,3,48,51
523.0,2016-10-19 02:43:00,0,0,0,3,48,51
523.0,2016-10-19 02:46:00,0,0,0,3,48,51
523.0,2016-10-19 02:49:00,0,0,0,3,48,51
523.0,2016-10-19 02:52:00,0,0,0,3,48,51
523.0,2016-10-19 02:55:00,0,0,0,3,48,51
523.0,2016-10-19 02:58:00,0,0,0,3,48,51
523.0,2016-10-19 03:01:00,1,0,-1,2,49,51
523.0,2016-10-19 03:04:00,0,0,0,2,49,51
523.0,2016-10-19 03:07:00,0,0,0,2,49,51
523.0,2016-10-19 03:10:00,0,0,0,2,49,51
523.0,2016-10-19 03:13:00,0,0,0,2,49,51
523.0,2016-10-19 03:16:00,0,0,0,2,49,51
523.0,2016-10-19 03:19:00,0,0,0,2,49,51
523.0,2016-10-19 03:22:00,0,0,0,2,49,51
523.0,2016-10-19 03:25:00,0,0,0,2,49,51
523.0,2016-10-19 03:28:00,0,0,0,2,49,51
523.0,2016-10-19 03:31:00,0,0,0,2,49,51
523.0,2016-10-19 03:34:00,0,0,0,2,49,51
523.0,2016-10-19 03:37:00,0,0,0,2,49,51
523.0,2016-10-19 03:40:00,0,0,0,2,49,51
523.0,2016-10-19 03:43:00,0,0,0,2,49,51
523.0,2016-10-19 03:46:00,0,0,0,2,49,51
523.0,2016-10-19 03:49:00,0,0,0,2,49,51
523.0,2016-10-19 03:52:00,0,0,0,2,49,51
523.0,2016-10-19 03:55:00,0,0,0,2,49,51
523.0,2016-10-19 03:58:00,0,0,0,2,49,51
523.0,2016-10-19 04:01:00,0,0,0,2,49,51
523.0,2016-10-19 04:04:00,0,0,0,2,49,51
523.0,2016-10-19 04:07:00,0,0,0,2,49,51
523.0,2016-10-19 04:10:00,0,0,0,2,49,51
523.0,2016-10-19 04:13:00,0,0,0,2,49,51
523.0,2016-10-19 04:16:00,0,0,0,2,49,51
523.0,2016-10-19 04:19:00,0,0,0,2,49,51
523.0,2016-10-19 04:22:00,0,0,0,2,49,51
523.0,2016-10-19 04:25:00,0,0,0,2,49,51
523.0,2016-10-19 04:28:00,0,0,0,2,49,51
523.0,2016-10-19 04:31:00,0,0,0,2,49,51
523.0,2016-10-19 04:34:00,0,0,0,2,49,51
523.0,2016-10-19 04:37:00,0,0,0,2,49,51
523.0,2016-10-19 04:40:00,0,0,0,2,49,51
523.0,2016-10-19 04:43:00,0,0,0,2,49,51
523.0,2016-10-19 04:46:00,0,0,0,2,49,51
523.0,2016-10-19 04:49:00,0,0,0,2,49,51
523.0,2016-10-19 04:52:00,0,1,1,3,48,51
523.0,2016-10-19 04:55:00,0,0,0,3,48,51
523.0,2016-10-19 04:58:00,0,0,0,3,48,51
523.0,2016-10-19 05:01:00,0,0,0,3,48,51
523.0,2016-10-19 05:04:00,0,0,0,3,48,51
523.0,2016-10-19 05:07:00,0,0,0,3,48,51
523.0,2016-10-19 05:10:00,0,0,0,3,48,51
523.0,2016-10-19 05:13:00,0,0,0,3,48,51
523.0,2016-10-19 05:16:00,0,0,0,3,48,51
523.0,2016-10-19 05:19:00,0,0,0,3,48,51
523.0,2016-10-19 05:22:00,0,0,0,3,48,51
523.0,2016-10-19 05:25:00,0,0,0,3,48,51
523.0,2016-10-19 05:28:00,0,0,0,3,48,51
523.0,2016-10-19 05:31:00,0,0,0,3,48,51
523.0,2016-10-19 05:34:00,0,0,0,3,48,51
523.0,2016-10-19 05:37:00,0,0,0,3,48,51
523.0,2016-10-19 05:40:00,0,0,0,3,48,51
523.0,2016-10-19 05:43:00,0,0,0,3,48,51
523.0,2016-10-19 05:46:00,0,0,0,3,48,51
523.0,2016-10-19 05:49:00,0,0,0,3,48,51
523.0,2016-10-19 05:52:00,1,0,-1,2,49,51
523.0,2016-10-19 05:55:00,0,1,1,3,48,51
523.0,2016-10-19 05:58:00,0,1,1,4,47,51
523.0,2016-10-19 06:01:00,0,0,0,4,47,51
523.0,2016-10-19 06:04:00,0,0,0,4,47,51
523.0,2016-10-19 06:07:00,0,0,0,4,47,51
523.0,2016-10-19 06:10:00,0,0,0,4,47,51
523.0,2016-10-19 06:13:00,0,0,0,4,47,51
523.0,2016-10-19 06:16:00,0,0,0,4,47,51
523.0,2016-10-19 06:19:00,0,0,0,4,47,51
523.0,2016-10-19 06:22:00,0,0,0,4,47,51
523.0,2016-10-19 06:25:00,1,0,-1,3,48,51
523.0,2016-10-19 06:28:00,0,0,0,3,48,51
523.0,2016-10-19 06:31:00,1,0,-1,2,49,51
523.0,2016-10-19 06:34:00,0,0,0,2,49,51
523.0,2016-10-19 06:37:00,0,0,0,2,49,51
523.0,2016-10-19 06:40:00,1,0,-1,1,50,51
523.0,2016-10-19 06:43:00,0,0,0,1,50,51
523.0,2016-10-19 06:46:00,0,0,0,1,50,51
523.0,2016-10-19 06:49:00,0,0,0,1,50,51
523.0,2016-10-19 06:52:00,0,1,1,2,49,51
523.0,2016-10-19 06:55:00,1,1,0,2,49,51
523.0,2016-10-19 06:58:00,0,1,1,3,48,51
523.0,2016-10-19 07:01:00,2,0,-2,1,50,51
523.0,2016-10-19 07:04:00,0,0,0,1,50,51
523.0,2016-10-19 07:07:00,0,0,0,1,50,51
523.0,2016-10-19 07:10:00,0,0,0,1,50,51
523.0,2016-10-19 07:13:00,0,0,0,1,50,51
523.0,2016-10-19 07:16:00,0,0,0,1,50,51
523.0,2016-10-19 07:19:00,0,0,0,1,50,51
523.0,2016-10-19 07:22:00,0,0,0,1,50,51
523.0,2016-10-19 07:25:00,0,0,0,1,50,51
523.0,2016-10-19 07:28:00,0,0,0,1,50,51
523.0,2016-10-19 07:31:00,0,0,0,1,50,51
523.0,2016-10-19 07:34:00,0,1,1,2,49,51
523.0,2016-10-19 07:37:00,2,1,-1,1,50,51
523.0,2016-10-19 07:40:00,0,0,0,1,50,51
523.0,2016-10-19 07:43:00,0,1,1,2,49,51
523.0,2016-10-19 07:46:00,1,0,-1,1,50,51
523.0,2016-10-19 07:49:00,1,1,0,1,50,51
523.0,2016-10-19 07:52:00,0,0,0,1,50,51
523.0,2016-10-19 07:55:00,0,1,1,2,49,51
523.0,2016-10-19 07:58:00,1,1,0,2,49,51
523.0,2016-10-19 08:01:00,1,1,0,2,49,51
523.0,2016-10-19 08:04:00,1,1,0,2,49,51
523.0,2016-10-19 08:07:00,1,0,-1,1,50,51
523.0,2016-10-19 08:10:00,0,0,0,1,50,51
523.0,2016-10-19 08:13:00,1,1,0,1,50,51
523.0,2016-10-19 08:16:00,1,2,1,2,49,51
523.0,2016-10-19 08:19:00,2,3,1,3,48,51
523.0,2016-10-19 08:22:00,1,2,1,4,47,51
523.0,2016-10-19 08:25:00,1,0,-1,3,48,51
523.0,2016-10-19 08:28:00,0,2,2,5,46,51
523.0,2016-10-19 08:31:00,2,0,-2,3,48,51
523.0,2016-10-19 08:34:00,1,2,1,4,47,51
523.0,2016-10-19 08:37:00,5,6,1,5,46,51
523.0,2016-10-19 08:40:00,1,2,1,6,45,51
523.0,2016-10-19 08:43:00,1,4,3,9,42,51
523.0,2016-10-19 08:46:00,2,1,-1,8,43,51
523.0,2016-10-19 08:49:00,7,5,-2,6,45,51
523.0,2016-10-19 08:52:00,1,5,4,10,41,51
523.0,2016-10-19 08:55:00,2,2,0,10,41,51
523.0,2016-10-19 08:58:00,3,1,-2,8,43,51
523.0,2016-10-19 09:01:00,4,4,0,8,43,51
523.0,2016-10-19 09:04:00,4,0,-4,4,47,51
523.0,2016-10-19 09:07:00,3,4,1,5,46,51
523.0,2016-10-19 09:10:00,3,2,-1,4,47,51
523.0,2016-10-19 09:13:00,3,1,-2,2,49,51
523.0,2016-10-19 09:16:00,3,5,2,4,47,51
523.0,2016-10-19 09:19:00,2,2,0,4,47,51
523.0,2016-10-19 09:22:00,2,1,-1,3,48,51
523.0,2016-10-19 09:25:00,3,1,-2,1,50,51
523.0,2016-10-19 09:28:00,2,2,0,1,50,51
523.0,2016-10-19 09:31:00,1,0,-1,0,51,51
523.0,2016-10-19 09:34:00,0,0,0,0,51,51
523.0,2016-10-19 09:37:00,0,1,1,1,50,51
523.0,2016-10-19 09:40:00,0,1,1,2,49,51
523.0,2016-10-19 09:43:00,3,1,-2,0,51,51
523.0,2016-10-19 09:46:00,1,1,0,0,51,51
523.0,2016-10-19 09:49:00,0,0,0,0,51,51
523.0,2016-10-19 09:52:00,0,0,0,0,51,51
523.0,2016-10-19 09:55:00,3,3,0,0,51,51
523.0,2016-10-19 09:58:00,1,1,0,0,51,51
523.0,2016-10-19 10:01:00,0,1,1,1,50,51
523.0,2016-10-19 10:04:00,2,2,0,1,50,51
523.0,2016-10-19 10:07:00,0,2,2,3,48,51
523.0,2016-10-19 10:10:00,2,0,-2,1,50,51
523.0,2016-10-19 10:13:00,1,1,0,1,50,51
523.0,2016-10-19 10:16:00,0,1,1,2,49,51
523.0,2016-10-19 10:19:00,0,0,0,2,49,51
523.0,2016-10-19 10:22:00,0,0,0,2,49,51
523.0,2016-10-19 10:25:00,0,0,0,2,49,51
523.0,2016-10-19 10:28:00,0,1,1,3,48,51
523.0,2016-10-19 10:31:00,0,1,1,4,47,51
523.0,2016-10-19 10:34:00,0,2,2,6,45,51
523.0,2016-10-19 10:37:00,0,0,0,6,45,51
523.0,2016-10-19 10:40:00,2,0,-2,4,47,51
523.0,2016-10-19 10:43:00,0,2,2,6,45,51
523.0,2016-10-19 10:46:00,0,0,0,6,45,51
523.0,2016-10-19 10:49:00,1,1,0,6,45,51
523.0,2016-10-19 10:52:00,0,1,1,7,44,51
523.0,2016-10-19 10:55:00,0,1,1,8,43,51
523.0,2016-10-19 10:58:00,1,0,-1,7,44,51
523.0,2016-10-19 11:01:00,0,1,1,8,43,51
523.0,2016-10-19 11:04:00,0,0,0,8,43,51
523.0,2016-10-19 11:07:00,2,2,0,8,43,51
523.0,2016-10-19 11:10:00,1,1,0,8,43,51
523.0,2016-10-19 11:13:00,0,0,0,8,43,51
523.0,2016-10-19 11:16:00,0,2,2,10,41,51
523.0,2016-10-19 11:19:00,1,1,0,10,41,51
523.0,2016-10-19 11:22:00,1,2,1,11,40,51
523.0,2016-10-19 11:25:00,0,0,0,11,40,51
523.0,2016-10-19 11:28:00,0,0,0,11,40,51
523.0,2016-10-19 11:31:00,1,1,0,11,40,51
523.0,2016-10-19 11:34:00,0,2,2,13,38,51
523.0,2016-10-19 11:37:00,4,0,-4,9,42,51
523.0,2016-10-19 11:40:00,1,0,-1,8,43,51
523.0,2016-10-19 11:43:00,1,3,2,10,41,51
523.0,2016-10-19 11:46:00,2,1,-1,9,42,51
523.0,2016-10-19 11:49:00,3,0,-3,6,45,51
523.0,2016-10-19 11:52:00,1,1,0,6,45,51
523.0,2016-10-19 11:55:00,2,0,-2,4,47,51
523.0,2016-10-19 11:58:00,0,1,1,5,46,51
523.0,2016-10-19 12:01:00,0,1,1,6,45,51
523.0,2016-10-19 12:04:00,2,1,-1,5,46,51
523.0,2016-10-19 12:07:00,0,0,0,5,46,51
523.0,2016-10-19 12:09:00,0,0,0,1,50,51
523.0,2016-10-19 12:12:00,1,0,-1,0,51,51
523.0,2016-10-19 12:15:00,0,2,2,2,49,51
523.0,2016-10-19 12:18:00,2,1,-1,1,50,51
523.0,2016-10-19 12:21:00,0,1,1,2,49,51
523.0,2016-10-19 12:24:00,0,0,0,2,49,51
523.0,2016-10-19 12:27:00,1,1,0,2,49,51
523.0,2016-10-19 12:30:00,0,1,1,3,48,51
523.0,2016-10-19 12:33:00,0,1,1,4,47,51
523.0,2016-10-19 12:36:00,1,0,-1,3,48,51
523.0,2016-10-19 12:39:00,2,1,-1,2,49,51
523.0,2016-10-19 12:42:00,0,0,0,1,50,51
523.0,2016-10-19 12:45:00,2,0,-2,0,51,51
523.0,2016-10-19 12:48:00,0,0,0,0,51,51
523.0,2016-10-19 12:51:00,2,0,-2,0,51,51
523.0,2016-10-19 12:54:00,0,0,0,0,51,51
523.0,2016-10-19 12:57:00,1,1,0,0,51,51
523.0,2016-10-19 13:00:00,0,0,0,0,51,51
523.0,2016-10-19 13:03:00,1,0,-1,0,51,51
523.0,2016-10-19 13:06:00,0,0,0,0,51,51
523.0,2016-10-19 13:09:00,1,1,0,0,51,51
523.0,2016-10-19 13:12:00,1,2,1,1,50,51
523.0,2016-10-19 13:15:00,0,1,1,2,49,51
523.0,2016-10-19 13:18:00,0,0,0,2,49,51
523.0,2016-10-19 13:21:00,0,0,0,2,49,51
523.0,2016-10-19 13:24:00,1,1,0,2,49,51
523.0,2016-10-19 13:27:00,1,1,0,2,49,51
523.0,2016-10-19 13:30:00,1,0,-1,1,50,51
523.0,2016-10-19 13:33:00,1,0,-1,0,51,51
523.0,2016-10-19 13:36:00,0,1,1,1,50,51
523.0,2016-10-19 13:39:00,0,0,0,1,50,51
523.0,2016-10-19 13:42:00,0,1,1,2,49,51
523.0,2016-10-19 13:45:00,0,0,0,2,49,51
523.0,2016-10-19 13:48:00,0,1,1,3,48,51
523.0,2016-10-19 13:51:00,0,0,0,3,48,51
523.0,2016-10-19 13:54:00,0,1,1,4,47,51
523.0,2016-10-19 13:57:00,2,0,-2,2,49,51
523.0,2016-10-19 14:00:00,1,3,2,4,47,51
523.0,2016-10-19 14:03:00,2,3,1,5,46,51
523.0,2016-10-19 14:06:00,0,3,3,8,43,51
523.0,2016-10-19 14:09:00,1,0,-1,7,44,51
523.0,2016-10-19 14:12:00,0,2,2,9,42,51
523.0,2016-10-19 14:15:00,1,1,0,9,42,51
523.0,2016-10-19 14:18:00,0,0,0,9,42,51
523.0,2016-10-19 14:21:00,0,0,0,9,42,51
523.0,2016-10-19 14:24:00,1,0,-1,8,43,51
523.0,2016-10-19 14:27:00,1,0,-1,7,44,51
523.0,2016-10-19 14:30:00,0,0,0,7,44,51
523.0,2016-10-19 14:33:00,1,0,-1,6,45,51
523.0,2016-10-19 14:36:00,0,1,1,7,44,51
523.0,2016-10-19 14:39:00,0,0,0,7,44,51
523.0,2016-10-19 14:42:00,1,1,0,7,44,51
523.0,2016-10-19 14:45:00,0,0,0,7,44,51
523.0,2016-10-19 14:48:00,0,0,0,7,44,51
523.0,2016-10-19 14:51:00,0,1,1,8,43,51
523.0,2016-10-19 14:54:00,0,1,1,9,42,51
523.0,2016-10-19 14:57:00,0,0,0,9,42,51
523.0,2016-10-19 15:00:00,0,3,3,12,39,51
523.0,2016-10-19 15:03:00,2,0,-2,10,41,51
523.0,2016-10-19 15:06:00,2,1,-1,9,42,51
523.0,2016-10-19 15:09:00,1,1,0,9,42,51
523.0,2016-10-19 15:12:00,0,0,0,9,42,51
523.0,2016-10-19 15:15:00,0,0,0,9,42,51
523.0,2016-10-19 15:18:00,1,0,-1,8,43,51
523.0,2016-10-19 15:21:00,0,1,1,9,42,51
523.0,2016-10-19 15:22:00,0,0,0,9,42,51
523.0,2016-10-19 15:25:00,0,0,0,9,42,51
523.0,2016-10-19 15:28:00,0,0,0,9,42,51
523.0,2016-10-19 15:31:00,0,0,0,9,42,51
523.0,2016-10-19 15:34:00,0,0,0,9,42,51
523.0,2016-10-19 15:37:00,1,2,1,10,41,51
523.0,2016-10-19 15:40:00,0,1,1,11,40,51
523.0,2016-10-19 15:43:00,0,0,0,11,40,51
523.0,2016-10-19 15:46:00,0,0,0,11,40,51
523.0,2016-10-19 15:49:00,1,1,0,11,40,51
523.0,2016-10-19 15:52:00,0,1,1,12,39,51
523.0,2016-10-19 15:55:00,1,0,-1,11,40,51
523.0,2016-10-19 15:58:00,0,2,2,15,36,51
523.0,2016-10-19 16:01:00,2,1,-1,14,37,51
523.0,2016-10-19 16:04:00,0,1,1,15,36,51
523.0,2016-10-19 16:07:00,2,0,-2,13,38,51
523.0,2016-10-19 16:10:00,2,1,-1,12,39,51
523.0,2016-10-19 16:13:00,0,1,1,13,38,51
523.0,2016-10-19 16:16:00,1,0,-1,12,39,51
523.0,2016-10-19 16:19:00,0,3,3,15,36,51
523.0,2016-10-19 16:22:00,0,0,0,15,36,51
523.0,2016-10-19 16:25:00,1,2,1,16,35,51
523.0,2016-10-19 16:28:00,0,4,4,20,31,51
523.0,2016-10-19 16:31:00,0,1,1,21,30,51
523.0,2016-10-19 16:34:00,0,2,2,25,26,51
523.0,2016-10-19 16:37:00,1,7,6,31,20,51
523.0,2016-10-19 16:40:00,1,2,1,32,19,51
523.0,2016-10-19 16:43:00,0,6,6,38,13,51
523.0,2016-10-19 16:46:00,0,0,0,38,13,51
523.0,2016-10-19 16:49:00,0,0,0,38,13,51
523.0,2016-10-19 16:52:00,0,2,2,40,11,51
523.0,2016-10-19 16:55:00,1,1,0,40,11,51
523.0,2016-10-19 16:58:00,0,1,1,41,10,51
523.0,2016-10-19 17:01:00,4,2,-2,39,12,51
523.0,2016-10-19 17:04:00,2,2,0,39,12,51
523.0,2016-10-19 17:07:00,2,2,0,39,12,51
523.0,2016-10-19 17:10:00,2,4,2,41,10,51
523.0,2016-10-19 17:11:00,4,4,0,38,13,51
523.0,2016-10-19 17:14:00,1,4,3,41,10,51
523.0,2016-10-19 17:17:00,3,4,1,42,9,51
523.0,2016-10-19 17:20:00,2,3,1,43,8,51
523.0,2016-10-19 17:23:00,2,4,2,45,6,51
523.0,2016-10-19 17:26:00,0,1,1,46,5,51
523.0,2016-10-19 17:29:00,3,3,0,46,5,51
523.0,2016-10-19 17:32:00,2,1,-1,45,6,51
523.0,2016-10-19 17:35:00,1,2,1,46,5,51
523.0,2016-10-19 17:38:00,7,2,-5,41,10,51
523.0,2016-10-19 17:41:00,1,6,5,46,5,51
523.0,2016-10-19 17:44:00,5,3,-2,44,7,51
523.0,2016-10-19 17:47:00,2,3,1,46,5,51
523.0,2016-10-19 17:50:00,1,1,0,46,5,51
523.0,2016-10-19 17:53:00,4,5,1,47,4,51
523.0,2016-10-19 17:56:00,3,2,-1,46,5,51
523.0,2016-10-19 17:59:00,1,1,0,46,5,51
523.0,2016-10-19 18:02:00,6,3,-3,43,8,51
523.0,2016-10-19 18:05:00,4,3,-1,42,9,51
523.0,2016-10-19 18:08:00,4,3,-1,41,10,51
523.0,2016-10-19 18:11:00,3,3,0,41,10,51
523.0,2016-10-19 18:14:00,3,2,-1,40,11,51
523.0,2016-10-19 18:17:00,4,3,-1,39,12,51
523.0,2016-10-19 18:20:00,1,2,1,40,11,51
523.0,2016-10-19 18:23:00,1,1,0,40,11,51
523.0,2016-10-19 18:26:00,2,4,2,42,9,51
523.0,2016-10-19 18:29:00,1,0,-1,41,10,51
523.0,2016-10-19 18:32:00,5,2,-3,38,13,51
523.0,2016-10-19 18:35:00,2,0,-2,36,15,51
523.0,2016-10-19 18:38:00,2,2,0,36,15,51
523.0,2016-10-19 18:41:00,2,2,0,36,15,51
523.0,2016-10-19 18:44:00,2,3,1,37,14,51
523.0,2016-10-19 18:47:00,1,2,1,38,13,51
523.0,2016-10-19 18:50:00,2,3,1,39,12,51
523.0,2016-10-19 18:53:00,1,4,3,42,9,51
523.0,2016-10-19 18:56:00,2,1,-1,41,10,51
523.0,2016-10-19 18:59:00,2,1,-1,40,11,51
523.0,2016-10-19 19:02:00,3,3,0,40,11,51
523.0,2016-10-19 19:05:00,3,5,2,42,9,51
523.0,2016-10-19 19:08:00,0,4,4,46,5,51
523.0,2016-10-19 19:11:00,2,2,0,46,5,51
523.0,2016-10-19 19:14:00,4,3,-1,45,6,51
523.0,2016-10-19 19:17:00,1,2,1,46,5,51
523.0,2016-10-19 19:20:00,4,4,0,46,5,51
523.0,2016-10-19 19:23:00,1,2,1,47,4,51
523.0,2016-10-19 19:26:00,0,0,0,47,4,51
523.0,2016-10-19 19:29:00,0,0,0,47,4,51
523.0,2016-10-19 19:32:00,3,1,-2,45,6,51
523.0,2016-10-19 19:34:00,2,0,-2,40,11,51
523.0,2016-10-19 19:37:00,0,1,1,41,10,51
523.0,2016-10-19 19:40:00,2,0,-2,39,12,51
523.0,2016-10-19 19:43:00,3,1,-2,37,14,51
523.0,2016-10-19 19:46:00,1,1,0,37,14,51
523.0,2016-10-19 19:49:00,0,2,2,39,12,51
523.0,2016-10-19 19:52:00,0,0,0,39,12,51
523.0,2016-10-19 19:55:00,0,1,1,40,11,51
523.0,2016-10-19 19:58:00,1,1,0,40,11,51
523.0,2016-10-19 20:01:00,2,0,-2,38,13,51
523.0,2016-10-19 20:04:00,1,1,0,38,13,51
523.0,2016-10-19 20:07:00,1,0,-1,37,14,51
523.0,2016-10-19 20:10:00,0,1,1,38,13,51
523.0,2016-10-19 20:11:00,0,0,0,40,11,51
523.0,2016-10-19 20:14:00,1,1,0,40,11,51
523.0,2016-10-19 20:17:00,1,0,-1,39,12,51
523.0,2016-10-19 20:20:00,1,1,0,39,12,51
523.0,2016-10-19 20:23:00,0,3,3,42,9,51
523.0,2016-10-19 20:26:00,0,0,0,42,9,51
523.0,2016-10-19 20:29:00,1,0,-1,41,10,51
523.0,2016-10-19 20:32:00,0,0,0,41,10,51
523.0,2016-10-19 20:35:00,1,1,0,41,10,51
523.0,2016-10-19 20:38:00,2,0,-2,39,12,51
523.0,2016-10-19 20:41:00,0,0,0,39,12,51
523.0,2016-10-19 20:44:00,1,1,0,39,12,51
523.0,2016-10-19 20:45:00,1,0,-1,39,12,51
523.0,2016-10-19 20:48:00,1,2,1,40,11,51
523.0,2016-10-19 20:51:00,1,2,1,41,10,51
523.0,2016-10-19 20:54:00,0,1,1,42,9,51
523.0,2016-10-19 20:57:00,2,0,-2,40,11,51
523.0,2016-10-19 21:00:00,2,2,0,40,11,51
523.0,2016-10-19 21:03:00,0,1,1,41,10,51
523.0,2016-10-19 21:06:00,1,0,-1,40,11,51
523.0,2016-10-19 21:09:00,0,0,0,40,11,51
523.0,2016-10-19 21:12:00,0,1,1,41,10,51
523.0,2016-10-19 21:15:00,1,0,-1,40,11,51
523.0,2016-10-19 21:18:00,0,1,1,41,10,51
523.0,2016-10-19 21:19:00,0,1,1,41,10,51
523.0,2016-10-19 21:22:00,0,0,0,41,10,51
523.0,2016-10-19 21:25:00,0,0,0,41,10,51
523.0,2016-10-19 21:28:00,0,1,1,42,9,51
523.0,2016-10-19 21:31:00,0,0,0,42,9,51
523.0,2016-10-19 21:34:00,0,0,0,42,9,51
523.0,2016-10-19 21:37:00,0,0,0,42,9,51
523.0,2016-10-19 21:40:00,1,0,-1,41,10,51
523.0,2016-10-19 21:43:00,0,0,0,41,10,51
523.0,2016-10-19 21:46:00,1,2,1,42,9,51
523.0,2016-10-19 21:49:00,2,0,-2,40,11,51
523.0,2016-10-19 21:52:00,1,0,-1,38,13,51
523.0,2016-10-19 21:55:00,0,2,2,40,11,51
523.0,2016-10-19 21:58:00,1,0,-1,39,12,51
523.0,2016-10-19 22:01:00,0,0,0,39,12,51
523.0,2016-10-19 22:04:00,1,0,-1,38,13,51
523.0,2016-10-19 22:07:00,0,0,0,38,13,51
523.0,2016-10-19 22:10:00,0,0,0,38,13,51
523.0,2016-10-19 22:13:00,1,0,-1,37,14,51
523.0,2016-10-19 22:16:00,0,0,0,37,14,51
523.0,2016-10-19 22:19:00,1,0,-1,36,15,51
523.0,2016-10-19 22:22:00,1,0,-1,35,16,51
523.0,2016-10-19 22:23:00,0,0,0,36,15,51
523.0,2016-10-19 22:26:00,0,0,0,36,15,51
523.0,2016-10-19 22:29:00,1,0,-1,35,16,51
523.0,2016-10-19 22:32:00,1,0,-1,34,17,51
523.0,2016-10-19 22:35:00,0,0,0,34,17,51
523.0,2016-10-19 22:38:00,0,0,0,34,17,51
523.0,2016-10-19 22:41:00,1,0,-1,33,18,51
523.0,2016-10-19 22:44:00,0,0,0,33,18,51
523.0,2016-10-19 22:47:00,0,0,0,33,18,51
523.0,2016-10-19 22:50:00,2,0,-2,31,20,51
523.0,2016-10-19 22:53:00,0,0,0,31,20,51
523.0,2016-10-19 22:56:00,0,0,0,31,20,51
523.0,2016-10-19 22:59:00,0,0,0,31,20,51
523.0,2016-10-19 23:02:00,0,0,0,31,20,51
523.0,2016-10-19 23:05:00,2,0,-2,29,22,51
523.0,2016-10-19 23:08:00,0,0,0,29,22,51
523.0,2016-10-19 23:11:00,0,1,1,30,21,51
523.0,2016-10-19 23:14:00,0,1,1,31,20,51
523.0,2016-10-19 23:17:00,1,1,0,31,20,51
523.0,2016-10-19 23:20:00,0,0,0,31,20,51
523.0,2016-10-19 23:23:00,0,0,0,31,20,51
523.0,2016-10-19 23:26:00,0,0,0,31,20,51
523.0,2016-10-19 23:29:00,0,0,0,31,20,51
523.0,2016-10-19 23:32:00,0,1,1,32,19,51
523.0,2016-10-19 23:34:00,0,0,0,32,19,51
523.0,2016-10-19 23:37:00,0,0,0,32,19,51
523.0,2016-10-19 23:40:00,0,0,0,32,19,51
523.0,2016-10-19 23:43:00,1,0,-1,31,20,51
523.0,2016-10-19 23:46:00,2,0,-2,29,22,51
523.0,2016-10-19 23:49:00,0,0,0,29,22,51
523.0,2016-10-19 23:52:00,0,0,0,29,22,51
523.0,2016-10-19 23:55:00,0,0,0,29,22,51
523.0,2016-10-19 23:58:00,0,1,1,30,21,51
523.0,2016-10-20 00:01:00,0,0,0,30,21,51
523.0,2016-10-20 00:04:00,0,0,0,30,21,51
523.0,2016-10-20 00:07:00,0,0,0,30,21,51
523.0,2016-10-20 00:10:00,0,0,0,30,21,51
523.0,2016-10-20 00:13:00,0,0,0,30,21,51
523.0,2016-10-20 00:16:00,0,0,0,30,21,51
523.0,2016-10-20 00:19:00,0,0,0,30,21,51
523.0,2016-10-20 00:22:00,0,1,1,31,20,51
523.0,2016-10-20 00:25:00,0,0,0,31,20,51
523.0,2016-10-20 00:28:00,0,1,1,32,19,51
523.0,2016-10-20 00:31:00,0,0,0,32,19,51
523.0,2016-10-20 00:34:00,0,0,0,32,19,51
523.0,2016-10-20 00:37:00,0,0,0,32,19,51
523.0,2016-10-20 00:40:00,0,0,0,32,19,51
523.0,2016-10-20 00:43:00,0,0,0,32,19,51
523.0,2016-10-20 00:46:00,0,0,0,32,19,51
523.0,2016-10-20 00:49:00,0,0,0,32,19,51
523.0,2016-10-20 00:52:00,0,0,0,32,19,51
523.0,2016-10-20 00:55:00,0,0,0,32,19,51
523.0,2016-10-20 00:58:00,0,1,1,33,18,51
523.0,2016-10-20 01:01:00,0,0,0,33,18,51
523.0,2016-10-20 01:04:00,0,0,0,33,18,51
523.0,2016-10-20 01:07:00,0,0,0,33,18,51
523.0,2016-10-20 01:10:00,0,0,0,33,18,51
523.0,2016-10-20 01:12:00,0,0,0,34,17,51
523.0,2016-10-20 01:15:00,1,0,-1,33,18,51
523.0,2016-10-20 01:18:00,0,0,0,33,18,51
523.0,2016-10-20 01:21:00,0,0,0,33,18,51
523.0,2016-10-20 01:24:00,0,0,0,33,18,51
523.0,2016-10-20 01:27:00,0,0,0,33,18,51
523.0,2016-10-20 01:30:00,0,0,0,33,18,51
523.0,2016-10-20 01:33:00,0,0,0,33,18,51
523.0,2016-10-20 01:36:00,0,0,0,33,18,51
523.0,2016-10-20 01:39:00,0,0,0,33,18,51
523.0,2016-10-20 01:42:00,0,0,0,33,18,51
523.0,2016-10-20 01:44:00,0,0,0,33,18,51
523.0,2016-10-20 01:47:00,0,0,0,33,18,51
523.0,2016-10-20 01:50:00,0,0,0,33,18,51
523.0,2016-10-20 01:53:00,0,0,0,33,18,51
523.0,2016-10-20 01:56:00,0,1,1,34,17,51
523.0,2016-10-20 01:59:00,0,0,0,34,17,51
523.0,2016-10-20 02:02:00,0,0,0,34,17,51
523.0,2016-10-20 02:05:00,0,0,0,34,17,51
523.0,2016-10-20 02:08:00,0,0,0,34,17,51
523.0,2016-10-20 02:11:00,0,0,0,34,17,51
523.0,2016-10-20 02:14:00,0,0,0,34,17,51
523.0,2016-10-20 02:15:00,0,0,0,34,17,51
523.0,2016-10-20 02:18:00,0,0,0,34,17,51
523.0,2016-10-20 02:21:00,0,0,0,34,17,51
523.0,2016-10-20 02:24:00,0,0,0,34,17,51
523.0,2016-10-20 02:27:00,0,0,0,34,17,51
523.0,2016-10-20 02:30:00,0,0,0,34,17,51
523.0,2016-10-20 02:33:00,0,0,0,34,17,51
523.0,2016-10-20 02:36:00,0,0,0,34,17,51
523.0,2016-10-20 02:39:00,0,0,0,34,17,51
523.0,2016-10-20 02:42:00,0,0,0,34,17,51
523.0,2016-10-20 02:45:00,0,0,0,34,17,51
523.0,2016-10-20 02:47:00,0,0,0,34,17,51
523.0,2016-10-20 02:50:00,0,0,0,34,17,51
523.0,2016-10-20 02:53:00,0,0,0,34,17,51
523.0,2016-10-20 02:56:00,0,0,0,34,17,51
523.0,2016-10-20 02:59:00,0,0,0,34,17,51
523.0,2016-10-20 03:02:00,0,0,0,34,17,51
523.0,2016-10-20 03:05:00,0,0,0,34,17,51
523.0,2016-10-20 03:08:00,0,0,0,34,17,51
523.0,2016-10-20 03:11:00,0,0,0,34,17,51
523.0,2016-10-20 03:14:00,0,0,0,34,17,51
523.0,2016-10-20 03:17:00,0,0,0,34,17,51
523.0,2016-10-20 03:19:00,0,0,0,34,17,51
523.0,2016-10-20 03:22:00,0,0,0,34,17,51
523.0,2016-10-20 03:25:00,0,0,0,34,17,51
523.0,2016-10-20 03:28:00,0,0,0,34,17,51
523.0,2016-10-20 03:31:00,0,0,0,34,17,51
523.0,2016-10-20 03:34:00,0,0,0,34,17,51
523.0,2016-10-20 03:37:00,0,0,0,34,17,51
523.0,2016-10-20 03:40:00,0,0,0,34,17,51
523.0,2016-10-20 03:43:00,0,0,0,34,17,51
523.0,2016-10-20 03:46:00,0,0,0,34,17,51
523.0,2016-10-20 03:49:00,0,0,0,34,17,51
523.0,2016-10-20 03:52:00,0,0,0,34,17,51
523.0,2016-10-20 03:55:00,0,0,0,34,17,51
523.0,2016-10-20 03:58:00,0,0,0,34,17,51
523.0,2016-10-20 04:01:00,0,0,0,34,17,51
523.0,2016-10-20 04:04:00,0,0,0,34,17,51
523.0,2016-10-20 04:07:00,0,0,0,34,17,51
523.0,2016-10-20 04:10:00,0,0,0,34,17,51
523.0,2016-10-20 04:13:00,0,0,0,34,17,51
523.0,2016-10-20 04:16:00,0,0,0,34,17,51
523.0,2016-10-20 04:19:00,0,0,0,34,17,51
523.0,2016-10-20 04:22:00,0,0,0,34,17,51
523.0,2016-10-20 04:25:00,0,0,0,34,17,51
523.0,2016-10-20 04:27:00,0,0,0,34,17,51
523.0,2016-10-20 04:30:00,0,0,0,34,17,51
523.0,2016-10-20 04:33:00,0,0,0,34,17,51
523.0,2016-10-20 04:36:00,0,0,0,34,17,51
523.0,2016-10-20 04:39:00,0,0,0,34,17,51
523.0,2016-10-20 04:42:00,0,0,0,34,17,51
523.0,2016-10-20 04:45:00,0,2,2,36,15,51
523.0,2016-10-20 04:48:00,0,0,0,36,15,51
523.0,2016-10-20 04:51:00,0,0,0,36,15,51
523.0,2016-10-20 04:54:00,0,0,0,36,15,51
523.0,2016-10-20 04:57:00,0,0,0,36,15,51
523.0,2016-10-20 04:58:00,0,1,1,37,14,51
523.0,2016-10-20 05:01:00,0,0,0,37,14,51
523.0,2016-10-20 05:04:00,0,0,0,37,14,51
523.0,2016-10-20 05:07:00,0,0,0,37,14,51
523.0,2016-10-20 05:10:00,0,0,0,37,14,51
523.0,2016-10-20 05:13:00,0,0,0,37,14,51
523.0,2016-10-20 05:16:00,0,0,0,37,14,51
523.0,2016-10-20 05:19:00,0,0,0,37,14,51
523.0,2016-10-20 05:22:00,0,0,0,37,14,51
523.0,2016-10-20 05:25:00,0,0,0,37,14,51
523.0,2016-10-20 05:28:00,0,0,0,37,14,51
523.0,2016-10-20 05:31:00,0,0,0,37,14,51
523.0,2016-10-20 05:34:00,0,0,0,37,14,51
523.0,2016-10-20 05:37:00,0,0,0,37,14,51
523.0,2016-10-20 05:40:00,0,0,0,37,14,51
523.0,2016-10-20 05:43:00,0,0,0,37,14,51
523.0,2016-10-20 05:46:00,0,0,0,37,14,51
523.0,2016-10-20 05:49:00,0,0,0,37,14,51
523.0,2016-10-20 05:52:00,0,0,0,37,14,51
523.0,2016-10-20 05:55:00,1,0,-1,36,15,51
523.0,2016-10-20 05:58:00,0,0,0,36,15,51
523.0,2016-10-20 06:01:00,0,0,0,36,15,51
523.0,2016-10-20 06:04:00,0,0,0,36,15,51
523.0,2016-10-20 06:05:00,0,0,0,36,15,51
523.0,2016-10-20 06:08:00,0,0,0,36,15,51
523.0,2016-10-20 06:11:00,0,0,0,36,15,51
523.0,2016-10-20 06:14:00,0,0,0,36,15,51
523.0,2016-10-20 06:17:00,2,0,-2,34,17,51
523.0,2016-10-20 06:20:00,1,0,-1,33,18,51
523.0,2016-10-20 06:23:00,0,0,0,33,18,51
523.0,2016-10-20 06:26:00,2,0,-2,31,20,51
523.0,2016-10-20 06:29:00,1,0,-1,30,21,51
523.0,2016-10-20 06:32:00,2,0,-2,28,23,51
523.0,2016-10-20 06:35:00,0,0,0,28,23,51
523.0,2016-10-20 06:38:00,1,0,-1,27,24,51
523.0,2016-10-20 06:40:00,2,0,-2,24,27,51
523.0,2016-10-20 06:43:00,1,0,-1,23,28,51
523.0,2016-10-20 06:46:00,1,0,-1,22,29,51
523.0,2016-10-20 06:49:00,0,1,1,23,28,51
523.0,2016-10-20 06:52:00,1,0,-1,22,29,51
523.0,2016-10-20 06:55:00,1,0,-1,21,30,51
523.0,2016-10-20 06:58:00,1,0,-1,20,31,51
523.0,2016-10-20 07:01:00,3,0,-3,17,34,51
523.0,2016-10-20 07:04:00,2,0,-2,15,36,51
523.0,2016-10-20 07:07:00,2,0,-2,13,38,51
523.0,2016-10-20 07:10:00,2,0,-2,11,40,51
523.0,2016-10-20 07:13:00,2,2,0,11,40,51
523.0,2016-10-20 07:15:00,3,1,-2,11,40,51
523.0,2016-10-20 07:18:00,2,0,-2,9,42,51
523.0,2016-10-20 07:21:00,1,0,-1,8,43,51
523.0,2016-10-20 07:24:00,2,0,-2,6,45,51
523.0,2016-10-20 07:27:00,7,0,-7,0,51,51
523.0,2016-10-20 07:30:00,0,0,0,0,51,51
523.0,2016-10-20 07:33:00,0,0,0,0,51,51
523.0,2016-10-20 07:36:00,0,0,0,0,51,51
523.0,2016-10-20 07:39:00,0,0,0,0,51,51
523.0,2016-10-20 07:42:00,0,0,0,0,51,51
523.0,2016-10-20 07:45:00,0,0,0,0,51,51
523.0,2016-10-20 07:48:00,0,2,2,2,49,51
523.0,2016-10-20 07:51:00,2,0,-2,0,51,51
523.0,2016-10-20 07:54:00,0,0,0,0,51,51
523.0,2016-10-20 07:57:00,1,1,0,0,51,51
523.0,2016-10-20 08:00:00,1,2,1,1,50,51
523.0,2016-10-20 08:03:00,1,3,2,3,48,51
523.0,2016-10-20 08:06:00,2,1,-1,2,49,51
523.0,2016-10-20 08:09:00,2,1,-1,1,50,51
523.0,2016-10-20 08:12:00,1,0,-1,0,51,51
523.0,2016-10-20 08:15:00,2,2,0,0,51,51
523.0,2016-10-20 08:18:00,0,1,1,1,50,51
523.0,2016-10-20 08:21:00,0,3,3,4,47,51
523.0,2016-10-20 08:24:00,1,0,-1,3,48,51
523.0,2016-10-20 08:26:00,0,2,2,6,45,51
523.0,2016-10-20 08:29:00,4,0,-4,2,49,51
523.0,2016-10-20 08:32:00,2,1,-1,1,50,51
523.0,2016-10-20 08:35:00,4,4,0,1,50,51
523.0,2016-10-20 08:38:00,1,0,-1,0,51,51
523.0,2016-10-20 08:41:00,1,1,0,0,51,51
523.0,2016-10-20 08:44:00,1,2,1,1,50,51
523.0,2016-10-20 08:47:00,1,0,-1,0,51,51
523.0,2016-10-20 08:50:00,3,4,1,1,50,51
523.0,2016-10-20 08:53:00,2,1,-1,0,51,51
523.0,2016-10-20 08:56:00,3,3,0,0,51,51
523.0,2016-10-20 08:59:00,1,2,1,1,50,51
523.0,2016-10-20 09:01:00,0,0,0,1,50,51
523.0,2016-10-20 09:04:00,1,4,3,4,47,51
523.0,2016-10-20 09:07:00,1,1,0,4,47,51
523.0,2016-10-20 09:10:00,1,0,-1,3,48,51
523.0,2016-10-20 09:13:00,2,1,-1,2,49,51
523.0,2016-10-20 09:16:00,4,2,-2,0,51,51
523.0,2016-10-20 09:19:00,1,1,0,0,51,51
523.0,2016-10-20 09:22:00,2,2,0,0,51,51
523.0,2016-10-20 09:25:00,0,0,0,0,51,51
523.0,2016-10-20 09:28:00,7,7,0,0,51,51
523.0,2016-10-20 09:31:00,1,2,1,1,50,51
523.0,2016-10-20 09:34:00,2,1,-1,0,51,51
523.0,2016-10-20 09:36:00,1,1,0,0,51,51
523.0,2016-10-20 09:39:00,0,0,0,0,51,51
523.0,2016-10-20 09:42:00,0,1,1,1,50,51
523.0,2016-10-20 09:45:00,1,2,1,2,49,51
523.0,2016-10-20 09:48:00,1,2,1,3,48,51
523.0,2016-10-20 09:51:00,2,2,0,3,48,51
523.0,2016-10-20 09:54:00,2,1,-1,2,49,51
523.0,2016-10-20 09:57:00,2,1,-1,1,50,51
523.0,2016-10-20 10:00:00,2,1,-1,0,51,51
523.0,2016-10-20 10:03:00,0,0,0,0,51,51
523.0,2016-10-20 10:06:00,0,3,3,3,48,51
523.0,2016-10-20 10:09:00,1,0,-1,2,49,51
523.0,2016-10-20 10:10:00,0,0,0,2,49,51
523.0,2016-10-20 10:13:00,0,1,1,3,48,51
523.0,2016-10-20 10:16:00,1,3,2,5,46,51
523.0,2016-10-20 10:19:00,2,0,-2,3,48,51
523.0,2016-10-20 10:22:00,1,0,-1,2,49,51
523.0,2016-10-20 10:25:00,1,0,-1,1,50,51
523.0,2016-10-20 10:28:00,0,0,0,1,50,51
523.0,2016-10-20 10:31:00,0,0,0,1,50,51
523.0,2016-10-20 10:34:00,0,0,0,1,50,51
523.0,2016-10-20 10:35:00,0,1,1,1,50,51
523.0,2016-10-20 10:38:00,0,1,1,2,49,51
523.0,2016-10-20 10:41:00,1,1,0,2,49,51
523.0,2016-10-20 10:44:00,1,2,1,3,48,51
523.0,2016-10-20 10:47:00,1,1,0,3,48,51
523.0,2016-10-20 10:50:00,1,2,1,4,47,51
523.0,2016-10-20 10:53:00,1,0,-1,3,48,51
523.0,2016-10-20 10:56:00,1,0,-1,2,49,51
523.0,2016-10-20 10:59:00,1,2,1,3,48,51
523.0,2016-10-20 11:02:00,0,0,0,3,48,51
523.0,2016-10-20 11:05:00,1,1,0,3,48,51
523.0,2016-10-20 11:08:00,3,1,-2,1,50,51
523.0,2016-10-20 11:10:00,1,1,0,2,49,51
523.0,2016-10-20 11:13:00,1,0,-1,1,50,51
523.0,2016-10-20 11:16:00,1,2,1,2,49,51
523.0,2016-10-20 11:19:00,0,1,1,3,48,51
523.0,2016-10-20 11:22:00,0,1,1,4,47,51
523.0,2016-10-20 11:25:00,0,0,0,4,47,51
523.0,2016-10-20 11:28:00,0,0,0,4,47,51
523.0,2016-10-20 11:31:00,0,0,0,4,47,51
523.0,2016-10-20 11:34:00,0,0,0,4,47,51
523.0,2016-10-20 11:37:00,1,0,-1,3,48,51
523.0,2016-10-20 11:40:00,0,0,0,3,48,51
523.0,2016-10-20 11:43:00,1,1,0,3,48,51
523.0,2016-10-20 11:44:00,1,1,0,4,47,51
523.0,2016-10-20 11:47:00,0,1,1,5,46,51
523.0,2016-10-20 11:50:00,0,1,1,6,45,51
523.0,2016-10-20 11:53:00,0,1,1,7,44,51
523.0,2016-10-20 11:56:00,2,2,0,7,44,51
523.0,2016-10-20 11:59:00,0,0,0,7,44,51
523.0,2016-10-20 12:02:00,0,1,1,8,43,51
523.0,2016-10-20 12:05:00,4,1,-3,5,46,51
523.0,2016-10-20 12:06:00,4,1,-3,28,23,51
523.0,2016-10-20 12:09:00,2,1,-1,27,24,51
523.0,2016-10-20 12:12:00,1,0,-1,26,25,51
523.0,2016-10-20 12:15:00,1,2,1,27,24,51
523.0,2016-10-20 12:18:00,0,1,1,28,23,51
523.0,2016-10-20 12:21:00,1,0,-1,27,24,51
523.0,2016-10-20 12:24:00,0,0,0,27,24,51
523.0,2016-10-20 12:27:00,3,1,-2,25,26,51
523.0,2016-10-20 12:30:00,1,2,1,26,25,51
523.0,2016-10-20 12:33:00,2,0,-2,24,27,51
523.0,2016-10-20 12:36:00,0,2,2,26,25,51
523.0,2016-10-20 12:39:00,2,0,-2,31,20,51
523.0,2016-10-20 12:42:00,0,1,1,32,19,51
523.0,2016-10-20 12:45:00,0,0,0,32,19,51
523.0,2016-10-20 12:48:00,0,1,1,33,18,51
523.0,2016-10-20 12:51:00,0,0,0,33,18,51
523.0,2016-10-20 12:54:00,0,0,0,33,18,51
523.0,2016-10-20 12:57:00,0,2,2,35,16,51
523.0,2016-10-20 13:00:00,0,1,1,36,15,51
523.0,2016-10-20 13:03:00,2,0,-2,34,17,51
523.0,2016-10-20 13:06:00,1,0,-1,33,18,51
523.0,2016-10-20 13:09:00,0,2,2,35,16,51
523.0,2016-10-20 13:12:00,0,0,0,35,16,51
523.0,2016-10-20 13:15:00,1,0,-1,34,17,51
523.0,2016-10-20 13:18:00,0,1,1,35,16,51
523.0,2016-10-20 13:21:00,1,1,0,35,16,51
523.0,2016-10-20 13:24:00,0,1,1,36,15,51
523.0,2016-10-20 13:27:00,1,2,1,7,44,51
523.0,2016-10-20 13:30:00,2,0,-2,5,46,51
523.0,2016-10-20 13:33:00,2,0,-2,3,48,51
523.0,2016-10-20 13:36:00,0,2,2,5,46,51
523.0,2016-10-20 13:39:00,2,3,1,6,45,51
523.0,2016-10-20 13:42:00,0,0,0,6,45,51
523.0,2016-10-20 13:45:00,2,4,2,8,43,51
523.0,2016-10-20 13:48:00,2,1,-1,7,44,51
523.0,2016-10-20 13:51:00,2,0,-2,5,46,51
523.0,2016-10-20 13:54:00,1,0,-1,4,47,51
523.0,2016-10-20 13:57:00,0,3,3,7,44,51
523.0,2016-10-20 14:00:00,0,0,0,7,44,51
523.0,2016-10-20 14:02:00,1,0,-1,5,46,51
523.0,2016-10-20 14:05:00,2,0,-2,3,48,51
523.0,2016-10-20 14:08:00,1,1,0,3,48,51
523.0,2016-10-20 14:11:00,0,2,2,5,46,51
523.0,2016-10-20 14:14:00,1,0,-1,4,47,51
523.0,2016-10-20 14:17:00,0,0,0,4,47,51
523.0,2016-10-20 14:20:00,0,1,1,5,46,51
523.0,2016-10-20 14:23:00,0,1,1,6,45,51
523.0,2016-10-20 14:26:00,0,0,0,6,45,51
523.0,2016-10-20 14:29:00,2,1,-1,5,46,51
523.0,2016-10-20 14:32:00,0,1,1,6,45,51
523.0,2016-10-20 14:35:00,0,3,3,9,42,51
523.0,2016-10-20 14:36:00,1,4,3,10,41,51
523.0,2016-10-20 14:39:00,1,0,-1,9,42,51
523.0,2016-10-20 14:42:00,0,0,0,9,42,51
523.0,2016-10-20 14:45:00,0,1,1,10,41,51
523.0,2016-10-20 14:48:00,0,1,1,11,40,51
523.0,2016-10-20 14:51:00,2,0,-2,9,42,51
523.0,2016-10-20 14:54:00,2,1,-1,8,43,51
523.0,2016-10-20 14:57:00,0,0,0,8,43,51
523.0,2016-10-20 15:00:00,0,1,1,9,42,51
523.0,2016-10-20 15:03:00,0,0,0,9,42,51
523.0,2016-10-20 15:06:00,0,0,0,9,42,51
523.0,2016-10-20 15:09:00,0,0,0,9,42,51
523.0,2016-10-20 15:12:00,2,1,-1,8,43,51
523.0,2016-10-20 15:13:00,3,2,-1,8,43,51
523.0,2016-10-20 15:16:00,0,2,2,10,41,51
523.0,2016-10-20 15:19:00,1,3,2,12,39,51
523.0,2016-10-20 15:22:00,0,1,1,13,38,51
523.0,2016-10-20 15:25:00,1,0,-1,12,39,51
523.0,2016-10-20 15:28:00,3,1,-2,10,41,51
523.0,2016-10-20 15:31:00,0,1,1,11,40,51
523.0,2016-10-20 15:34:00,1,0,-1,10,41,51
523.0,2016-10-20 15:37:00,0,0,0,10,41,51
523.0,2016-10-20 15:40:00,2,0,-2,8,43,51
523.0,2016-10-20 15:43:00,0,1,1,9,42,51
523.0,2016-10-20 15:46:00,0,1,1,10,41,51
523.0,2016-10-20 15:49:00,0,4,4,14,37,51
523.0,2016-10-20 15:52:00,1,2,1,15,36,51
523.0,2016-10-20 15:55:00,0,0,0,15,36,51
523.0,2016-10-20 15:58:00,2,0,-2,13,38,51
523.0,2016-10-20 16:01:00,1,4,3,16,35,51
523.0,2016-10-20 16:04:00,1,1,0,16,35,51
523.0,2016-10-20 16:07:00,0,1,1,17,34,51
523.0,2016-10-20 16:10:00,0,1,1,18,33,51
523.0,2016-10-20 16:13:00,0,3,3,21,30,51
523.0,2016-10-20 16:16:00,0,2,2,23,28,51
523.0,2016-10-20 16:19:00,1,2,1,24,27,51
523.0,2016-10-20 16:22:00,0,2,2,26,25,51
523.0,2016-10-20 16:25:00,1,0,-1,25,26,51
523.0,2016-10-20 16:26:00,1,0,-1,21,30,51
523.0,2016-10-20 16:29:00,0,1,1,22,29,51
523.0,2016-10-20 16:32:00,2,0,-2,20,31,51
523.0,2016-10-20 16:35:00,3,1,-2,18,33,51
523.0,2016-10-20 16:38:00,3,6,3,21,30,51
523.0,2016-10-20 16:41:00,1,0,-1,20,31,51
523.0,2016-10-20 16:44:00,0,1,1,21,30,51
523.0,2016-10-20 16:47:00,2,3,1,22,29,51
523.0,2016-10-20 16:50:00,0,0,0,22,29,51
523.0,2016-10-20 16:53:00,2,2,0,22,29,51
523.0,2016-10-20 16:56:00,2,0,-2,20,31,51
523.0,2016-10-20 16:59:00,1,1,0,20,31,51
523.0,2016-10-20 17:02:00,3,2,-1,19,32,51
523.0,2016-10-20 17:03:00,3,1,-2,18,33,51
523.0,2016-10-20 17:06:00,5,1,-4,14,37,51
523.0,2016-10-20 17:09:00,0,6,6,20,31,51
523.0,2016-10-20 17:12:00,2,2,0,20,31,51
523.0,2016-10-20 17:15:00,5,2,-3,17,34,51
523.0,2016-10-20 17:18:00,0,4,4,21,30,51
523.0,2016-10-20 17:21:00,2,7,5,26,25,51
523.0,2016-10-20 17:24:00,1,3,2,28,23,51
523.0,2016-10-20 17:27:00,1,4,3,31,20,51
523.0,2016-10-20 17:30:00,3,1,-2,29,22,51
523.0,2016-10-20 17:33:00,3,2,-1,28,23,51
523.0,2016-10-20 17:36:00,3,3,0,28,23,51
523.0,2016-10-20 17:39:00,2,1,-1,27,24,51
523.0,2016-10-20 17:42:00,3,2,-1,26,25,51
523.0,2016-10-20 17:45:00,3,4,1,27,24,51
523.0,2016-10-20 17:48:00,2,3,1,28,23,51
523.0,2016-10-20 17:51:00,1,1,0,28,23,51
523.0,2016-10-20 17:54:00,1,4,3,31,20,51
523.0,2016-10-20 17:57:00,5,5,0,31,20,51
523.0,2016-10-20 18:00:00,2,5,3,34,17,51
523.0,2016-10-20 18:03:00,6,6,0,34,17,51
523.0,2016-10-20 18:06:00,2,3,1,35,16,51
523.0,2016-10-20 18:09:00,5,3,-2,33,18,51
523.0,2016-10-20 18:12:00,3,2,-1,32,19,51
523.0,2016-10-20 18:15:00,2,5,3,34,17,51
523.0,2016-10-20 18:18:00,3,4,1,35,16,51
523.0,2016-10-20 18:21:00,1,4,3,38,13,51
523.0,2016-10-20 18:24:00,2,4,2,40,11,51
523.0,2016-10-20 18:27:00,2,2,0,40,11,51
523.0,2016-10-20 18:30:00,1,1,0,40,11,51
523.0,2016-10-20 18:33:00,5,2,-3,37,14,51
523.0,2016-10-20 18:36:00,3,4,1,38,13,51
523.0,2016-10-20 18:39:00,2,4,2,40,11,51
523.0,2016-10-20 18:42:00,2,4,2,42,9,51
523.0,2016-10-20 18:45:00,1,2,1,43,8,51
523.0,2016-10-20 18:48:00,5,3,-2,41,10,51
523.0,2016-10-20 18:50:00,1,2,1,43,8,51
523.0,2016-10-20 18:53:00,3,3,0,43,8,51
523.0,2016-10-20 18:56:00,1,1,0,43,8,51
523.0,2016-10-20 18:59:00,2,2,0,43,8,51
523.0,2016-10-20 19:02:00,0,0,0,43,8,51
523.0,2016-10-20 19:05:00,2,1,-1,42,9,51
523.0,2016-10-20 19:08:00,0,1,1,43,8,51
523.0,2016-10-20 19:11:00,1,1,0,43,8,51
523.0,2016-10-20 19:14:00,3,1,-2,41,10,51
523.0,2016-10-20 19:17:00,0,2,2,43,8,51
523.0,2016-10-20 19:20:00,1,1,0,43,8,51
523.0,2016-10-20 19:23:00,1,1,0,43,8,51
523.0,2016-10-20 19:25:00,1,0,-1,42,9,51
523.0,2016-10-20 19:28:00,0,1,1,43,8,51
523.0,2016-10-20 19:31:00,1,0,-1,42,9,51
523.0,2016-10-20 19:34:00,0,1,1,43,8,51
523.0,2016-10-20 19:37:00,2,1,-1,42,9,51
523.0,2016-10-20 19:40:00,1,1,0,42,9,51
523.0,2016-10-20 19:43:00,1,0,-1,41,10,51
523.0,2016-10-20 19:46:00,2,2,0,41,10,51
523.0,2016-10-20 19:49:00,1,1,0,41,10,51
523.0,2016-10-20 19:52:00,1,3,2,43,8,51
523.0,2016-10-20 19:55:00,1,1,0,43,8,51
523.0,2016-10-20 19:58:00,0,0,0,43,8,51
523.0,2016-10-20 20:01:00,0,0,0,43,8,51
523.0,2016-10-20 20:02:00,0,0,0,43,8,51
523.0,2016-10-20 20:05:00,0,0,0,43,8,51
523.0,2016-10-20 20:08:00,0,0,0,43,8,51
523.0,2016-10-20 20:11:00,1,1,0,43,8,51
523.0,2016-10-20 20:14:00,1,0,-1,42,9,51
523.0,2016-10-20 20:17:00,1,2,1,43,8,51
523.0,2016-10-20 20:20:00,1,0,-1,42,9,51
523.0,2016-10-20 20:23:00,1,2,1,43,8,51
523.0,2016-10-20 20:26:00,1,1,0,43,8,51
523.0,2016-10-20 20:29:00,0,0,0,43,8,51
523.0,2016-10-20 20:32:00,0,0,0,43,8,51
523.0,2016-10-20 20:35:00,0,0,0,43,8,51
523.0,2016-10-20 20:36:00,0,0,0,43,8,51
523.0,2016-10-20 20:39:00,0,0,0,43,8,51
523.0,2016-10-20 20:42:00,1,0,-1,42,9,51
523.0,2016-10-20 20:45:00,0,0,0,42,9,51
523.0,2016-10-20 20:48:00,0,1,1,43,8,51
523.0,2016-10-20 20:51:00,1,0,-1,42,9,51
523.0,2016-10-20 20:54:00,1,1,0,42,9,51
523.0,2016-10-20 20:57:00,0,0,0,42,9,51
523.0,2016-10-20 21:00:00,1,0,-1,41,10,51
523.0,2016-10-20 21:03:00,0,1,1,42,9,51
523.0,2016-10-20 21:06:00,2,0,-2,40,11,51
523.0,2016-10-20 21:09:00,0,0,0,40,11,51
523.0,2016-10-20 21:11:00,2,3,1,42,9,51
523.0,2016-10-20 21:14:00,0,1,1,43,8,51
523.0,2016-10-20 21:17:00,0,0,0,43,8,51
523.0,2016-10-20 21:20:00,3,2,-1,42,9,51
523.0,2016-10-20 21:23:00,2,0,-2,40,11,51
523.0,2016-10-20 21:26:00,2,1,-1,39,12,51
523.0,2016-10-20 21:29:00,1,0,-1,38,13,51
523.0,2016-10-20 21:32:00,0,0,0,38,13,51
523.0,2016-10-20 21:35:00,1,0,-1,37,14,51
523.0,2016-10-20 21:38:00,0,1,1,38,13,51
523.0,2016-10-20 21:41:00,0,0,0,38,13,51
523.0,2016-10-20 21:44:00,0,0,0,38,13,51
523.0,2016-10-20 21:45:00,0,0,0,38,13,51
523.0,2016-10-20 21:48:00,0,1,1,39,12,51
523.0,2016-10-20 21:51:00,0,0,0,39,12,51
523.0,2016-10-20 21:54:00,0,1,1,40,11,51
523.0,2016-10-20 21:57:00,0,1,1,41,10,51
523.0,2016-10-20 22:00:00,1,0,-1,40,11,51
523.0,2016-10-20 22:03:00,1,0,-1,39,12,51
523.0,2016-10-20 22:06:00,1,0,-1,38,13,51
523.0,2016-10-20 22:09:00,1,0,-1,37,14,51
523.0,2016-10-20 22:12:00,1,1,0,37,14,51
523.0,2016-10-20 22:15:00,0,0,0,37,14,51
523.0,2016-10-20 22:18:00,1,1,0,37,14,51
523.0,2016-10-20 22:19:00,2,1,-1,36,15,51
523.0,2016-10-20 22:22:00,0,0,0,36,15,51
523.0,2016-10-20 22:25:00,1,0,-1,35,16,51
523.0,2016-10-20 22:28:00,0,0,0,35,16,51
523.0,2016-10-20 22:31:00,0,1,1,36,15,51
523.0,2016-10-20 22:34:00,0,0,0,36,15,51
523.0,2016-10-20 22:37:00,1,1,0,36,15,51
523.0,2016-10-20 22:40:00,0,0,0,36,15,51
523.0,2016-10-20 22:43:00,0,0,0,36,15,51
523.0,2016-10-20 22:46:00,0,0,0,36,15,51
523.0,2016-10-20 22:49:00,0,0,0,36,15,51
523.0,2016-10-20 22:52:00,0,0,0,36,15,51
523.0,2016-10-20 22:53:00,0,0,0,36,15,51
523.0,2016-10-20 22:56:00,0,0,0,36,15,51
523.0,2016-10-20 22:59:00,0,1,1,37,14,51
523.0,2016-10-20 23:02:00,0,2,2,39,12,51
523.0,2016-10-20 23:05:00,0,1,1,40,11,51
523.0,2016-10-20 23:08:00,0,0,0,40,11,51
523.0,2016-10-20 23:11:00,1,0,-1,39,12,51
523.0,2016-10-20 23:14:00,0,0,0,39,12,51
523.0,2016-10-20 23:17:00,0,1,1,40,11,51
523.0,2016-10-20 23:20:00,0,0,0,40,11,51
523.0,2016-10-20 23:23:00,0,0,0,40,11,51
523.0,2016-10-20 23:26:00,0,1,1,41,10,51
523.0,2016-10-20 23:29:00,0,1,1,42,9,51
523.0,2016-10-20 23:32:00,0,0,0,42,9,51
523.0,2016-10-20 23:35:00,0,0,0,42,9,51
523.0,2016-10-20 23:38:00,0,0,0,42,9,51
523.0,2016-10-20 23:41:00,0,0,0,42,9,51
523.0,2016-10-20 23:44:00,0,0,0,42,9,51
523.0,2016-10-20 23:47:00,0,1,1,43,8,51
523.0,2016-10-20 23:50:00,0,0,0,43,8,51
523.0,2016-10-20 23:53:00,0,0,0,43,8,51
523.0,2016-10-20 23:56:00,0,0,0,43,8,51
523.0,2016-10-20 23:59:00,0,0,0,43,8,51
523.0,2016-10-21 00:02:00,0,0,0,43,8,51
523.0,2016-10-21 00:05:00,0,0,0,43,8,51
523.0,2016-10-21 00:08:00,0,0,0,43,8,51
523.0,2016-10-21 00:11:00,0,0,0,43,8,51
523.0,2016-10-21 00:14:00,0,0,0,43,8,51
523.0,2016-10-21 00:17:00,0,0,0,43,8,51
523.0,2016-10-21 00:18:00,0,0,0,3,48,51
523.0,2016-10-21 00:21:00,0,0,0,3,48,51
523.0,2016-10-21 00:24:00,0,0,0,3,48,51
523.0,2016-10-21 00:27:00,0,0,0,3,48,51
523.0,2016-10-21 00:30:00,0,0,0,3,48,51
523.0,2016-10-21 00:33:00,0,0,0,3,48,51
523.0,2016-10-21 00:36:00,0,0,0,3,48,51
523.0,2016-10-21 00:39:00,0,0,0,3,48,51
523.0,2016-10-21 00:42:00,0,0,0,3,48,51
523.0,2016-10-21 00:45:00,0,0,0,3,48,51
523.0,2016-10-21 00:48:00,0,0,0,3,48,51
523.0,2016-10-21 00:51:00,0,0,0,3,48,51
523.0,2016-10-21 00:52:00,0,0,0,3,48,51
523.0,2016-10-21 00:55:00,0,0,0,3,48,51
523.0,2016-10-21 00:58:00,0,0,0,3,48,51
523.0,2016-10-21 01:01:00,0,0,0,3,48,51
523.0,2016-10-21 01:04:00,0,0,0,3,48,51
523.0,2016-10-21 01:05:00,0,0,0,47,4,51
523.0,2016-10-21 01:08:00,0,0,0,47,4,51
523.0,2016-10-21 01:11:00,0,0,0,47,4,51
523.0,2016-10-21 01:14:00,0,0,0,47,4,51
523.0,2016-10-21 01:17:00,0,1,1,48,3,51
523.0,2016-10-21 01:20:00,0,0,0,48,3,51
523.0,2016-10-21 01:23:00,0,0,0,48,3,51
523.0,2016-10-21 01:26:00,0,0,0,48,3,51
523.0,2016-10-21 01:29:00,0,0,0,48,3,51
523.0,2016-10-21 01:32:00,0,0,0,48,3,51
523.0,2016-10-21 01:35:00,0,0,0,48,3,51
523.0,2016-10-21 01:36:00,0,0,0,48,3,51
523.0,2016-10-21 01:39:00,0,0,0,48,3,51
523.0,2016-10-21 01:42:00,0,0,0,48,3,51
523.0,2016-10-21 01:45:00,0,0,0,48,3,51
523.0,2016-10-21 01:48:00,0,0,0,48,3,51
523.0,2016-10-21 01:51:00,0,0,0,48,3,51
523.0,2016-10-21 01:54:00,0,0,0,48,3,51
523.0,2016-10-21 01:57:00,0,0,0,48,3,51
523.0,2016-10-21 02:00:00,0,0,0,48,3,51
523.0,2016-10-21 02:03:00,0,0,0,48,3,51
523.0,2016-10-21 02:06:00,0,0,0,48,3,51
523.0,2016-10-21 02:08:00,0,1,1,49,2,51
523.0,2016-10-21 02:11:00,0,0,0,49,2,51
523.0,2016-10-21 02:14:00,0,0,0,49,2,51
523.0,2016-10-21 02:17:00,0,0,0,49,2,51
523.0,2016-10-21 02:20:00,0,0,0,49,2,51
523.0,2016-10-21 02:23:00,0,0,0,49,2,51
523.0,2016-10-21 02:26:00,0,0,0,49,2,51
523.0,2016-10-21 02:29:00,0,0,0,49,2,51
523.0,2016-10-21 02:32:00,0,0,0,49,2,51
523.0,2016-10-21 02:35:00,0,0,0,49,2,51
523.0,2016-10-21 02:38:00,0,0,0,49,2,51
523.0,2016-10-21 02:39:00,0,0,0,49,2,51
523.0,2016-10-21 02:42:00,0,0,0,49,2,51
523.0,2016-10-21 02:45:00,0,0,0,49,2,51
523.0,2016-10-21 02:48:00,0,0,0,49,2,51
523.0,2016-10-21 02:51:00,0,0,0,49,2,51
523.0,2016-10-21 02:54:00,0,0,0,49,2,51
523.0,2016-10-21 02:57:00,0,0,0,49,2,51
523.0,2016-10-21 03:00:00,0,0,0,49,2,51
523.0,2016-10-21 03:03:00,0,0,0,49,2,51
523.0,2016-10-21 03:06:00,0,0,0,49,2,51
523.0,2016-10-21 03:09:00,0,0,0,49,2,51
523.0,2016-10-21 03:11:00,0,0,0,49,2,51
523.0,2016-10-21 03:14:00,0,0,0,49,2,51
523.0,2016-10-21 03:17:00,0,0,0,49,2,51
523.0,2016-10-21 03:20:00,0,0,0,49,2,51
523.0,2016-10-21 03:23:00,0,0,0,49,2,51
523.0,2016-10-21 03:26:00,0,0,0,49,2,51
523.0,2016-10-21 03:29:00,0,0,0,49,2,51
523.0,2016-10-21 03:32:00,0,0,0,49,2,51
523.0,2016-10-21 03:35:00,0,0,0,49,2,51
523.0,2016-10-21 03:38:00,0,0,0,49,2,51
523.0,2016-10-21 03:41:00,0,0,0,49,2,51
523.0,2016-10-21 03:44:00,0,0,0,49,2,51
523.0,2016-10-21 03:47:00,0,0,0,49,2,51
523.0,2016-10-21 03:50:00,0,0,0,49,2,51
523.0,2016-10-21 03:53:00,0,0,0,49,2,51
523.0,2016-10-21 03:56:00,0,0,0,49,2,51
523.0,2016-10-21 03:59:00,0,0,0,49,2,51
523.0,2016-10-21 04:02:00,0,0,0,49,2,51
523.0,2016-10-21 04:05:00,0,0,0,49,2,51
523.0,2016-10-21 04:08:00,0,0,0,49,2,51
523.0,2016-10-21 04:11:00,0,0,0,49,2,51
523.0,2016-10-21 04:14:00,0,0,0,49,2,51
523.0,2016-10-21 04:17:00,0,0,0,49,2,51
523.0,2016-10-21 04:19:00,0,0,0,49,2,51
523.0,2016-10-21 04:22:00,0,0,0,49,2,51
523.0,2016-10-21 04:25:00,0,0,0,49,2,51
523.0,2016-10-21 04:28:00,0,0,0,49,2,51
523.0,2016-10-21 04:31:00,0,0,0,49,2,51
523.0,2016-10-21 04:34:00,0,0,0,49,2,51
523.0,2016-10-21 04:37:00,0,0,0,49,2,51
523.0,2016-10-21 04:40:00,0,0,0,49,2,51
523.0,2016-10-21 04:43:00,0,0,0,49,2,51
523.0,2016-10-21 04:46:00,0,0,0,49,2,51
523.0,2016-10-21 04:49:00,0,0,0,49,2,51
523.0,2016-10-21 04:50:00,0,0,0,49,2,51
523.0,2016-10-21 04:53:00,0,0,0,49,2,51
523.0,2016-10-21 04:56:00,0,0,0,49,2,51
523.0,2016-10-21 04:59:00,0,0,0,49,2,51
523.0,2016-10-21 05:02:00,0,0,0,49,2,51
523.0,2016-10-21 05:05:00,0,0,0,49,2,51
523.0,2016-10-21 05:08:00,0,0,0,49,2,51
523.0,2016-10-21 05:11:00,0,0,0,49,2,51
523.0,2016-10-21 05:14:00,0,0,0,49,2,51
523.0,2016-10-21 05:17:00,0,0,0,49,2,51
523.0,2016-10-21 05:20:00,0,0,0,49,2,51
523.0,2016-10-21 05:22:00,0,0,0,49,2,51
523.0,2016-10-21 05:25:00,0,0,0,49,2,51
523.0,2016-10-21 05:28:00,0,0,0,49,2,51
523.0,2016-10-21 05:31:00,0,0,0,49,2,51
523.0,2016-10-21 05:34:00,0,0,0,49,2,51
523.0,2016-10-21 05:37:00,0,0,0,49,2,51
523.0,2016-10-21 05:40:00,0,0,0,49,2,51
523.0,2016-10-21 05:43:00,0,0,0,49,2,51
523.0,2016-10-21 05:46:00,0,0,0,49,2,51
523.0,2016-10-21 05:49:00,0,0,0,49,2,51
523.0,2016-10-21 05:52:00,1,0,-1,48,3,51
523.0,2016-10-21 05:55:00,0,0,0,48,3,51
523.0,2016-10-21 05:58:00,0,0,0,48,3,51
523.0,2016-10-21 06:01:00,0,0,0,48,3,51
523.0,2016-10-21 06:04:00,0,0,0,48,3,51
523.0,2016-10-21 06:07:00,0,0,0,48,3,51
523.0,2016-10-21 06:10:00,1,0,-1,47,4,51
523.0,2016-10-21 06:13:00,0,0,0,47,4,51
523.0,2016-10-21 06:16:00,0,0,0,47,4,51
523.0,2016-10-21 06:19:00,1,0,-1,46,5,51
523.0,2016-10-21 06:22:00,0,0,0,46,5,51
523.0,2016-10-21 06:25:00,0,0,0,46,5,51
523.0,2016-10-21 06:28:00,1,0,-1,45,6,51
523.0,2016-10-21 06:29:00,1,0,-1,45,6,51
523.0,2016-10-21 06:32:00,0,0,0,45,6,51
523.0,2016-10-21 06:35:00,0,0,0,45,6,51
523.0,2016-10-21 06:38:00,2,0,-2,43,8,51
523.0,2016-10-21 06:41:00,2,0,-2,41,10,51
523.0,2016-10-21 06:44:00,1,0,-1,40,11,51
523.0,2016-10-21 06:47:00,0,0,0,40,11,51
523.0,2016-10-21 06:50:00,0,0,0,40,11,51
523.0,2016-10-21 06:53:00,0,0,0,40,11,51
523.0,2016-10-21 06:56:00,0,0,0,40,11,51
523.0,2016-10-21 06:59:00,1,0,-1,39,12,51
523.0,2016-10-21 07:02:00,0,0,0,39,12,51
523.0,2016-10-21 07:05:00,0,0,0,39,12,51
523.0,2016-10-21 07:08:00,1,1,0,39,12,51
523.0,2016-10-21 07:11:00,1,1,0,39,12,51
523.0,2016-10-21 07:14:00,1,0,-1,38,13,51
523.0,2016-10-21 07:17:00,3,0,-3,35,16,51
523.0,2016-10-21 07:20:00,2,0,-2,33,18,51
523.0,2016-10-21 07:23:00,0,0,0,33,18,51
523.0,2016-10-21 07:26:00,4,0,-4,29,22,51
523.0,2016-10-21 07:29:00,7,0,-7,22,29,51
523.0,2016-10-21 07:32:00,1,0,-1,21,30,51
523.0,2016-10-21 07:35:00,1,0,-1,20,31,51
523.0,2016-10-21 07:38:00,1,0,-1,19,32,51
523.0,2016-10-21 07:41:00,2,0,-2,16,35,51
523.0,2016-10-21 07:44:00,1,0,-1,15,36,51
523.0,2016-10-21 07:47:00,3,0,-3,12,39,51
523.0,2016-10-21 07:50:00,3,1,-2,10,41,51
523.0,2016-10-21 07:53:00,3,2,-1,9,42,51
523.0,2016-10-21 07:56:00,1,0,-1,8,43,51
523.0,2016-10-21 07:59:00,1,0,-1,7,44,51
523.0,2016-10-21 08:02:00,2,0,-2,5,46,51
523.0,2016-10-21 08:05:00,2,0,-2,3,48,51
523.0,2016-10-21 08:08:00,4,2,-2,1,50,51
523.0,2016-10-21 08:11:00,0,1,1,2,49,51
523.0,2016-10-21 08:14:00,2,1,-1,1,50,51
523.0,2016-10-21 08:16:00,0,4,4,5,46,51
523.0,2016-10-21 08:19:00,0,1,1,6,45,51
523.0,2016-10-21 08:22:00,1,1,0,6,45,51
523.0,2016-10-21 08:25:00,3,2,-1,5,46,51
523.0,2016-10-21 08:28:00,4,1,-3,2,49,51
523.0,2016-10-21 08:31:00,2,1,-1,1,50,51
523.0,2016-10-21 08:34:00,0,0,0,1,50,51
523.0,2016-10-21 08:37:00,0,1,1,2,49,51
523.0,2016-10-21 08:40:00,1,1,0,2,49,51
523.0,2016-10-21 08:43:00,3,2,-1,1,50,51
523.0,2016-10-21 08:46:00,0,0,0,1,50,51
523.0,2016-10-21 08:49:00,0,1,1,2,49,51
523.0,2016-10-21 08:51:00,1,2,1,3,48,51
523.0,2016-10-21 08:54:00,1,5,4,7,44,51
523.0,2016-10-21 08:57:00,2,1,-1,6,45,51
523.0,2016-10-21 09:00:00,1,1,0,6,45,51
523.0,2016-10-21 09:03:00,4,0,-4,2,49,51
523.0,2016-10-21 09:06:00,0,1,1,3,48,51
523.0,2016-10-21 09:09:00,0,1,1,4,47,51
523.0,2016-10-21 09:12:00,0,1,1,5,46,51
523.0,2016-10-21 09:15:00,0,0,0,5,46,51
523.0,2016-10-21 09:18:00,0,0,0,5,46,51
523.0,2016-10-21 09:21:00,0,1,1,6,45,51
523.0,2016-10-21 09:24:00,0,0,0,6,45,51
523.0,2016-10-21 09:26:00,0,0,0,6,45,51
523.0,2016-10-21 09:29:00,0,0,0,6,45,51
523.0,2016-10-21 09:32:00,0,1,1,7,44,51
523.0,2016-10-21 09:35:00,0,0,0,7,44,51
523.0,2016-10-21 09:38:00,0,0,0,7,44,51
523.0,2016-10-21 09:41:00,0,0,0,7,44,51
523.0,2016-10-21 09:44:00,1,0,-1,6,45,51
523.0,2016-10-21 09:47:00,0,0,0,6,45,51
523.0,2016-10-21 09:50:00,0,0,0,6,45,51
523.0,2016-10-21 09:53:00,0,0,0,6,45,51
523.0,2016-10-21 09:56:00,0,0,0,6,45,51
523.0,2016-10-21 09:59:00,0,0,0,6,45,51
523.0,2016-10-21 10:00:00,0,0,0,5,46,51
523.0,2016-10-21 10:03:00,0,0,0,5,46,51
523.0,2016-10-21 10:06:00,0,0,0,5,46,51
523.0,2016-10-21 10:09:00,0,0,0,5,46,51
523.0,2016-10-21 10:12:00,0,0,0,5,46,51
523.0,2016-10-21 10:15:00,2,0,-2,3,48,51
523.0,2016-10-21 10:18:00,0,0,0,3,48,51
523.0,2016-10-21 10:21:00,0,0,0,3,48,51
523.0,2016-10-21 10:24:00,0,1,1,4,47,51
523.0,2016-10-21 10:27:00,0,0,0,4,47,51
523.0,2016-10-21 10:30:00,1,0,-1,3,48,51
523.0,2016-10-21 10:33:00,0,0,0,3,48,51
523.0,2016-10-21 10:34:00,0,0,0,5,46,51
523.0,2016-10-21 10:37:00,0,0,0,5,46,51
523.0,2016-10-21 10:40:00,0,0,0,5,46,51
523.0,2016-10-21 10:43:00,0,0,0,5,46,51
523.0,2016-10-21 10:46:00,0,0,0,5,46,51
523.0,2016-10-21 10:49:00,1,0,-1,4,47,51
523.0,2016-10-21 10:52:00,0,0,0,4,47,51
523.0,2016-10-21 10:55:00,0,0,0,4,47,51
523.0,2016-10-21 10:58:00,0,0,0,4,47,51
523.0,2016-10-21 11:01:00,0,0,0,4,47,51
523.0,2016-10-21 11:04:00,0,0,0,4,47,51
523.0,2016-10-21 11:07:00,0,0,0,4,47,51
523.0,2016-10-21 11:08:00,0,0,0,4,47,51
523.0,2016-10-21 11:11:00,0,0,0,4,47,51
523.0,2016-10-21 11:14:00,0,0,0,4,47,51
523.0,2016-10-21 11:17:00,0,0,0,4,47,51
523.0,2016-10-21 11:20:00,0,0,0,4,47,51
523.0,2016-10-21 11:23:00,0,0,0,4,47,51
523.0,2016-10-21 11:26:00,0,0,0,4,47,51
523.0,2016-10-21 11:29:00,0,0,0,4,47,51
523.0,2016-10-21 11:32:00,0,0,0,4,47,51
523.0,2016-10-21 11:35:00,0,0,0,4,47,51
523.0,2016-10-21 11:38:00,0,0,0,4,47,51
523.0,2016-10-21 11:41:00,0,0,0,4,47,51
523.0,2016-10-21 11:42:00,0,0,0,3,48,51
523.0,2016-10-21 11:45:00,0,0,0,3,48,51
523.0,2016-10-21 11:48:00,0,0,0,3,48,51
523.0,2016-10-21 11:51:00,0,0,0,3,48,51
523.0,2016-10-21 11:54:00,0,0,0,3,48,51
523.0,2016-10-21 11:57:00,0,0,0,3,48,51
523.0,2016-10-21 12:00:00,0,0,0,3,48,51
523.0,2016-10-21 12:03:00,0,0,0,3,48,51
523.0,2016-10-21 12:06:00,0,0,0,3,48,51
523.0,2016-10-21 12:09:00,0,0,0,3,48,51
523.0,2016-10-21 12:12:00,1,0,-1,2,49,51
523.0,2016-10-21 12:15:00,0,0,0,2,49,51
523.0,2016-10-21 12:18:00,0,0,0,2,49,51
523.0,2016-10-21 12:21:00,0,0,0,2,49,51
523.0,2016-10-21 12:24:00,0,0,0,2,49,51
523.0,2016-10-21 12:27:00,0,0,0,2,49,51
523.0,2016-10-21 12:30:00,0,0,0,2,49,51
523.0,2016-10-21 12:32:00,0,1,1,44,7,51
523.0,2016-10-21 12:35:00,0,0,0,44,7,51
523.0,2016-10-21 12:38:00,0,0,0,44,7,51
523.0,2016-10-21 12:41:00,1,0,-1,43,8,51
523.0,2016-10-21 12:44:00,0,0,0,43,8,51
523.0,2016-10-21 12:47:00,0,0,0,43,8,51
523.0,2016-10-21 12:50:00,0,0,0,43,8,51
523.0,2016-10-21 12:53:00,0,0,0,43,8,51
523.0,2016-10-21 12:56:00,0,1,1,44,7,51
523.0,2016-10-21 12:59:00,0,0,0,44,7,51
523.0,2016-10-21 13:02:00,0,0,0,44,7,51
523.0,2016-10-21 13:05:00,0,0,0,44,7,51
523.0,2016-10-21 13:08:00,0,0,0,44,7,51
523.0,2016-10-21 13:11:00,0,0,0,44,7,51
523.0,2016-10-21 13:14:00,0,0,0,44,7,51
523.0,2016-10-21 13:17:00,0,0,0,44,7,51
523.0,2016-10-21 13:20:00,0,0,0,44,7,51
523.0,2016-10-21 13:23:00,0,0,0,44,7,51
523.0,2016-10-21 13:24:00,0,0,0,3,48,51
523.0,2016-10-21 13:27:00,0,0,0,3,48,51
523.0,2016-10-21 13:30:00,0,0,0,3,48,51
523.0,2016-10-21 13:33:00,0,0,0,3,48,51
523.0,2016-10-21 13:36:00,0,0,0,3,48,51
523.0,2016-10-21 13:39:00,0,0,0,3,48,51
523.0,2016-10-21 13:42:00,0,0,0,3,48,51
523.0,2016-10-21 13:45:00,0,1,1,4,47,51
523.0,2016-10-21 13:48:00,1,1,0,4,47,51
523.0,2016-10-21 13:51:00,0,1,1,5,46,51
523.0,2016-10-21 13:54:00,0,0,0,5,46,51
523.0,2016-10-21 13:57:00,0,0,0,5,46,51
523.0,2016-10-21 13:59:00,0,0,0,5,46,51
523.0,2016-10-21 14:02:00,0,1,1,6,45,51
523.0,2016-10-21 14:05:00,0,0,0,6,45,51
523.0,2016-10-21 14:08:00,0,0,0,6,45,51
523.0,2016-10-21 14:11:00,0,0,0,6,45,51
523.0,2016-10-21 14:14:00,0,0,0,6,45,51
523.0,2016-10-21 14:17:00,0,0,0,6,45,51
523.0,2016-10-21 14:20:00,0,1,1,7,44,51
523.0,2016-10-21 14:23:00,0,0,0,7,44,51
523.0,2016-10-21 14:26:00,0,0,0,7,44,51
523.0,2016-10-21 14:29:00,0,0,0,7,44,51
523.0,2016-10-21 14:32:00,0,0,0,7,44,51
523.0,2016-10-21 14:34:00,0,0,0,7,44,51
523.0,2016-10-21 14:37:00,0,0,0,7,44,51
523.0,2016-10-21 14:40:00,0,0,0,7,44,51
523.0,2016-10-21 14:43:00,0,0,0,7,44,51
523.0,2016-10-21 14:46:00,0,1,1,8,43,51
523.0,2016-10-21 14:49:00,0,0,0,8,43,51
523.0,2016-10-21 14:52:00,1,1,0,8,43,51
523.0,2016-10-21 14:55:00,0,1,1,9,42,51
523.0,2016-10-21 14:58:00,0,0,0,9,42,51
523.0,2016-10-21 15:01:00,0,0,0,9,42,51
523.0,2016-10-21 15:04:00,1,0,-1,8,43,51
523.0,2016-10-21 15:07:00,0,2,2,10,41,51
523.0,2016-10-21 15:09:00,1,0,-1,9,42,51
523.0,2016-10-21 15:12:00,0,0,0,9,42,51
523.0,2016-10-21 15:15:00,0,0,0,9,42,51
523.0,2016-10-21 15:18:00,0,0,0,9,42,51
523.0,2016-10-21 15:21:00,0,1,1,10,41,51
523.0,2016-10-21 15:24:00,1,3,2,12,39,51
523.0,2016-10-21 15:27:00,0,0,0,12,39,51
523.0,2016-10-21 15:30:00,0,1,1,13,38,51
523.0,2016-10-21 15:33:00,1,0,-1,12,39,51
523.0,2016-10-21 15:36:00,0,1,1,13,38,51
523.0,2016-10-21 15:39:00,0,0,0,13,38,51
523.0,2016-10-21 15:42:00,0,0,0,13,38,51
523.0,2016-10-21 15:45:00,1,0,-1,11,40,51
523.0,2016-10-21 15:48:00,0,1,1,12,39,51
523.0,2016-10-21 15:51:00,1,1,0,12,39,51
523.0,2016-10-21 15:54:00,1,2,1,13,38,51
523.0,2016-10-21 15:57:00,3,1,-2,11,40,51
523.0,2016-10-21 16:00:00,1,1,0,11,40,51
523.0,2016-10-21 16:03:00,0,0,0,11,40,51
523.0,2016-10-21 16:06:00,1,3,2,13,38,51
523.0,2016-10-21 16:09:00,1,0,-1,12,39,51
523.0,2016-10-21 16:12:00,2,1,-1,11,40,51
523.0,2016-10-21 16:15:00,2,0,-2,9,42,51
523.0,2016-10-21 16:18:00,0,0,0,9,42,51
523.0,2016-10-21 16:21:00,0,0,0,9,42,51
523.0,2016-10-21 16:22:00,1,0,-1,8,43,51
523.0,2016-10-21 16:25:00,0,2,2,10,41,51
523.0,2016-10-21 16:28:00,3,0,-3,7,44,51
523.0,2016-10-21 16:31:00,0,1,1,8,43,51
523.0,2016-10-21 16:34:00,2,3,1,9,42,51
523.0,2016-10-21 16:37:00,2,2,0,9,42,51
523.0,2016-10-21 16:40:00,1,4,3,12,39,51
523.0,2016-10-21 16:43:00,1,2,1,13,38,51
523.0,2016-10-21 16:46:00,0,4,4,17,34,51
523.0,2016-10-21 16:49:00,3,3,0,17,34,51
523.0,2016-10-21 16:52:00,2,2,0,17,34,51
523.0,2016-10-21 16:55:00,2,2,0,17,34,51
523.0,2016-10-21 16:58:00,1,0,-1,16,35,51
523.0,2016-10-21 17:01:00,0,1,1,17,34,51
523.0,2016-10-21 17:04:00,4,3,-1,16,35,51
523.0,2016-10-21 17:07:00,1,2,1,17,34,51
523.0,2016-10-21 17:10:00,0,3,3,20,31,51
523.0,2016-10-21 17:13:00,3,3,0,20,31,51
523.0,2016-10-21 17:16:00,1,4,3,23,28,51
523.0,2016-10-21 17:19:00,0,3,3,26,25,51
523.0,2016-10-21 17:22:00,0,2,2,28,23,51
523.0,2016-10-21 17:25:00,1,1,0,28,23,51
523.0,2016-10-21 17:28:00,1,4,3,31,20,51
523.0,2016-10-21 17:31:00,1,2,1,32,19,51
523.0,2016-10-21 17:34:00,1,2,1,34,17,51
523.0,2016-10-21 17:37:00,0,1,1,35,16,51
523.0,2016-10-21 17:40:00,3,2,-1,34,17,51
523.0,2016-10-21 17:43:00,1,1,0,34,17,51
523.0,2016-10-21 17:46:00,1,5,4,38,13,51
523.0,2016-10-21 17:49:00,3,3,0,38,13,51
523.0,2016-10-21 17:52:00,1,1,0,38,13,51
523.0,2016-10-21 17:55:00,4,2,-2,36,15,51
523.0,2016-10-21 17:58:00,2,2,0,36,15,51
523.0,2016-10-21 18:01:00,3,4,1,37,14,51
523.0,2016-10-21 18:04:00,4,3,-1,36,15,51
523.0,2016-10-21 18:07:00,0,2,2,38,13,51
523.0,2016-10-21 18:10:00,4,1,-3,35,16,51
523.0,2016-10-21 18:13:00,1,1,0,35,16,51
523.0,2016-10-21 18:16:00,1,2,1,36,15,51
523.0,2016-10-21 18:19:00,2,1,-1,35,16,51
523.0,2016-10-21 18:22:00,1,1,0,35,16,51
523.0,2016-10-21 18:25:00,2,4,2,37,14,51
523.0,2016-10-21 18:28:00,1,3,2,39,12,51
523.0,2016-10-21 18:31:00,0,6,6,45,6,51
523.0,2016-10-21 18:34:00,5,4,-1,44,7,51
523.0,2016-10-21 18:37:00,0,4,4,48,3,51
523.0,2016-10-21 18:40:00,1,0,-1,47,4,51
523.0,2016-10-21 18:43:00,1,2,1,48,3,51
523.0,2016-10-21 18:46:00,2,2,0,47,4,51
523.0,2016-10-21 18:49:00,2,0,-2,45,6,51
523.0,2016-10-21 18:52:00,1,1,0,45,6,51
523.0,2016-10-21 18:55:00,3,0,-3,42,9,51
523.0,2016-10-21 18:58:00,1,3,2,44,7,51
523.0,2016-10-21 19:01:00,1,0,-1,43,8,51
523.0,2016-10-21 19:04:00,2,1,-1,42,9,51
523.0,2016-10-21 19:07:00,1,0,-1,41,10,51
523.0,2016-10-21 19:10:00,1,2,1,42,9,51
523.0,2016-10-21 19:13:00,2,0,-2,40,11,51
523.0,2016-10-21 19:16:00,0,2,2,42,9,51
523.0,2016-10-21 19:19:00,0,1,1,43,8,51
523.0,2016-10-21 19:21:00,1,1,0,45,6,51
523.0,2016-10-21 19:24:00,1,0,-1,44,7,51
523.0,2016-10-21 19:27:00,2,1,-1,43,8,51
523.0,2016-10-21 19:30:00,0,1,1,44,7,51
523.0,2016-10-21 19:33:00,0,1,1,45,6,51
523.0,2016-10-21 19:36:00,0,0,0,45,6,51
523.0,2016-10-21 19:39:00,0,2,2,47,4,51
523.0,2016-10-21 19:42:00,2,1,-1,46,5,51
523.0,2016-10-21 19:45:00,2,0,-2,44,7,51
523.0,2016-10-21 19:48:00,0,1,1,45,6,51
523.0,2016-10-21 19:51:00,1,1,0,45,6,51
523.0,2016-10-21 19:54:00,1,2,1,46,5,51
523.0,2016-10-21 19:55:00,0,2,2,46,5,51
523.0,2016-10-21 19:58:00,0,0,0,46,5,51
523.0,2016-10-21 20:01:00,0,0,0,46,5,51
523.0,2016-10-21 20:04:00,0,1,1,47,4,51
523.0,2016-10-21 20:07:00,0,0,0,47,4,51
523.0,2016-10-21 20:10:00,0,0,0,47,4,51
523.0,2016-10-21 20:13:00,1,1,0,47,4,51
523.0,2016-10-21 20:16:00,1,1,0,47,4,51
523.0,2016-10-21 20:19:00,0,2,2,49,2,51
523.0,2016-10-21 20:22:00,0,1,1,50,1,51
523.0,2016-10-21 20:25:00,1,0,-1,49,2,51
523.0,2016-10-21 20:28:00,0,1,1,50,1,51
523.0,2016-10-21 20:30:00,1,1,0,48,3,51
523.0,2016-10-21 20:33:00,0,0,0,48,3,51
523.0,2016-10-21 20:36:00,0,1,1,49,2,51
523.0,2016-10-21 20:39:00,0,0,0,49,2,51
523.0,2016-10-21 20:42:00,0,0,0,49,2,51
523.0,2016-10-21 20:45:00,1,0,-1,48,3,51
523.0,2016-10-21 20:48:00,0,0,0,48,3,51
523.0,2016-10-21 20:51:00,0,1,1,49,2,51
523.0,2016-10-21 20:54:00,0,0,0,49,2,51
523.0,2016-10-21 20:57:00,0,0,0,49,2,51
523.0,2016-10-21 21:00:00,3,1,-2,47,4,51
523.0,2016-10-21 21:03:00,0,0,0,47,4,51
523.0,2016-10-21 21:04:00,0,0,0,47,4,51
523.0,2016-10-21 21:07:00,1,1,0,47,4,51
523.0,2016-10-21 21:10:00,2,0,-2,45,6,51
523.0,2016-10-21 21:13:00,1,0,-1,44,7,51
523.0,2016-10-21 21:16:00,0,0,0,44,7,51
523.0,2016-10-21 21:19:00,0,1,1,45,6,51
523.0,2016-10-21 21:22:00,3,0,-3,42,9,51
523.0,2016-10-21 21:25:00,1,1,0,42,9,51
523.0,2016-10-21 21:28:00,3,1,-2,40,11,51
523.0,2016-10-21 21:31:00,1,0,-1,39,12,51
523.0,2016-10-21 21:34:00,0,0,0,39,12,51
523.0,2016-10-21 21:37:00,0,0,0,39,12,51
523.0,2016-10-21 21:38:00,0,0,0,39,12,51
523.0,2016-10-21 21:41:00,0,0,0,39,12,51
523.0,2016-10-21 21:44:00,0,0,0,39,12,51
523.0,2016-10-21 21:47:00,0,0,0,39,12,51
523.0,2016-10-21 21:50:00,0,0,0,39,12,51
523.0,2016-10-21 21:53:00,0,0,0,39,12,51
523.0,2016-10-21 21:56:00,1,0,-1,38,13,51
523.0,2016-10-21 21:59:00,0,0,0,38,13,51
523.0,2016-10-21 22:02:00,0,0,0,38,13,51
523.0,2016-10-21 22:05:00,2,0,-2,36,15,51
523.0,2016-10-21 22:06:00,1,0,-1,36,15,51
523.0,2016-10-21 22:09:00,1,2,1,37,14,51
523.0,2016-10-21 22:12:00,0,0,0,37,14,51
523.0,2016-10-21 22:15:00,0,0,0,37,14,51
523.0,2016-10-21 22:18:00,0,1,1,38,13,51
523.0,2016-10-21 22:21:00,0,0,0,38,13,51
523.0,2016-10-21 22:24:00,1,0,-1,37,14,51
523.0,2016-10-21 22:27:00,1,0,-1,36,15,51
523.0,2016-10-21 22:30:00,1,0,-1,35,16,51
523.0,2016-10-21 22:33:00,1,0,-1,34,17,51
523.0,2016-10-21 22:36:00,0,1,1,35,16,51
523.0,2016-10-21 22:39:00,0,0,0,35,16,51
523.0,2016-10-21 22:42:00,0,0,0,35,16,51
523.0,2016-10-21 22:45:00,0,0,0,35,16,51
523.0,2016-10-21 22:48:00,0,0,0,35,16,51
523.0,2016-10-21 22:51:00,0,0,0,35,16,51
523.0,2016-10-21 22:54:00,0,0,0,35,16,51
523.0,2016-10-21 22:57:00,0,0,0,35,16,51
523.0,2016-10-21 23:00:00,0,0,0,35,16,51
523.0,2016-10-21 23:03:00,0,0,0,35,16,51
523.0,2016-10-21 23:06:00,0,0,0,35,16,51
523.0,2016-10-21 23:09:00,0,1,1,36,15,51
523.0,2016-10-21 23:12:00,0,0,0,36,15,51
523.0,2016-10-21 23:15:00,0,0,0,36,15,51
523.0,2016-10-21 23:18:00,0,0,0,36,15,51
523.0,2016-10-21 23:21:00,0,0,0,36,15,51
523.0,2016-10-21 23:24:00,0,0,0,36,15,51
523.0,2016-10-21 23:27:00,0,0,0,36,15,51
523.0,2016-10-21 23:30:00,0,0,0,36,15,51
523.0,2016-10-21 23:33:00,0,0,0,36,15,51
523.0,2016-10-21 23:36:00,0,2,2,38,13,51
523.0,2016-10-21 23:39:00,0,1,1,39,12,51
523.0,2016-10-21 23:42:00,0,0,0,39,12,51
523.0,2016-10-21 23:43:00,0,0,0,39,12,51
523.0,2016-10-21 23:46:00,0,0,0,39,12,51
523.0,2016-10-21 23:49:00,0,0,0,39,12,51
523.0,2016-10-21 23:52:00,0,0,0,39,12,51
523.0,2016-10-21 23:55:00,0,0,0,39,12,51
523.0,2016-10-21 23:58:00,0,0,0,39,12,51
523.0,2016-10-22 00:01:00,0,0,0,39,12,51
523.0,2016-10-22 00:04:00,0,1,1,40,11,51
523.0,2016-10-22 00:07:00,0,0,0,40,11,51
523.0,2016-10-22 00:10:00,0,0,0,40,11,51
523.0,2016-10-22 00:13:00,0,0,0,40,11,51
523.0,2016-10-22 00:16:00,0,0,0,2,49,51
523.0,2016-10-22 00:19:00,0,0,0,2,49,51
523.0,2016-10-22 00:22:00,0,0,0,2,49,51
523.0,2016-10-22 00:25:00,0,0,0,2,49,51
523.0,2016-10-22 00:28:00,1,0,-1,1,50,51
523.0,2016-10-22 00:31:00,0,0,0,1,50,51
523.0,2016-10-22 00:34:00,0,0,0,1,50,51
523.0,2016-10-22 00:37:00,0,0,0,1,50,51
523.0,2016-10-22 00:40:00,0,0,0,1,50,51
523.0,2016-10-22 00:43:00,0,0,0,1,50,51
523.0,2016-10-22 00:46:00,0,0,0,1,50,51
523.0,2016-10-22 00:49:00,0,0,0,1,50,51
523.0,2016-10-22 00:50:00,0,0,0,2,49,51
523.0,2016-10-22 00:53:00,0,0,0,2,49,51
523.0,2016-10-22 00:56:00,0,1,1,3,48,51
523.0,2016-10-22 00:59:00,0,0,0,3,48,51
523.0,2016-10-22 01:02:00,0,0,0,3,48,51
523.0,2016-10-22 01:05:00,0,0,0,3,48,51
523.0,2016-10-22 01:08:00,0,0,0,3,48,51
523.0,2016-10-22 01:11:00,0,1,1,4,47,51
523.0,2016-10-22 01:14:00,0,2,2,6,45,51
523.0,2016-10-22 01:17:00,0,0,0,6,45,51
523.0,2016-10-22 01:20:00,0,0,0,6,45,51
523.0,2016-10-22 01:22:00,0,0,0,43,8,51
523.0,2016-10-22 01:25:00,0,0,0,43,8,51
523.0,2016-10-22 01:28:00,0,0,0,43,8,51
523.0,2016-10-22 01:31:00,0,0,0,43,8,51
523.0,2016-10-22 01:34:00,0,0,0,43,8,51
523.0,2016-10-22 01:37:00,0,0,0,43,8,51
523.0,2016-10-22 01:40:00,0,0,0,43,8,51
523.0,2016-10-22 01:43:00,0,0,0,43,8,51
523.0,2016-10-22 01:46:00,0,0,0,43,8,51
523.0,2016-10-22 01:49:00,0,0,0,43,8,51
523.0,2016-10-22 01:52:00,0,0,0,43,8,51
523.0,2016-10-22 01:54:00,0,0,0,43,8,51
523.0,2016-10-22 01:57:00,0,0,0,43,8,51
523.0,2016-10-22 02:00:00,0,1,1,44,7,51
523.0,2016-10-22 02:03:00,0,0,0,44,7,51
523.0,2016-10-22 02:06:00,0,0,0,44,7,51
523.0,2016-10-22 02:09:00,0,0,0,44,7,51
523.0,2016-10-22 02:12:00,0,0,0,44,7,51
523.0,2016-10-22 02:15:00,0,0,0,44,7,51
523.0,2016-10-22 02:18:00,0,0,0,44,7,51
523.0,2016-10-22 02:21:00,0,0,0,44,7,51
523.0,2016-10-22 02:24:00,0,0,0,44,7,51
523.0,2016-10-22 02:26:00,0,0,0,44,7,51
523.0,2016-10-22 02:29:00,0,0,0,44,7,51
523.0,2016-10-22 02:32:00,0,0,0,44,7,51
523.0,2016-10-22 02:35:00,0,0,0,44,7,51
523.0,2016-10-22 02:38:00,0,0,0,44,7,51
523.0,2016-10-22 02:41:00,0,0,0,44,7,51
523.0,2016-10-22 02:44:00,0,0,0,44,7,51
523.0,2016-10-22 02:47:00,0,0,0,44,7,51
523.0,2016-10-22 02:50:00,0,0,0,44,7,51
523.0,2016-10-22 02:53:00,0,0,0,44,7,51
523.0,2016-10-22 02:56:00,0,0,0,44,7,51
523.0,2016-10-22 02:58:00,0,0,0,44,7,51
523.0,2016-10-22 03:01:00,0,0,0,44,7,51
523.0,2016-10-22 03:04:00,0,0,0,44,7,51
523.0,2016-10-22 03:07:00,0,0,0,44,7,51
523.0,2016-10-22 03:10:00,0,0,0,44,7,51
523.0,2016-10-22 03:13:00,0,0,0,44,7,51
523.0,2016-10-22 03:16:00,0,0,0,44,7,51
523.0,2016-10-22 03:19:00,0,0,0,44,7,51
523.0,2016-10-22 03:22:00,0,0,0,44,7,51
523.0,2016-10-22 03:25:00,0,0,0,44,7,51
523.0,2016-10-22 03:28:00,0,0,0,44,7,51
523.0,2016-10-22 03:31:00,0,0,0,44,7,51
523.0,2016-10-22 03:34:00,0,0,0,44,7,51
523.0,2016-10-22 03:35:00,0,0,0,44,7,51
523.0,2016-10-22 03:38:00,0,0,0,44,7,51
523.0,2016-10-22 03:41:00,0,0,0,44,7,51
523.0,2016-10-22 03:44:00,0,0,0,44,7,51
523.0,2016-10-22 03:47:00,0,0,0,44,7,51
523.0,2016-10-22 03:50:00,0,0,0,44,7,51
523.0,2016-10-22 03:53:00,0,0,0,44,7,51
523.0,2016-10-22 03:56:00,0,0,0,44,7,51
523.0,2016-10-22 03:59:00,0,0,0,44,7,51
523.0,2016-10-22 04:02:00,0,0,0,44,7,51
523.0,2016-10-22 04:05:00,0,0,0,44,7,51
523.0,2016-10-22 04:07:00,0,0,0,44,7,51
523.0,2016-10-22 04:10:00,0,0,0,44,7,51
523.0,2016-10-22 04:13:00,0,0,0,44,7,51
523.0,2016-10-22 04:16:00,0,0,0,44,7,51
523.0,2016-10-22 04:19:00,0,0,0,44,7,51
523.0,2016-10-22 04:22:00,0,0,0,44,7,51
523.0,2016-10-22 04:25:00,0,0,0,44,7,51
523.0,2016-10-22 04:28:00,0,0,0,44,7,51
523.0,2016-10-22 04:31:00,0,0,0,44,7,51
523.0,2016-10-22 04:34:00,0,0,0,44,7,51
523.0,2016-10-22 04:37:00,0,0,0,44,7,51
523.0,2016-10-22 04:39:00,0,0,0,44,7,51
523.0,2016-10-22 04:42:00,0,0,0,44,7,51
523.0,2016-10-22 04:45:00,0,0,0,44,7,51
523.0,2016-10-22 04:48:00,0,0,0,44,7,51
523.0,2016-10-22 04:51:00,0,0,0,44,7,51
523.0,2016-10-22 04:54:00,0,0,0,44,7,51
523.0,2016-10-22 04:57:00,0,0,0,44,7,51
523.0,2016-10-22 05:00:00,0,0,0,44,7,51
523.0,2016-10-22 05:03:00,0,0,0,44,7,51
523.0,2016-10-22 05:06:00,0,0,0,44,7,51
523.0,2016-10-22 05:09:00,0,0,0,44,7,51
523.0,2016-10-22 05:10:00,0,0,0,44,7,51
523.0,2016-10-22 05:13:00,0,0,0,44,7,51
523.0,2016-10-22 05:16:00,0,0,0,44,7,51
523.0,2016-10-22 05:19:00,0,0,0,44,7,51
523.0,2016-10-22 05:22:00,0,0,0,44,7,51
523.0,2016-10-22 05:25:00,0,0,0,44,7,51
523.0,2016-10-22 05:28:00,0,0,0,44,7,51
523.0,2016-10-22 05:31:00,0,0,0,44,7,51
523.0,2016-10-22 05:34:00,0,0,0,44,7,51
523.0,2016-10-22 05:37:00,0,0,0,44,7,51
523.0,2016-10-22 05:40:00,0,0,0,44,7,51
523.0,2016-10-22 05:42:00,0,0,0,44,7,51
523.0,2016-10-22 05:45:00,0,0,0,44,7,51
523.0,2016-10-22 05:48:00,0,0,0,44,7,51
523.0,2016-10-22 05:51:00,0,0,0,44,7,51
523.0,2016-10-22 05:54:00,0,0,0,44,7,51
523.0,2016-10-22 05:57:00,0,0,0,44,7,51
523.0,2016-10-22 06:00:00,0,0,0,44,7,51
523.0,2016-10-22 06:03:00,0,0,0,44,7,51
523.0,2016-10-22 06:06:00,0,0,0,44,7,51
523.0,2016-10-22 06:09:00,0,0,0,44,7,51
523.0,2016-10-22 06:12:00,0,0,0,44,7,51
523.0,2016-10-22 06:15:00,0,0,0,44,7,51
523.0,2016-10-22 06:18:00,0,0,0,44,7,51
523.0,2016-10-22 06:21:00,0,0,0,44,7,51
523.0,2016-10-22 06:24:00,0,0,0,44,7,51
523.0,2016-10-22 06:27:00,0,0,0,44,7,51
523.0,2016-10-22 06:30:00,0,0,0,44,7,51
523.0,2016-10-22 06:33:00,0,0,0,44,7,51
523.0,2016-10-22 06:36:00,0,0,0,44,7,51
523.0,2016-10-22 06:39:00,0,0,0,44,7,51
523.0,2016-10-22 06:42:00,0,0,0,44,7,51
523.0,2016-10-22 06:45:00,0,0,0,44,7,51
523.0,2016-10-22 06:48:00,0,0,0,44,7,51
523.0,2016-10-22 06:51:00,0,0,0,44,7,51
523.0,2016-10-22 06:54:00,0,0,0,44,7,51
523.0,2016-10-22 06:57:00,0,0,0,44,7,51
523.0,2016-10-22 07:00:00,0,0,0,44,7,51
523.0,2016-10-22 07:03:00,0,0,0,44,7,51
523.0,2016-10-22 07:06:00,0,0,0,44,7,51
523.0,2016-10-22 07:09:00,0,0,0,44,7,51
523.0,2016-10-22 07:12:00,0,0,0,44,7,51
523.0,2016-10-22 07:15:00,0,0,0,44,7,51
523.0,2016-10-22 07:18:00,1,0,-1,43,8,51
523.0,2016-10-22 07:21:00,0,0,0,43,8,51
523.0,2016-10-22 07:22:00,0,0,0,43,8,51
523.0,2016-10-22 07:25:00,0,0,0,43,8,51
523.0,2016-10-22 07:28:00,0,0,0,43,8,51
523.0,2016-10-22 07:31:00,0,0,0,43,8,51
523.0,2016-10-22 07:34:00,0,0,0,43,8,51
523.0,2016-10-22 07:37:00,0,0,0,43,8,51
523.0,2016-10-22 07:40:00,0,0,0,43,8,51
523.0,2016-10-22 07:43:00,0,0,0,43,8,51
523.0,2016-10-22 07:46:00,0,0,0,43,8,51
523.0,2016-10-22 07:49:00,0,0,0,43,8,51
523.0,2016-10-22 07:52:00,0,0,0,43,8,51
523.0,2016-10-22 07:55:00,0,0,0,43,8,51
523.0,2016-10-22 07:56:00,0,0,0,43,8,51
523.0,2016-10-22 07:59:00,0,0,0,43,8,51
523.0,2016-10-22 08:02:00,0,0,0,43,8,51
523.0,2016-10-22 08:05:00,0,0,0,43,8,51
523.0,2016-10-22 08:08:00,0,0,0,43,8,51
523.0,2016-10-22 08:11:00,0,0,0,43,8,51
523.0,2016-10-22 08:14:00,0,0,0,43,8,51
523.0,2016-10-22 08:17:00,0,0,0,43,8,51
523.0,2016-10-22 08:20:00,0,0,0,43,8,51
523.0,2016-10-22 08:23:00,0,0,0,43,8,51
523.0,2016-10-22 08:26:00,0,0,0,43,8,51
523.0,2016-10-22 08:29:00,0,1,1,44,7,51
523.0,2016-10-22 08:31:00,0,0,0,44,7,51
523.0,2016-10-22 08:34:00,0,0,0,44,7,51
523.0,2016-10-22 08:37:00,0,0,0,44,7,51
523.0,2016-10-22 08:40:00,0,0,0,44,7,51
523.0,2016-10-22 08:43:00,0,0,0,44,7,51
523.0,2016-10-22 08:46:00,0,0,0,44,7,51
523.0,2016-10-22 08:49:00,0,0,0,44,7,51
523.0,2016-10-22 08:52:00,0,0,0,44,7,51
523.0,2016-10-22 08:55:00,0,0,0,44,7,51
523.0,2016-10-22 08:58:00,0,0,0,44,7,51
523.0,2016-10-22 09:01:00,0,0,0,44,7,51
523.0,2016-10-22 09:04:00,0,0,0,44,7,51
523.0,2016-10-22 09:05:00,0,0,0,44,7,51
523.0,2016-10-22 09:08:00,0,0,0,44,7,51
523.0,2016-10-22 09:11:00,0,0,0,44,7,51
523.0,2016-10-22 09:14:00,0,0,0,44,7,51
523.0,2016-10-22 09:17:00,1,0,-1,43,8,51
523.0,2016-10-22 09:20:00,0,0,0,43,8,51
523.0,2016-10-22 09:23:00,0,0,0,43,8,51
523.0,2016-10-22 09:26:00,0,0,0,43,8,51
523.0,2016-10-22 09:29:00,0,0,0,43,8,51
523.0,2016-10-22 09:32:00,0,0,0,43,8,51
523.0,2016-10-22 09:35:00,0,0,0,43,8,51
523.0,2016-10-22 09:38:00,0,1,1,44,7,51
523.0,2016-10-22 09:39:00,0,1,1,45,6,51
523.0,2016-10-22 09:42:00,1,0,-1,44,7,51
523.0,2016-10-22 09:45:00,0,0,0,44,7,51
523.0,2016-10-22 09:48:00,0,0,0,44,7,51
523.0,2016-10-22 09:51:00,0,0,0,44,7,51
523.0,2016-10-22 09:54:00,0,0,0,44,7,51
523.0,2016-10-22 09:57:00,0,0,0,44,7,51
523.0,2016-10-22 10:00:00,0,0,0,44,7,51
523.0,2016-10-22 10:03:00,1,0,-1,43,8,51
523.0,2016-10-22 10:06:00,0,0,0,43,8,51
523.0,2016-10-22 10:09:00,0,0,0,43,8,51
523.0,2016-10-22 10:12:00,0,0,0,43,8,51
523.0,2016-10-22 10:14:00,0,0,0,42,9,51
523.0,2016-10-22 10:17:00,0,0,0,42,9,51
523.0,2016-10-22 10:20:00,0,0,0,42,9,51
523.0,2016-10-22 10:23:00,0,0,0,42,9,51
523.0,2016-10-22 10:26:00,0,0,0,42,9,51
523.0,2016-10-22 10:29:00,0,0,0,42,9,51
523.0,2016-10-22 10:32:00,0,0,0,42,9,51
523.0,2016-10-22 10:35:00,0,0,0,42,9,51
523.0,2016-10-22 10:38:00,0,0,0,42,9,51
523.0,2016-10-22 10:41:00,1,0,-1,41,10,51
523.0,2016-10-22 10:44:00,1,0,-1,40,11,51
523.0,2016-10-22 10:47:00,0,0,0,40,11,51
523.0,2016-10-22 10:48:00,0,0,0,40,11,51
523.0,2016-10-22 10:51:00,2,0,-2,38,13,51
523.0,2016-10-22 10:54:00,0,0,0,38,13,51
523.0,2016-10-22 10:57:00,0,0,0,38,13,51
523.0,2016-10-22 11:00:00,1,0,-1,37,14,51
523.0,2016-10-22 11:03:00,0,0,0,37,14,51
523.0,2016-10-22 11:06:00,0,0,0,37,14,51
523.0,2016-10-22 11:09:00,0,0,0,37,14,51
523.0,2016-10-22 11:12:00,2,0,-2,35,16,51
523.0,2016-10-22 11:15:00,0,0,0,35,16,51
523.0,2016-10-22 11:18:00,0,0,0,35,16,51
523.0,2016-10-22 11:21:00,0,0,0,35,16,51
523.0,2016-10-22 11:23:00,0,0,0,35,16,51
523.0,2016-10-22 11:26:00,0,0,0,35,16,51
523.0,2016-10-22 11:29:00,0,1,1,36,15,51
523.0,2016-10-22 11:32:00,0,0,0,36,15,51
523.0,2016-10-22 11:35:00,1,0,-1,35,16,51
523.0,2016-10-22 11:38:00,0,1,1,36,15,51
523.0,2016-10-22 11:41:00,0,0,0,36,15,51
523.0,2016-10-22 11:44:00,0,0,0,36,15,51
523.0,2016-10-22 11:47:00,0,0,0,36,15,51
523.0,2016-10-22 11:50:00,0,0,0,36,15,51
523.0,2016-10-22 11:53:00,0,2,2,38,13,51
523.0,2016-10-22 11:56:00,0,0,0,38,13,51
523.0,2016-10-22 11:57:00,0,0,0,38,13,51
523.0,2016-10-22 12:00:00,0,0,0,38,13,51
523.0,2016-10-22 12:03:00,0,1,1,39,12,51
523.0,2016-10-22 12:06:00,0,0,0,39,12,51
523.0,2016-10-22 12:09:00,0,0,0,39,12,51
523.0,2016-10-22 12:12:00,0,2,2,41,10,51
523.0,2016-10-22 12:15:00,0,0,0,41,10,51
523.0,2016-10-22 12:16:00,0,0,0,40,11,51
523.0,2016-10-22 12:19:00,0,0,0,40,11,51
523.0,2016-10-22 12:22:00,1,1,0,40,11,51
523.0,2016-10-22 12:25:00,0,1,1,41,10,51
523.0,2016-10-22 12:28:00,0,0,0,41,10,51
523.0,2016-10-22 12:31:00,0,0,0,41,10,51
523.0,2016-10-22 12:34:00,0,0,0,41,10,51
523.0,2016-10-22 12:37:00,0,0,0,41,10,51
523.0,2016-10-22 12:40:00,1,0,-1,40,11,51
523.0,2016-10-22 12:43:00,0,0,0,40,11,51
523.0,2016-10-22 12:46:00,0,1,1,41,10,51
523.0,2016-10-22 12:49:00,0,0,0,39,12,51
523.0,2016-10-22 12:52:00,0,0,0,39,12,51
523.0,2016-10-22 12:55:00,0,0,0,39,12,51
523.0,2016-10-22 12:58:00,0,0,0,39,12,51
523.0,2016-10-22 13:01:00,0,1,1,40,11,51
523.0,2016-10-22 13:04:00,0,0,0,40,11,51
523.0,2016-10-22 13:06:00,0,0,0,43,8,51
523.0,2016-10-22 13:09:00,0,0,0,43,8,51
523.0,2016-10-22 13:12:00,0,0,0,43,8,51
523.0,2016-10-22 13:15:00,0,0,0,43,8,51
523.0,2016-10-22 13:18:00,0,1,1,44,7,51
523.0,2016-10-22 13:21:00,1,1,0,44,7,51
523.0,2016-10-22 13:24:00,1,0,-1,43,8,51
523.0,2016-10-22 13:27:00,0,0,0,43,8,51
523.0,2016-10-22 13:30:00,0,0,0,43,8,51
523.0,2016-10-22 13:33:00,0,0,0,43,8,51
523.0,2016-10-22 13:36:00,1,1,0,43,8,51
523.0,2016-10-22 13:39:00,0,0,0,43,8,51
523.0,2016-10-22 13:41:00,0,0,0,43,8,51
523.0,2016-10-22 13:44:00,0,0,0,43,8,51
523.0,2016-10-22 13:47:00,0,0,0,43,8,51
523.0,2016-10-22 13:50:00,1,0,-1,42,9,51
523.0,2016-10-22 13:53:00,0,0,0,42,9,51
523.0,2016-10-22 13:56:00,0,0,0,42,9,51
523.0,2016-10-22 13:59:00,0,0,0,42,9,51
523.0,2016-10-22 14:02:00,0,0,0,42,9,51
523.0,2016-10-22 14:05:00,0,0,0,42,9,51
523.0,2016-10-22 14:08:00,0,0,0,42,9,51
523.0,2016-10-22 14:11:00,0,0,0,42,9,51
523.0,2016-10-22 14:14:00,0,0,0,42,9,51
523.0,2016-10-22 14:16:00,0,0,0,42,9,51
523.0,2016-10-22 14:19:00,2,0,-2,40,11,51
523.0,2016-10-22 14:22:00,0,0,0,40,11,51
523.0,2016-10-22 14:25:00,0,2,2,42,9,51
523.0,2016-10-22 14:28:00,0,0,0,42,9,51
523.0,2016-10-22 14:31:00,0,0,0,42,9,51
523.0,2016-10-22 14:34:00,0,0,0,42,9,51
523.0,2016-10-22 14:37:00,1,0,-1,41,10,51
523.0,2016-10-22 14:40:00,0,2,2,43,8,51
523.0,2016-10-22 14:43:00,0,0,0,43,8,51
523.0,2016-10-22 14:46:00,0,2,2,45,6,51
523.0,2016-10-22 14:49:00,0,0,0,45,6,51
523.0,2016-10-22 14:51:00,0,0,0,45,6,51
523.0,2016-10-22 14:54:00,0,0,0,45,6,51
523.0,2016-10-22 14:57:00,0,1,1,46,5,51
523.0,2016-10-22 15:00:00,0,1,1,47,4,51
523.0,2016-10-22 15:03:00,1,0,-1,46,5,51
523.0,2016-10-22 15:06:00,0,0,0,46,5,51
523.0,2016-10-22 15:09:00,0,0,0,46,5,51
523.0,2016-10-22 15:12:00,0,1,1,47,4,51
523.0,2016-10-22 15:15:00,1,1,0,47,4,51
523.0,2016-10-22 15:18:00,1,0,-1,46,5,51
523.0,2016-10-22 15:21:00,0,0,0,46,5,51
523.0,2016-10-22 15:24:00,0,1,1,47,4,51
523.0,2016-10-22 15:26:00,0,1,1,47,4,51
523.0,2016-10-22 15:29:00,0,0,0,47,4,51
523.0,2016-10-22 15:32:00,1,1,0,47,4,51
523.0,2016-10-22 15:35:00,1,1,0,47,4,51
523.0,2016-10-22 15:38:00,0,0,0,47,4,51
523.0,2016-10-22 15:41:00,0,0,0,47,4,51
523.0,2016-10-22 15:44:00,0,0,0,47,4,51
523.0,2016-10-22 15:47:00,0,1,1,48,3,51
523.0,2016-10-22 15:50:00,0,1,1,49,2,51
523.0,2016-10-22 15:53:00,1,0,-1,48,3,51
523.0,2016-10-22 15:56:00,0,1,1,49,2,51
523.0,2016-10-22 15:59:00,1,0,-1,48,3,51
523.0,2016-10-22 16:01:00,1,1,0,49,2,51
523.0,2016-10-22 16:04:00,0,0,0,49,2,51
523.0,2016-10-22 16:07:00,2,0,-2,47,4,51
523.0,2016-10-22 16:10:00,0,0,0,47,4,51
523.0,2016-10-22 16:13:00,0,2,2,49,2,51
523.0,2016-10-22 16:16:00,0,0,0,49,2,51
523.0,2016-10-22 16:19:00,0,0,0,49,2,51
523.0,2016-10-22 16:22:00,0,0,0,49,2,51
523.0,2016-10-22 16:25:00,1,0,-1,48,3,51
523.0,2016-10-22 16:28:00,0,0,0,48,3,51
523.0,2016-10-22 16:31:00,0,0,0,48,3,51
523.0,2016-10-22 16:34:00,1,1,0,48,3,51
523.0,2016-10-22 16:35:00,1,0,-1,48,3,51
523.0,2016-10-22 16:38:00,0,1,1,49,2,51
523.0,2016-10-22 16:41:00,1,0,-1,48,3,51
523.0,2016-10-22 16:44:00,0,0,0,48,3,51
523.0,2016-10-22 16:47:00,0,0,0,48,3,51
523.0,2016-10-22 16:50:00,0,1,1,49,2,51
523.0,2016-10-22 16:53:00,0,0,0,49,2,51
523.0,2016-10-22 16:56:00,0,0,0,49,2,51
523.0,2016-10-22 16:59:00,0,0,0,49,2,51
523.0,2016-10-22 17:02:00,0,0,0,49,2,51
523.0,2016-10-22 17:05:00,1,0,-1,48,3,51
523.0,2016-10-22 17:08:00,0,1,1,49,2,51
523.0,2016-10-22 17:10:00,0,0,0,49,2,51
523.0,2016-10-22 17:13:00,0,0,0,49,2,51
523.0,2016-10-22 17:16:00,0,0,0,49,2,51
523.0,2016-10-22 17:19:00,0,0,0,49,2,51
523.0,2016-10-22 17:22:00,2,0,-2,47,4,51
523.0,2016-10-22 17:25:00,0,0,0,47,4,51
523.0,2016-10-22 17:28:00,0,0,0,47,4,51
523.0,2016-10-22 17:31:00,0,1,1,48,3,51
523.0,2016-10-22 17:34:00,0,0,0,48,3,51
523.0,2016-10-22 17:37:00,0,0,0,48,3,51
523.0,2016-10-22 17:40:00,1,0,-1,47,4,51
523.0,2016-10-22 17:43:00,0,0,0,47,4,51
523.0,2016-10-22 17:44:00,0,0,0,47,4,51
523.0,2016-10-22 17:47:00,0,0,0,47,4,51
523.0,2016-10-22 17:50:00,1,0,-1,46,5,51
523.0,2016-10-22 17:53:00,1,0,-1,45,6,51
523.0,2016-10-22 17:56:00,0,0,0,45,6,51
523.0,2016-10-22 17:59:00,0,0,0,45,6,51
523.0,2016-10-22 18:02:00,1,2,1,46,5,51
523.0,2016-10-22 18:05:00,0,1,1,47,4,51
523.0,2016-10-22 18:08:00,0,0,0,47,4,51
523.0,2016-10-22 18:11:00,0,0,0,47,4,51
523.0,2016-10-22 18:14:00,0,1,1,48,3,51
523.0,2016-10-22 18:17:00,0,0,0,48,3,51
523.0,2016-10-22 18:18:00,1,0,-1,47,4,51
523.0,2016-10-22 18:21:00,0,0,0,47,4,51
523.0,2016-10-22 18:24:00,0,0,0,47,4,51
523.0,2016-10-22 18:27:00,0,1,1,48,3,51
523.0,2016-10-22 18:30:00,0,0,0,48,3,51
523.0,2016-10-22 18:33:00,0,0,0,48,3,51
523.0,2016-10-22 18:36:00,0,0,0,48,3,51
523.0,2016-10-22 18:39:00,1,1,0,48,3,51
523.0,2016-10-22 18:42:00,1,0,-1,47,4,51
523.0,2016-10-22 18:45:00,1,0,-1,46,5,51
523.0,2016-10-22 18:48:00,0,0,0,46,5,51
523.0,2016-10-22 18:51:00,0,0,0,46,5,51
523.0,2016-10-22 18:53:00,0,0,0,45,6,51
523.0,2016-10-22 18:56:00,0,0,0,45,6,51
523.0,2016-10-22 18:59:00,0,1,1,46,5,51
523.0,2016-10-22 19:02:00,0,0,0,46,5,51
523.0,2016-10-22 19:05:00,1,1,0,46,5,51
523.0,2016-10-22 19:08:00,0,0,0,46,5,51
523.0,2016-10-22 19:11:00,0,1,1,47,4,51
523.0,2016-10-22 19:14:00,1,0,-1,46,5,51
523.0,2016-10-22 19:17:00,0,1,1,47,4,51
523.0,2016-10-22 19:20:00,0,0,0,47,4,51
523.0,2016-10-22 19:23:00,0,0,0,47,4,51
523.0,2016-10-22 19:26:00,1,0,-1,46,5,51
523.0,2016-10-22 19:28:00,0,0,0,46,5,51
523.0,2016-10-22 19:31:00,0,0,0,46,5,51
523.0,2016-10-22 19:34:00,0,0,0,46,5,51
523.0,2016-10-22 19:37:00,0,0,0,46,5,51
523.0,2016-10-22 19:40:00,0,0,0,46,5,51
523.0,2016-10-22 19:43:00,0,0,0,46,5,51
523.0,2016-10-22 19:46:00,0,0,0,46,5,51
523.0,2016-10-22 19:49:00,0,0,0,46,5,51
523.0,2016-10-22 19:52:00,0,0,0,46,5,51
523.0,2016-10-22 19:55:00,0,0,0,46,5,51
523.0,2016-10-22 19:58:00,2,0,-2,44,7,51
523.0,2016-10-22 20:01:00,0,1,1,45,6,51
523.0,2016-10-22 20:04:00,0,0,0,45,6,51
523.0,2016-10-22 20:05:00,0,0,0,44,7,51
523.0,2016-10-22 20:08:00,1,0,-1,43,8,51
523.0,2016-10-22 20:11:00,1,0,-1,42,9,51
523.0,2016-10-22 20:14:00,0,0,0,42,9,51
523.0,2016-10-22 20:17:00,0,0,0,42,9,51
523.0,2016-10-22 20:20:00,0,0,0,42,9,51
523.0,2016-10-22 20:23:00,0,0,0,42,9,51
523.0,2016-10-22 20:26:00,0,0,0,42,9,51
523.0,2016-10-22 20:29:00,0,0,0,42,9,51
523.0,2016-10-22 20:32:00,1,0,-1,41,10,51
523.0,2016-10-22 20:35:00,0,0,0,41,10,51
523.0,2016-10-22 20:38:00,0,0,0,41,10,51
523.0,2016-10-22 20:39:00,0,0,0,41,10,51
523.0,2016-10-22 20:42:00,0,1,1,42,9,51
523.0,2016-10-22 20:45:00,0,0,0,42,9,51
523.0,2016-10-22 20:48:00,0,0,0,42,9,51
523.0,2016-10-22 20:51:00,0,0,0,42,9,51
523.0,2016-10-22 20:54:00,0,0,0,42,9,51
523.0,2016-10-22 20:57:00,0,0,0,42,9,51
523.0,2016-10-22 21:00:00,0,0,0,42,9,51
523.0,2016-10-22 21:03:00,1,0,-1,41,10,51
523.0,2016-10-22 21:06:00,0,0,0,41,10,51
523.0,2016-10-22 21:09:00,0,0,0,41,10,51
523.0,2016-10-22 21:12:00,0,0,0,41,10,51
523.0,2016-10-22 21:13:00,0,0,0,41,10,51
523.0,2016-10-22 21:16:00,0,0,0,41,10,51
523.0,2016-10-22 21:19:00,0,0,0,41,10,51
523.0,2016-10-22 21:22:00,0,0,0,41,10,51
523.0,2016-10-22 21:25:00,0,0,0,41,10,51
523.0,2016-10-22 21:28:00,1,1,0,41,10,51
523.0,2016-10-22 21:31:00,0,0,0,41,10,51
523.0,2016-10-22 21:34:00,0,0,0,41,10,51
523.0,2016-10-22 21:37:00,0,0,0,41,10,51
523.0,2016-10-22 21:40:00,0,0,0,41,10,51
523.0,2016-10-22 21:43:00,0,0,0,41,10,51
523.0,2016-10-22 21:46:00,0,0,0,41,10,51
523.0,2016-10-22 21:47:00,0,0,0,41,10,51
523.0,2016-10-22 21:50:00,0,0,0,41,10,51
523.0,2016-10-22 21:53:00,0,0,0,41,10,51
523.0,2016-10-22 21:56:00,0,0,0,41,10,51
523.0,2016-10-22 21:59:00,0,0,0,41,10,51
523.0,2016-10-22 22:02:00,0,0,0,41,10,51
523.0,2016-10-22 22:05:00,0,0,0,41,10,51
523.0,2016-10-22 22:08:00,0,0,0,41,10,51
523.0,2016-10-22 22:11:00,0,0,0,41,10,51
523.0,2016-10-22 22:14:00,1,0,-1,40,11,51
523.0,2016-10-22 22:17:00,0,0,0,40,11,51
523.0,2016-10-22 22:20:00,0,0,0,40,11,51
523.0,2016-10-22 22:21:00,0,0,0,40,11,51
523.0,2016-10-22 22:24:00,0,0,0,40,11,51
523.0,2016-10-22 22:27:00,0,0,0,40,11,51
523.0,2016-10-22 22:30:00,0,0,0,40,11,51
523.0,2016-10-22 22:33:00,0,0,0,40,11,51
523.0,2016-10-22 22:36:00,0,0,0,40,11,51
523.0,2016-10-22 22:39:00,0,0,0,40,11,51
523.0,2016-10-22 22:42:00,0,0,0,40,11,51
523.0,2016-10-22 22:45:00,0,0,0,40,11,51
523.0,2016-10-22 22:48:00,0,0,0,40,11,51
523.0,2016-10-22 22:51:00,0,0,0,40,11,51
523.0,2016-10-22 22:54:00,0,0,0,40,11,51
523.0,2016-10-22 22:55:00,0,0,0,40,11,51
523.0,2016-10-22 22:58:00,0,0,0,40,11,51
523.0,2016-10-22 23:01:00,0,0,0,40,11,51
523.0,2016-10-22 23:04:00,0,0,0,40,11,51
523.0,2016-10-22 23:07:00,0,0,0,40,11,51
523.0,2016-10-22 23:10:00,0,2,2,42,9,51
523.0,2016-10-22 23:13:00,0,0,0,42,9,51
523.0,2016-10-22 23:16:00,0,0,0,42,9,51
523.0,2016-10-22 23:19:00,1,0,-1,41,10,51
523.0,2016-10-22 23:22:00,0,0,0,41,10,51
523.0,2016-10-22 23:25:00,0,0,0,41,10,51
523.0,2016-10-22 23:28:00,0,0,0,41,10,51
523.0,2016-10-22 23:31:00,0,1,1,42,9,51
523.0,2016-10-22 23:34:00,0,0,0,42,9,51
523.0,2016-10-22 23:37:00,0,0,0,42,9,51
523.0,2016-10-22 23:40:00,0,0,0,42,9,51
523.0,2016-10-22 23:43:00,0,0,0,42,9,51
523.0,2016-10-22 23:46:00,0,0,0,42,9,51
523.0,2016-10-22 23:49:00,0,0,0,42,9,51
523.0,2016-10-22 23:52:00,0,0,0,42,9,51
523.0,2016-10-22 23:55:00,0,0,0,42,9,51
523.0,2016-10-22 23:56:00,0,0,0,42,9,51
523.0,2016-10-22 23:59:00,1,0,-1,41,10,51
523.0,2016-10-23 00:02:00,0,0,0,41,10,51
523.0,2016-10-23 00:05:00,0,1,1,42,9,51
523.0,2016-10-23 00:08:00,0,0,0,42,9,51
523.0,2016-10-23 00:11:00,0,0,0,42,9,51
523.0,2016-10-23 00:14:00,0,0,0,42,9,51
523.0,2016-10-23 00:17:00,0,0,0,42,9,51
523.0,2016-10-23 00:20:00,0,0,0,42,9,51
523.0,2016-10-23 00:23:00,0,0,0,42,9,51
523.0,2016-10-23 00:26:00,0,0,0,42,9,51
523.0,2016-10-23 00:29:00,0,0,0,42,9,51
523.0,2016-10-23 00:32:00,4,0,-4,38,13,51
523.0,2016-10-23 00:35:00,0,0,0,38,13,51
523.0,2016-10-23 00:38:00,0,0,0,38,13,51
523.0,2016-10-23 00:41:00,0,0,0,38,13,51
523.0,2016-10-23 00:44:00,0,0,0,38,13,51
523.0,2016-10-23 00:47:00,0,0,0,38,13,51
523.0,2016-10-23 00:50:00,0,0,0,38,13,51
523.0,2016-10-23 00:53:00,0,0,0,38,13,51
523.0,2016-10-23 00:56:00,0,0,0,38,13,51
523.0,2016-10-23 00:59:00,0,0,0,38,13,51
523.0,2016-10-23 01:02:00,0,0,0,38,13,51
523.0,2016-10-23 01:05:00,0,0,0,38,13,51
523.0,2016-10-23 01:08:00,0,0,0,38,13,51
523.0,2016-10-23 01:11:00,0,0,0,38,13,51
523.0,2016-10-23 01:14:00,0,0,0,38,13,51
523.0,2016-10-23 01:17:00,0,0,0,38,13,51
523.0,2016-10-23 01:20:00,0,0,0,38,13,51
523.0,2016-10-23 01:23:00,0,0,0,38,13,51
523.0,2016-10-23 01:26:00,0,0,0,38,13,51
523.0,2016-10-23 01:29:00,0,0,0,38,13,51
523.0,2016-10-23 01:32:00,0,0,0,38,13,51
523.0,2016-10-23 01:34:00,0,0,0,38,13,51
523.0,2016-10-23 01:37:00,0,0,0,38,13,51
523.0,2016-10-23 01:40:00,0,0,0,38,13,51
523.0,2016-10-23 01:43:00,0,0,0,38,13,51
523.0,2016-10-23 01:46:00,0,0,0,38,13,51
523.0,2016-10-23 01:49:00,0,0,0,38,13,51
523.0,2016-10-23 01:52:00,0,0,0,38,13,51
523.0,2016-10-23 01:55:00,0,0,0,38,13,51
523.0,2016-10-23 01:58:00,0,0,0,38,13,51
523.0,2016-10-23 02:01:00,0,0,0,38,13,51
523.0,2016-10-23 02:04:00,0,0,0,38,13,51
523.0,2016-10-23 02:06:00,0,0,0,38,13,51
523.0,2016-10-23 02:09:00,0,0,0,38,13,51
523.0,2016-10-23 02:12:00,0,0,0,38,13,51
523.0,2016-10-23 02:15:00,0,0,0,38,13,51
523.0,2016-10-23 02:18:00,0,1,1,39,12,51
523.0,2016-10-23 02:21:00,1,1,0,39,12,51
523.0,2016-10-23 02:24:00,0,0,0,39,12,51
523.0,2016-10-23 02:27:00,0,0,0,39,12,51
523.0,2016-10-23 02:30:00,0,0,0,39,12,51
523.0,2016-10-23 02:33:00,0,0,0,39,12,51
523.0,2016-10-23 02:36:00,0,0,0,39,12,51
523.0,2016-10-23 02:37:00,0,0,0,39,12,51
523.0,2016-10-23 02:40:00,0,0,0,39,12,51
523.0,2016-10-23 02:43:00,0,0,0,39,12,51
523.0,2016-10-23 02:46:00,0,0,0,39,12,51
523.0,2016-10-23 02:49:00,0,0,0,39,12,51
523.0,2016-10-23 02:52:00,0,0,0,39,12,51
523.0,2016-10-23 02:55:00,0,0,0,39,12,51
523.0,2016-10-23 02:58:00,0,0,0,39,12,51
523.0,2016-10-23 03:01:00,0,0,0,39,12,51
523.0,2016-10-23 03:04:00,0,0,0,39,12,51
523.0,2016-10-23 03:07:00,0,0,0,39,12,51
523.0,2016-10-23 03:09:00,0,0,0,39,12,51
523.0,2016-10-23 03:12:00,0,0,0,39,12,51
523.0,2016-10-23 03:15:00,0,0,0,39,12,51
523.0,2016-10-23 03:18:00,0,0,0,39,12,51
523.0,2016-10-23 03:21:00,0,0,0,39,12,51
523.0,2016-10-23 03:24:00,0,0,0,39,12,51
523.0,2016-10-23 03:27:00,0,0,0,39,12,51
523.0,2016-10-23 03:30:00,0,0,0,39,12,51
523.0,2016-10-23 03:33:00,0,0,0,39,12,51
523.0,2016-10-23 03:36:00,0,0,0,39,12,51
523.0,2016-10-23 03:39:00,0,0,0,39,12,51
523.0,2016-10-23 03:42:00,0,0,0,39,12,51
523.0,2016-10-23 03:45:00,1,0,-1,38,13,51
523.0,2016-10-23 03:46:00,1,0,-1,37,14,51
523.0,2016-10-23 03:49:00,0,0,0,37,14,51
523.0,2016-10-23 03:52:00,0,0,0,37,14,51
523.0,2016-10-23 03:55:00,0,0,0,37,14,51
523.0,2016-10-23 03:58:00,0,0,0,37,14,51
523.0,2016-10-23 04:01:00,0,0,0,37,14,51
523.0,2016-10-23 04:04:00,0,0,0,37,14,51
523.0,2016-10-23 04:07:00,0,0,0,37,14,51
523.0,2016-10-23 04:10:00,0,0,0,37,14,51
523.0,2016-10-23 04:13:00,0,0,0,37,14,51
523.0,2016-10-23 04:16:00,0,0,0,37,14,51
523.0,2016-10-23 04:17:00,0,0,0,38,13,51
523.0,2016-10-23 04:20:00,0,0,0,38,13,51
523.0,2016-10-23 04:23:00,0,0,0,38,13,51
523.0,2016-10-23 04:26:00,0,0,0,38,13,51
523.0,2016-10-23 04:29:00,0,0,0,38,13,51
523.0,2016-10-23 04:32:00,0,0,0,38,13,51
523.0,2016-10-23 04:35:00,0,0,0,38,13,51
523.0,2016-10-23 04:38:00,0,0,0,38,13,51
523.0,2016-10-23 04:41:00,0,0,0,38,13,51
523.0,2016-10-23 04:44:00,0,0,0,38,13,51
523.0,2016-10-23 04:47:00,0,0,0,38,13,51
523.0,2016-10-23 04:49:00,0,0,0,38,13,51
523.0,2016-10-23 04:52:00,0,0,0,38,13,51
523.0,2016-10-23 04:55:00,0,0,0,38,13,51
523.0,2016-10-23 04:58:00,0,0,0,38,13,51
523.0,2016-10-23 05:01:00,0,0,0,38,13,51
523.0,2016-10-23 05:04:00,0,0,0,38,13,51
523.0,2016-10-23 05:07:00,0,0,0,38,13,51
523.0,2016-10-23 05:10:00,0,0,0,38,13,51
523.0,2016-10-23 05:13:00,0,0,0,38,13,51
523.0,2016-10-23 05:16:00,0,0,0,38,13,51
523.0,2016-10-23 05:19:00,0,0,0,38,13,51
523.0,2016-10-23 05:21:00,0,0,0,38,13,51
523.0,2016-10-23 05:24:00,0,0,0,38,13,51
523.0,2016-10-23 05:27:00,0,0,0,38,13,51
523.0,2016-10-23 05:30:00,0,0,0,38,13,51
523.0,2016-10-23 05:33:00,0,0,0,38,13,51
523.0,2016-10-23 05:36:00,0,0,0,38,13,51
523.0,2016-10-23 05:39:00,0,0,0,38,13,51
523.0,2016-10-23 05:42:00,0,0,0,38,13,51
523.0,2016-10-23 05:45:00,0,0,0,38,13,51
523.0,2016-10-23 05:48:00,0,0,0,38,13,51
523.0,2016-10-23 05:51:00,0,0,0,38,13,51
523.0,2016-10-23 05:53:00,0,0,0,38,13,51
523.0,2016-10-23 05:56:00,0,0,0,38,13,51
523.0,2016-10-23 05:59:00,0,0,0,38,13,51
523.0,2016-10-23 06:02:00,0,0,0,38,13,51
523.0,2016-10-23 06:05:00,0,0,0,38,13,51
523.0,2016-10-23 06:08:00,0,0,0,38,13,51
523.0,2016-10-23 06:11:00,0,0,0,38,13,51
523.0,2016-10-23 06:14:00,0,0,0,38,13,51
523.0,2016-10-23 06:17:00,0,0,0,38,13,51
523.0,2016-10-23 06:20:00,0,0,0,38,13,51
523.0,2016-10-23 06:23:00,0,0,0,38,13,51
523.0,2016-10-23 06:26:00,0,0,0,38,13,51
523.0,2016-10-23 06:29:00,0,0,0,38,13,51
523.0,2016-10-23 06:32:00,0,0,0,38,13,51
523.0,2016-10-23 06:35:00,0,0,0,38,13,51
523.0,2016-10-23 06:38:00,0,0,0,38,13,51
523.0,2016-10-23 06:41:00,0,0,0,38,13,51
523.0,2016-10-23 06:44:00,0,0,0,38,13,51
523.0,2016-10-23 06:47:00,0,0,0,38,13,51
523.0,2016-10-23 06:50:00,0,0,0,38,13,51
523.0,2016-10-23 06:53:00,0,0,0,38,13,51
523.0,2016-10-23 06:56:00,0,0,0,38,13,51
523.0,2016-10-23 06:59:00,0,0,0,38,13,51
523.0,2016-10-23 07:02:00,0,1,1,39,12,51
523.0,2016-10-23 07:05:00,0,0,0,39,12,51
523.0,2016-10-23 07:08:00,0,0,0,39,12,51
523.0,2016-10-23 07:11:00,0,0,0,39,12,51
523.0,2016-10-23 07:14:00,0,0,0,39,12,51
523.0,2016-10-23 07:17:00,0,0,0,39,12,51
523.0,2016-10-23 07:20:00,2,0,-2,37,14,51
523.0,2016-10-23 07:23:00,0,0,0,37,14,51
523.0,2016-10-23 07:26:00,0,0,0,37,14,51
523.0,2016-10-23 07:29:00,0,0,0,37,14,51
523.0,2016-10-23 07:32:00,0,0,0,38,13,51
523.0,2016-10-23 07:35:00,0,0,0,38,13,51
523.0,2016-10-23 07:38:00,0,0,0,38,13,51
523.0,2016-10-23 07:41:00,0,0,0,38,13,51
523.0,2016-10-23 07:44:00,0,0,0,38,13,51
523.0,2016-10-23 07:47:00,0,0,0,38,13,51
523.0,2016-10-23 07:50:00,0,0,0,38,13,51
523.0,2016-10-23 07:53:00,0,1,1,39,12,51
523.0,2016-10-23 07:56:00,0,0,0,39,12,51
523.0,2016-10-23 07:59:00,0,0,0,39,12,51
523.0,2016-10-23 08:02:00,0,1,1,40,11,51
523.0,2016-10-23 08:05:00,0,0,0,40,11,51
523.0,2016-10-23 08:06:00,0,0,0,40,11,51
523.0,2016-10-23 08:09:00,0,0,0,40,11,51
523.0,2016-10-23 08:12:00,0,0,0,40,11,51
523.0,2016-10-23 08:15:00,0,0,0,40,11,51
523.0,2016-10-23 08:18:00,0,0,0,40,11,51
523.0,2016-10-23 08:21:00,0,0,0,40,11,51
523.0,2016-10-23 08:24:00,0,0,0,40,11,51
523.0,2016-10-23 08:27:00,0,0,0,40,11,51
523.0,2016-10-23 08:30:00,0,0,0,40,11,51
523.0,2016-10-23 08:33:00,1,0,-1,39,12,51
523.0,2016-10-23 08:36:00,0,0,0,39,12,51
523.0,2016-10-23 08:39:00,0,0,0,39,12,51
523.0,2016-10-23 08:42:00,0,1,1,40,11,51
523.0,2016-10-23 08:45:00,0,0,0,40,11,51
523.0,2016-10-23 08:48:00,0,0,0,40,11,51
523.0,2016-10-23 08:51:00,0,1,1,41,10,51
523.0,2016-10-23 08:54:00,0,0,0,41,10,51
523.0,2016-10-23 08:57:00,0,0,0,41,10,51
523.0,2016-10-23 09:00:00,0,0,0,41,10,51
523.0,2016-10-23 09:03:00,0,0,0,41,10,51
523.0,2016-10-23 09:06:00,0,0,0,41,10,51
523.0,2016-10-23 09:09:00,0,0,0,41,10,51
523.0,2016-10-23 09:12:00,0,0,0,41,10,51
523.0,2016-10-23 09:15:00,0,0,0,41,10,51
523.0,2016-10-23 09:18:00,2,0,-2,39,12,51
523.0,2016-10-23 09:20:00,1,0,-1,39,12,51
523.0,2016-10-23 09:23:00,0,1,1,40,11,51
523.0,2016-10-23 09:26:00,0,0,0,40,11,51
523.0,2016-10-23 09:29:00,0,0,0,40,11,51
523.0,2016-10-23 09:32:00,1,0,-1,39,12,51
523.0,2016-10-23 09:35:00,1,2,1,40,11,51
523.0,2016-10-23 09:38:00,0,0,0,40,11,51
523.0,2016-10-23 09:41:00,0,0,0,40,11,51
523.0,2016-10-23 09:44:00,0,0,0,40,11,51
523.0,2016-10-23 09:47:00,1,0,-1,39,12,51
523.0,2016-10-23 09:50:00,0,1,1,40,11,51
523.0,2016-10-23 09:53:00,0,0,0,40,11,51
523.0,2016-10-23 09:56:00,0,0,0,40,11,51
523.0,2016-10-23 09:59:00,1,0,-1,39,12,51
523.0,2016-10-23 10:02:00,1,0,-1,38,13,51
523.0,2016-10-23 10:05:00,0,2,2,40,11,51
523.0,2016-10-23 10:08:00,1,0,-1,39,12,51
523.0,2016-10-23 10:11:00,0,0,0,39,12,51
523.0,2016-10-23 10:14:00,0,0,0,39,12,51
523.0,2016-10-23 10:17:00,0,0,0,39,12,51
523.0,2016-10-23 10:20:00,1,0,-1,38,13,51
523.0,2016-10-23 10:23:00,0,0,0,38,13,51
523.0,2016-10-23 10:26:00,0,0,0,38,13,51
523.0,2016-10-23 10:27:00,0,0,0,38,13,51
523.0,2016-10-23 10:30:00,0,2,2,40,11,51
523.0,2016-10-23 10:33:00,0,0,0,40,11,51
523.0,2016-10-23 10:36:00,0,0,0,40,11,51
523.0,2016-10-23 10:39:00,0,0,0,40,11,51
523.0,2016-10-23 10:42:00,0,0,0,40,11,51
523.0,2016-10-23 10:45:00,0,0,0,40,11,51
523.0,2016-10-23 10:48:00,0,0,0,40,11,51
523.0,2016-10-23 10:51:00,0,0,0,40,11,51
523.0,2016-10-23 10:54:00,0,0,0,40,11,51
523.0,2016-10-23 10:57:00,0,0,0,40,11,51
523.0,2016-10-23 11:00:00,0,0,0,40,11,51
523.0,2016-10-23 11:02:00,0,0,0,40,11,51
523.0,2016-10-23 11:05:00,0,0,0,40,11,51
523.0,2016-10-23 11:08:00,0,1,1,41,10,51
523.0,2016-10-23 11:11:00,0,1,1,42,9,51
523.0,2016-10-23 11:14:00,0,1,1,43,8,51
523.0,2016-10-23 11:17:00,0,1,1,44,7,51
523.0,2016-10-23 11:20:00,1,0,-1,43,8,51
523.0,2016-10-23 11:23:00,0,0,0,43,8,51
523.0,2016-10-23 11:26:00,0,0,0,43,8,51
523.0,2016-10-23 11:29:00,0,0,0,43,8,51
523.0,2016-10-23 11:32:00,1,0,-1,42,9,51
523.0,2016-10-23 11:35:00,0,0,0,42,9,51
523.0,2016-10-23 11:36:00,0,0,0,42,9,51
523.0,2016-10-23 11:39:00,0,0,0,42,9,51
523.0,2016-10-23 11:42:00,0,1,1,43,8,51
523.0,2016-10-23 11:45:00,0,0,0,43,8,51
523.0,2016-10-23 11:48:00,0,0,0,43,8,51
523.0,2016-10-23 11:51:00,1,1,0,43,8,51
523.0,2016-10-23 11:54:00,1,0,-1,42,9,51
523.0,2016-10-23 11:57:00,1,0,-1,41,10,51
523.0,2016-10-23 12:00:00,0,1,1,42,9,51
523.0,2016-10-23 12:03:00,0,0,0,42,9,51
523.0,2016-10-23 12:06:00,1,0,-1,41,10,51
523.0,2016-10-23 12:09:00,0,0,0,41,10,51
523.0,2016-10-23 12:12:00,1,0,-1,40,11,51
523.0,2016-10-23 12:15:00,1,0,-1,39,12,51
523.0,2016-10-23 12:18:00,0,0,0,39,12,51
523.0,2016-10-23 12:21:00,0,1,1,40,11,51
523.0,2016-10-23 12:24:00,0,0,0,40,11,51
523.0,2016-10-23 12:27:00,0,1,1,41,10,51
523.0,2016-10-23 12:29:00,0,0,0,42,9,51
523.0,2016-10-23 12:32:00,0,0,0,42,9,51
523.0,2016-10-23 12:35:00,1,0,-1,41,10,51
523.0,2016-10-23 12:38:00,1,0,-1,40,11,51
523.0,2016-10-23 12:41:00,1,1,0,40,11,51
523.0,2016-10-23 12:44:00,1,0,-1,39,12,51
523.0,2016-10-23 12:47:00,2,0,-2,37,14,51
523.0,2016-10-23 12:50:00,0,0,0,37,14,51
523.0,2016-10-23 12:53:00,0,0,0,37,14,51
523.0,2016-10-23 12:56:00,1,0,-1,36,15,51
523.0,2016-10-23 12:59:00,1,1,0,36,15,51
523.0,2016-10-23 13:02:00,0,1,1,37,14,51
523.0,2016-10-23 13:05:00,0,0,0,37,14,51
523.0,2016-10-23 13:08:00,1,0,-1,36,15,51
523.0,2016-10-23 13:11:00,0,0,0,36,15,51
523.0,2016-10-23 13:14:00,0,0,0,36,15,51
523.0,2016-10-23 13:17:00,0,0,0,36,15,51
523.0,2016-10-23 13:19:00,0,1,1,36,15,51
523.0,2016-10-23 13:22:00,1,0,-1,35,16,51
523.0,2016-10-23 13:25:00,0,1,1,36,15,51
523.0,2016-10-23 13:28:00,0,0,0,36,15,51
523.0,2016-10-23 13:31:00,0,0,0,36,15,51
523.0,2016-10-23 13:34:00,1,0,-1,35,16,51
523.0,2016-10-23 13:37:00,1,0,-1,34,17,51
523.0,2016-10-23 13:40:00,0,0,0,34,17,51
523.0,2016-10-23 13:43:00,0,0,0,34,17,51
523.0,2016-10-23 13:46:00,0,0,0,34,17,51
523.0,2016-10-23 13:49:00,0,1,1,35,16,51
523.0,2016-10-23 13:52:00,0,0,0,35,16,51
523.0,2016-10-23 13:53:00,1,0,-1,34,17,51
523.0,2016-10-23 13:56:00,2,1,-1,33,18,51
523.0,2016-10-23 13:59:00,1,1,0,33,18,51
523.0,2016-10-23 14:02:00,4,0,-4,29,22,51
523.0,2016-10-23 14:05:00,2,1,-1,28,23,51
523.0,2016-10-23 14:08:00,0,0,0,28,23,51
523.0,2016-10-23 14:11:00,0,0,0,28,23,51
523.0,2016-10-23 14:14:00,0,1,1,29,22,51
523.0,2016-10-23 14:17:00,0,0,0,29,22,51
523.0,2016-10-23 14:20:00,0,3,3,32,19,51
523.0,2016-10-23 14:23:00,0,0,0,32,19,51
523.0,2016-10-23 14:26:00,0,2,2,34,17,51
523.0,2016-10-23 14:28:00,1,1,0,34,17,51
523.0,2016-10-23 14:31:00,1,0,-1,33,18,51
523.0,2016-10-23 14:34:00,1,1,0,33,18,51
523.0,2016-10-23 14:37:00,0,1,1,34,17,51
523.0,2016-10-23 14:40:00,0,1,1,35,16,51
523.0,2016-10-23 14:43:00,0,1,1,36,15,51
523.0,2016-10-23 14:46:00,0,0,0,36,15,51
523.0,2016-10-23 14:49:00,1,0,-1,35,16,51
523.0,2016-10-23 14:52:00,0,0,0,35,16,51
523.0,2016-10-23 14:55:00,1,0,-1,34,17,51
523.0,2016-10-23 14:58:00,1,0,-1,33,18,51
523.0,2016-10-23 15:01:00,2,0,-2,31,20,51
523.0,2016-10-23 15:02:00,1,0,-1,29,22,51
523.0,2016-10-23 15:05:00,0,0,0,29,22,51
523.0,2016-10-23 15:08:00,0,3,3,32,19,51
523.0,2016-10-23 15:11:00,1,0,-1,31,20,51
523.0,2016-10-23 15:14:00,1,0,-1,30,21,51
523.0,2016-10-23 15:17:00,0,0,0,30,21,51
523.0,2016-10-23 15:20:00,0,0,0,30,21,51
523.0,2016-10-23 15:23:00,0,0,0,30,21,51
523.0,2016-10-23 15:26:00,0,0,0,30,21,51
523.0,2016-10-23 15:29:00,0,0,0,30,21,51
523.0,2016-10-23 15:32:00,0,0,0,30,21,51
523.0,2016-10-23 15:35:00,0,0,0,30,21,51
523.0,2016-10-23 15:37:00,1,0,-1,30,21,51
523.0,2016-10-23 15:40:00,0,1,1,31,20,51
523.0,2016-10-23 15:43:00,0,2,2,33,18,51
523.0,2016-10-23 15:46:00,0,0,0,33,18,51
523.0,2016-10-23 15:49:00,1,1,0,33,18,51
523.0,2016-10-23 15:52:00,0,0,0,33,18,51
523.0,2016-10-23 15:55:00,0,0,0,33,18,51
523.0,2016-10-23 15:58:00,0,1,1,34,17,51
523.0,2016-10-23 16:01:00,2,2,0,34,17,51
523.0,2016-10-23 16:04:00,1,0,-1,33,18,51
523.0,2016-10-23 16:07:00,1,1,0,33,18,51
523.0,2016-10-23 16:10:00,0,0,0,33,18,51
523.0,2016-10-23 16:12:00,0,0,0,32,19,51
523.0,2016-10-23 16:15:00,0,0,0,32,19,51
523.0,2016-10-23 16:18:00,0,0,0,32,19,51
523.0,2016-10-23 16:21:00,0,0,0,32,19,51
523.0,2016-10-23 16:24:00,2,2,0,32,19,51
523.0,2016-10-23 16:27:00,0,0,0,32,19,51
523.0,2016-10-23 16:30:00,0,0,0,32,19,51
523.0,2016-10-23 16:33:00,0,0,0,32,19,51
523.0,2016-10-23 16:36:00,0,0,0,32,19,51
523.0,2016-10-23 16:39:00,0,0,0,32,19,51
523.0,2016-10-23 16:42:00,2,0,-2,30,21,51
523.0,2016-10-23 16:45:00,0,0,0,30,21,51
523.0,2016-10-23 16:46:00,0,0,0,30,21,51
523.0,2016-10-23 16:49:00,1,0,-1,29,22,51
523.0,2016-10-23 16:52:00,0,0,0,29,22,51
523.0,2016-10-23 16:55:00,0,0,0,29,22,51
523.0,2016-10-23 16:58:00,0,0,0,29,22,51
523.0,2016-10-23 17:01:00,1,0,-1,28,23,51
523.0,2016-10-23 17:04:00,0,0,0,28,23,51
523.0,2016-10-23 17:07:00,0,0,0,28,23,51
523.0,2016-10-23 17:10:00,0,1,1,29,22,51
523.0,2016-10-23 17:13:00,0,0,0,29,22,51
523.0,2016-10-23 17:16:00,0,2,2,31,20,51
523.0,2016-10-23 17:19:00,0,0,0,31,20,51
523.0,2016-10-23 17:22:00,1,0,-1,30,21,51
523.0,2016-10-23 17:25:00,0,0,0,30,21,51
523.0,2016-10-23 17:28:00,1,1,0,30,21,51
523.0,2016-10-23 17:31:00,0,1,1,31,20,51
523.0,2016-10-23 17:34:00,1,1,0,31,20,51
523.0,2016-10-23 17:37:00,0,1,1,32,19,51
523.0,2016-10-23 17:40:00,0,0,0,32,19,51
523.0,2016-10-23 17:43:00,1,0,-1,31,20,51
523.0,2016-10-23 17:46:00,1,0,-1,30,21,51
523.0,2016-10-23 17:49:00,1,0,-1,29,22,51
523.0,2016-10-23 17:52:00,2,1,-1,28,23,51
523.0,2016-10-23 17:55:00,2,0,-2,26,25,51
523.0,2016-10-23 17:56:00,0,0,0,26,25,51
523.0,2016-10-23 17:59:00,0,0,0,26,25,51
523.0,2016-10-23 18:02:00,1,0,-1,25,26,51
523.0,2016-10-23 18:05:00,2,1,-1,24,27,51
523.0,2016-10-23 18:08:00,1,0,-1,23,28,51
523.0,2016-10-23 18:11:00,1,1,0,23,28,51
523.0,2016-10-23 18:14:00,1,0,-1,22,29,51
523.0,2016-10-23 18:17:00,0,0,0,22,29,51
523.0,2016-10-23 18:20:00,0,0,0,22,29,51
523.0,2016-10-23 18:23:00,0,0,0,22,29,51
523.0,2016-10-23 18:26:00,0,0,0,22,29,51
523.0,2016-10-23 18:29:00,0,0,0,22,29,51
523.0,2016-10-23 18:31:00,1,0,-1,21,30,51
523.0,2016-10-23 18:34:00,0,0,0,21,30,51
523.0,2016-10-23 18:37:00,0,1,1,22,29,51
523.0,2016-10-23 18:40:00,0,0,0,22,29,51
523.0,2016-10-23 18:43:00,0,0,0,22,29,51
523.0,2016-10-23 18:46:00,0,1,1,23,28,51
523.0,2016-10-23 18:49:00,0,0,0,23,28,51
523.0,2016-10-23 18:52:00,0,1,1,24,27,51
523.0,2016-10-23 18:55:00,0,0,0,24,27,51
523.0,2016-10-23 18:58:00,1,1,0,24,27,51
523.0,2016-10-23 19:01:00,0,0,0,24,27,51
523.0,2016-10-23 19:04:00,0,0,0,24,27,51
523.0,2016-10-23 19:05:00,0,0,0,24,27,51
523.0,2016-10-23 19:08:00,0,0,0,24,27,51
523.0,2016-10-23 19:11:00,1,0,-1,23,28,51
523.0,2016-10-23 19:14:00,1,0,-1,22,29,51
523.0,2016-10-23 19:17:00,0,0,0,22,29,51
523.0,2016-10-23 19:20:00,0,0,0,22,29,51
523.0,2016-10-23 19:23:00,0,0,0,22,29,51
523.0,2016-10-23 19:26:00,0,0,0,22,29,51
523.0,2016-10-23 19:29:00,0,0,0,22,29,51
523.0,2016-10-23 19:32:00,1,0,-1,21,30,51
523.0,2016-10-23 19:35:00,0,0,0,21,30,51
523.0,2016-10-23 19:38:00,0,0,0,21,30,51
523.0,2016-10-23 19:40:00,0,0,0,20,31,51
523.0,2016-10-23 19:43:00,1,0,-1,19,32,51
523.0,2016-10-23 19:46:00,0,0,0,19,32,51
523.0,2016-10-23 19:49:00,0,0,0,19,32,51
523.0,2016-10-23 19:52:00,1,1,0,19,32,51
523.0,2016-10-23 19:55:00,1,0,-1,18,33,51
523.0,2016-10-23 19:58:00,0,0,0,18,33,51
523.0,2016-10-23 20:01:00,0,0,0,18,33,51
523.0,2016-10-23 20:04:00,0,0,0,18,33,51
523.0,2016-10-23 20:07:00,0,0,0,18,33,51
523.0,2016-10-23 20:10:00,0,0,0,18,33,51
523.0,2016-10-23 20:13:00,0,0,0,18,33,51
523.0,2016-10-23 20:16:00,0,0,0,18,33,51
523.0,2016-10-23 20:17:00,0,0,0,18,33,51
523.0,2016-10-23 20:20:00,0,0,0,18,33,51
523.0,2016-10-23 20:23:00,1,0,-1,17,34,51
523.0,2016-10-23 20:26:00,1,0,-1,16,35,51
523.0,2016-10-23 20:29:00,0,0,0,16,35,51
523.0,2016-10-23 20:32:00,0,1,1,17,34,51
523.0,2016-10-23 20:35:00,1,0,-1,16,35,51
523.0,2016-10-23 20:38:00,0,0,0,16,35,51
523.0,2016-10-23 20:41:00,0,0,0,16,35,51
523.0,2016-10-23 20:44:00,0,0,0,16,35,51
523.0,2016-10-23 20:47:00,0,0,0,16,35,51
523.0,2016-10-23 20:50:00,0,0,0,16,35,51
523.0,2016-10-23 20:53:00,1,0,-1,15,36,51
523.0,2016-10-23 20:56:00,0,0,0,15,36,51
523.0,2016-10-23 20:59:00,0,0,0,15,36,51
523.0,2016-10-23 21:02:00,0,1,1,16,35,51
523.0,2016-10-23 21:05:00,0,0,0,16,35,51
523.0,2016-10-23 21:08:00,0,0,0,16,35,51
523.0,2016-10-23 21:11:00,1,0,-1,15,36,51
523.0,2016-10-23 21:14:00,0,0,0,15,36,51
523.0,2016-10-23 21:17:00,1,0,-1,14,37,51
523.0,2016-10-23 21:20:00,0,0,0,14,37,51
523.0,2016-10-23 21:23:00,0,0,0,14,37,51
523.0,2016-10-23 21:24:00,0,0,0,14,37,51
523.0,2016-10-23 21:27:00,0,0,0,14,37,51
523.0,2016-10-23 21:30:00,0,0,0,14,37,51
523.0,2016-10-23 21:33:00,0,0,0,14,37,51
523.0,2016-10-23 21:36:00,0,0,0,14,37,51
523.0,2016-10-23 21:39:00,0,0,0,14,37,51
523.0,2016-10-23 21:42:00,0,0,0,14,37,51
523.0,2016-10-23 21:45:00,1,0,-1,13,38,51
523.0,2016-10-23 21:48:00,0,0,0,13,38,51
523.0,2016-10-23 21:51:00,0,0,0,13,38,51
523.0,2016-10-23 21:54:00,0,0,0,13,38,51
523.0,2016-10-23 21:57:00,0,0,0,13,38,51
523.0,2016-10-23 22:00:00,0,0,0,13,38,51
523.0,2016-10-23 22:03:00,0,0,0,13,38,51
523.0,2016-10-23 22:06:00,0,0,0,13,38,51
523.0,2016-10-23 22:09:00,1,0,-1,12,39,51
523.0,2016-10-23 22:12:00,0,0,0,12,39,51
523.0,2016-10-23 22:15:00,0,0,0,12,39,51
523.0,2016-10-23 22:18:00,0,0,0,12,39,51
523.0,2016-10-23 22:21:00,0,0,0,12,39,51
523.0,2016-10-23 22:24:00,0,0,0,12,39,51
523.0,2016-10-23 22:27:00,0,0,0,12,39,51
523.0,2016-10-23 22:30:00,0,0,0,12,39,51
523.0,2016-10-23 22:31:00,0,0,0,12,39,51
523.0,2016-10-23 22:34:00,0,0,0,12,39,51
523.0,2016-10-23 22:37:00,0,0,0,12,39,51
523.0,2016-10-23 22:40:00,0,0,0,12,39,51
523.0,2016-10-23 22:43:00,0,0,0,12,39,51
523.0,2016-10-23 22:46:00,0,0,0,12,39,51
523.0,2016-10-23 22:49:00,0,0,0,12,39,51
523.0,2016-10-23 22:52:00,0,0,0,12,39,51
523.0,2016-10-23 22:55:00,0,0,0,12,39,51
523.0,2016-10-23 22:58:00,0,0,0,12,39,51
523.0,2016-10-23 23:01:00,0,0,0,12,39,51
523.0,2016-10-23 23:04:00,0,0,0,12,39,51
523.0,2016-10-23 23:07:00,0,0,0,12,39,51
523.0,2016-10-23 23:10:00,0,0,0,12,39,51
523.0,2016-10-23 23:13:00,0,0,0,12,39,51
523.0,2016-10-23 23:16:00,0,0,0,12,39,51
523.0,2016-10-23 23:19:00,0,0,0,12,39,51
523.0,2016-10-23 23:22:00,0,0,0,12,39,51
523.0,2016-10-23 23:25:00,0,0,0,12,39,51
523.0,2016-10-23 23:28:00,0,0,0,12,39,51
523.0,2016-10-23 23:31:00,0,0,0,12,39,51
523.0,2016-10-23 23:34:00,0,0,0,12,39,51
523.0,2016-10-23 23:37:00,0,0,0,12,39,51
523.0,2016-10-23 23:38:00,0,1,1,13,38,51
523.0,2016-10-23 23:41:00,0,0,0,13,38,51
523.0,2016-10-23 23:44:00,0,0,0,13,38,51
523.0,2016-10-23 23:47:00,0,1,1,14,37,51
523.0,2016-10-23 23:50:00,0,0,0,14,37,51
523.0,2016-10-23 23:53:00,0,0,0,14,37,51
523.0,2016-10-23 23:56:00,0,0,0,14,37,51
523.0,2016-10-23 23:59:00,0,0,0,14,37,51
523.0,2016-10-24 00:02:00,0,0,0,14,37,51
523.0,2016-10-24 00:05:00,0,0,0,14,37,51
523.0,2016-10-24 00:08:00,0,0,0,14,37,51
523.0,2016-10-24 00:11:00,0,0,0,41,10,51
523.0,2016-10-24 00:14:00,0,0,0,41,10,51
523.0,2016-10-24 00:17:00,0,0,0,41,10,51
523.0,2016-10-24 00:20:00,0,0,0,41,10,51
523.0,2016-10-24 00:23:00,0,0,0,41,10,51
523.0,2016-10-24 00:26:00,0,0,0,41,10,51
523.0,2016-10-24 00:29:00,0,0,0,41,10,51
523.0,2016-10-24 00:32:00,0,0,0,41,10,51
523.0,2016-10-24 00:35:00,0,0,0,41,10,51
523.0,2016-10-24 00:38:00,0,0,0,41,10,51
523.0,2016-10-24 00:41:00,0,0,0,41,10,51
523.0,2016-10-24 00:44:00,0,0,0,41,10,51
523.0,2016-10-24 00:45:00,0,0,0,38,13,51
523.0,2016-10-24 00:48:00,0,0,0,38,13,51
523.0,2016-10-24 00:51:00,0,0,0,38,13,51
523.0,2016-10-24 00:54:00,0,0,0,38,13,51
523.0,2016-10-24 00:57:00,0,0,0,38,13,51
523.0,2016-10-24 01:00:00,0,0,0,38,13,51
523.0,2016-10-24 01:03:00,0,1,1,39,12,51
523.0,2016-10-24 01:06:00,0,1,1,40,11,51
523.0,2016-10-24 01:09:00,0,0,0,40,11,51
523.0,2016-10-24 01:12:00,1,0,-1,39,12,51
523.0,2016-10-24 01:15:00,0,0,0,39,12,51
523.0,2016-10-24 01:17:00,0,0,0,15,36,51
523.0,2016-10-24 01:20:00,0,0,0,15,36,51
523.0,2016-10-24 01:23:00,0,0,0,15,36,51
523.0,2016-10-24 01:26:00,0,0,0,15,36,51
523.0,2016-10-24 01:29:00,0,0,0,15,36,51
523.0,2016-10-24 01:32:00,0,0,0,15,36,51
523.0,2016-10-24 01:35:00,0,0,0,15,36,51
523.0,2016-10-24 01:38:00,0,0,0,15,36,51
523.0,2016-10-24 01:41:00,0,0,0,15,36,51
523.0,2016-10-24 01:44:00,0,0,0,15,36,51
523.0,2016-10-24 01:47:00,0,0,0,15,36,51
523.0,2016-10-24 01:50:00,0,0,0,15,36,51
523.0,2016-10-24 01:53:00,0,0,0,15,36,51
523.0,2016-10-24 01:56:00,0,0,0,15,36,51
523.0,2016-10-24 01:59:00,0,0,0,15,36,51
523.0,2016-10-24 02:02:00,0,0,0,15,36,51
523.0,2016-10-24 02:05:00,0,0,0,15,36,51
523.0,2016-10-24 02:08:00,0,0,0,15,36,51
523.0,2016-10-24 02:11:00,0,0,0,15,36,51
523.0,2016-10-24 02:14:00,0,0,0,15,36,51
523.0,2016-10-24 02:17:00,0,0,0,15,36,51
523.0,2016-10-24 02:20:00,0,0,0,15,36,51
523.0,2016-10-24 02:23:00,0,0,0,15,36,51
523.0,2016-10-24 02:26:00,0,0,0,15,36,51
523.0,2016-10-24 02:29:00,0,0,0,15,36,51
523.0,2016-10-24 02:32:00,0,0,0,15,36,51
523.0,2016-10-24 02:35:00,0,0,0,15,36,51
523.0,2016-10-24 02:38:00,0,0,0,15,36,51
523.0,2016-10-24 02:41:00,0,0,0,15,36,51
523.0,2016-10-24 02:44:00,0,0,0,15,36,51
523.0,2016-10-24 02:47:00,0,0,0,15,36,51
523.0,2016-10-24 02:50:00,0,0,0,15,36,51
523.0,2016-10-24 02:53:00,0,0,0,15,36,51
523.0,2016-10-24 02:55:00,0,0,0,15,36,51
523.0,2016-10-24 02:58:00,0,0,0,15,36,51
523.0,2016-10-24 03:01:00,0,0,0,15,36,51
523.0,2016-10-24 03:04:00,0,0,0,15,36,51
523.0,2016-10-24 03:07:00,0,0,0,15,36,51
523.0,2016-10-24 03:10:00,0,0,0,15,36,51
523.0,2016-10-24 03:13:00,0,0,0,15,36,51
523.0,2016-10-24 03:16:00,0,0,0,15,36,51
523.0,2016-10-24 03:19:00,0,0,0,15,36,51
523.0,2016-10-24 03:22:00,0,0,0,15,36,51
523.0,2016-10-24 03:25:00,0,0,0,15,36,51
523.0,2016-10-24 03:28:00,0,0,0,15,36,51
523.0,2016-10-24 03:31:00,0,0,0,15,36,51
523.0,2016-10-24 03:33:00,0,0,0,15,36,51
523.0,2016-10-24 03:36:00,0,0,0,15,36,51
523.0,2016-10-24 03:39:00,0,0,0,15,36,51
523.0,2016-10-24 03:42:00,0,0,0,15,36,51
523.0,2016-10-24 03:45:00,0,0,0,15,36,51
523.0,2016-10-24 03:48:00,0,0,0,15,36,51
523.0,2016-10-24 03:51:00,0,0,0,15,36,51
523.0,2016-10-24 03:54:00,0,0,0,15,36,51
523.0,2016-10-24 03:57:00,0,0,0,15,36,51
523.0,2016-10-24 04:00:00,0,0,0,15,36,51
523.0,2016-10-24 04:03:00,0,0,0,15,36,51
523.0,2016-10-24 04:06:00,0,0,0,15,36,51
523.0,2016-10-24 04:09:00,0,0,0,15,36,51
523.0,2016-10-24 04:12:00,0,0,0,15,36,51
523.0,2016-10-24 04:15:00,0,0,0,15,36,51
523.0,2016-10-24 04:18:00,0,0,0,15,36,51
523.0,2016-10-24 04:21:00,0,0,0,15,36,51
523.0,2016-10-24 04:24:00,0,0,0,15,36,51
523.0,2016-10-24 04:27:00,0,0,0,15,36,51
523.0,2016-10-24 04:30:00,0,0,0,15,36,51
523.0,2016-10-24 04:33:00,0,0,0,15,36,51
523.0,2016-10-24 04:36:00,0,0,0,15,36,51
523.0,2016-10-24 04:38:00,0,0,0,15,36,51
523.0,2016-10-24 04:41:00,0,0,0,15,36,51
523.0,2016-10-24 04:44:00,0,0,0,15,36,51
523.0,2016-10-24 04:47:00,0,0,0,15,36,51
523.0,2016-10-24 04:50:00,0,0,0,15,36,51
523.0,2016-10-24 04:53:00,0,0,0,15,36,51
523.0,2016-10-24 04:56:00,0,0,0,15,36,51
523.0,2016-10-24 04:59:00,0,0,0,15,36,51
523.0,2016-10-24 05:02:00,0,0,0,15,36,51
523.0,2016-10-24 05:05:00,0,0,0,15,36,51
523.0,2016-10-24 05:08:00,0,1,1,16,35,51
523.0,2016-10-24 05:10:00,0,0,0,16,35,51
523.0,2016-10-24 05:13:00,0,0,0,16,35,51
523.0,2016-10-24 05:16:00,0,0,0,16,35,51
523.0,2016-10-24 05:19:00,0,0,0,16,35,51
523.0,2016-10-24 05:22:00,0,0,0,16,35,51
523.0,2016-10-24 05:25:00,0,0,0,16,35,51
523.0,2016-10-24 05:28:00,0,0,0,16,35,51
523.0,2016-10-24 05:31:00,0,0,0,16,35,51
523.0,2016-10-24 05:34:00,1,0,-1,15,36,51
523.0,2016-10-24 05:37:00,0,0,0,15,36,51
523.0,2016-10-24 05:40:00,0,0,0,15,36,51
523.0,2016-10-24 05:43:00,1,0,-1,14,37,51
523.0,2016-10-24 05:46:00,0,0,0,14,37,51
523.0,2016-10-24 05:49:00,0,1,1,15,36,51
523.0,2016-10-24 05:52:00,1,0,-1,14,37,51
523.0,2016-10-24 05:55:00,2,0,-2,12,39,51
523.0,2016-10-24 05:58:00,0,0,0,12,39,51
523.0,2016-10-24 06:01:00,0,0,0,12,39,51
523.0,2016-10-24 06:04:00,0,0,0,12,39,51
523.0,2016-10-24 06:07:00,0,0,0,12,39,51
523.0,2016-10-24 06:10:00,0,0,0,12,39,51
523.0,2016-10-24 06:13:00,1,0,-1,11,40,51
523.0,2016-10-24 06:16:00,1,0,-1,10,41,51
523.0,2016-10-24 06:17:00,2,0,-2,8,43,51
523.0,2016-10-24 06:20:00,0,0,0,8,43,51
523.0,2016-10-24 06:23:00,1,0,-1,7,44,51
523.0,2016-10-24 06:26:00,1,0,-1,6,45,51
523.0,2016-10-24 06:29:00,0,0,0,6,45,51
523.0,2016-10-24 06:32:00,0,0,0,6,45,51
523.0,2016-10-24 06:35:00,1,1,0,6,45,51
523.0,2016-10-24 06:38:00,0,0,0,6,45,51
523.0,2016-10-24 06:41:00,3,0,-3,3,48,51
523.0,2016-10-24 06:44:00,1,0,-1,2,49,51
523.0,2016-10-24 06:47:00,3,0,-3,0,51,51
523.0,2016-10-24 06:50:00,0,0,0,0,51,51
523.0,2016-10-24 06:53:00,0,0,0,0,51,51
523.0,2016-10-24 06:56:00,0,0,0,0,51,51
523.0,2016-10-24 06:59:00,0,0,0,0,51,51
523.0,2016-10-24 07:02:00,0,0,0,0,51,51
523.0,2016-10-24 07:05:00,0,1,1,1,50,51
523.0,2016-10-24 07:08:00,1,0,-1,0,51,51
523.0,2016-10-24 07:11:00,0,0,0,0,51,51
523.0,2016-10-24 07:14:00,0,0,0,0,51,51
523.0,2016-10-24 07:17:00,0,0,0,0,51,51
523.0,2016-10-24 07:20:00,0,0,0,0,51,51
523.0,2016-10-24 07:23:00,0,0,0,0,51,51
523.0,2016-10-24 07:26:00,0,0,0,0,51,51
523.0,2016-10-24 07:28:00,0,1,1,1,50,51
523.0,2016-10-24 07:31:00,1,0,-1,0,51,51
523.0,2016-10-24 07:34:00,0,0,0,0,51,51
523.0,2016-10-24 07:37:00,0,0,0,0,51,51
523.0,2016-10-24 07:40:00,0,1,1,1,50,51
523.0,2016-10-24 07:43:00,0,0,0,1,50,51
523.0,2016-10-24 07:46:00,0,0,0,1,50,51
523.0,2016-10-24 07:49:00,0,0,0,1,50,51
523.0,2016-10-24 07:52:00,1,0,-1,0,51,51
523.0,2016-10-24 07:55:00,0,1,1,1,50,51
523.0,2016-10-24 07:58:00,1,0,-1,0,51,51
523.0,2016-10-24 08:01:00,0,1,1,1,50,51
523.0,2016-10-24 08:04:00,1,0,-1,0,51,51
523.0,2016-10-24 08:05:00,1,0,-1,0,51,51
523.0,2016-10-24 08:08:00,2,2,0,0,51,51
523.0,2016-10-24 08:11:00,0,1,1,1,50,51
523.0,2016-10-24 08:14:00,3,2,-1,0,51,51
523.0,2016-10-24 08:17:00,1,1,0,0,51,51
523.0,2016-10-24 08:20:00,1,2,1,1,50,51
523.0,2016-10-24 08:23:00,1,0,-1,0,51,51
523.0,2016-10-24 08:26:00,0,3,3,3,48,51
523.0,2016-10-24 08:29:00,0,1,1,4,47,51
523.0,2016-10-24 08:32:00,4,1,-3,1,50,51
523.0,2016-10-24 08:35:00,2,3,1,2,49,51
523.0,2016-10-24 08:38:00,4,3,-1,1,50,51
523.0,2016-10-24 08:41:00,1,0,-1,0,51,51
523.0,2016-10-24 08:44:00,1,1,0,0,51,51
523.0,2016-10-24 08:47:00,2,2,0,0,51,51
523.0,2016-10-24 08:50:00,1,3,2,2,49,51
523.0,2016-10-24 08:53:00,4,6,2,4,47,51
523.0,2016-10-24 08:56:00,1,2,1,5,46,51
523.0,2016-10-24 08:59:00,0,1,1,6,45,51
523.0,2016-10-24 09:02:00,1,0,-1,5,46,51
523.0,2016-10-24 09:05:00,5,3,-2,3,48,51
523.0,2016-10-24 09:08:00,1,0,-1,2,49,51
523.0,2016-10-24 09:11:00,4,3,-1,1,50,51
523.0,2016-10-24 09:14:00,0,0,0,1,50,51
523.0,2016-10-24 09:16:00,1,1,0,0,51,51
523.0,2016-10-24 09:19:00,1,3,2,2,49,51
523.0,2016-10-24 09:22:00,1,0,-1,1,50,51
523.0,2016-10-24 09:25:00,0,5,5,6,45,51
523.0,2016-10-24 09:28:00,4,2,-2,4,47,51
523.0,2016-10-24 09:31:00,4,0,-4,0,51,51
523.0,2016-10-24 09:34:00,0,0,0,0,51,51
523.0,2016-10-24 09:37:00,1,2,1,1,50,51
523.0,2016-10-24 09:40:00,3,3,0,1,50,51
523.0,2016-10-24 09:43:00,2,2,0,1,50,51
523.0,2016-10-24 09:46:00,1,1,0,1,50,51
523.0,2016-10-24 09:49:00,1,0,-1,0,51,51
523.0,2016-10-24 09:51:00,0,0,0,0,51,51
523.0,2016-10-24 09:54:00,0,2,2,2,49,51
523.0,2016-10-24 09:57:00,4,2,-2,0,51,51
523.0,2016-10-24 10:00:00,0,0,0,0,51,51
523.0,2016-10-24 10:03:00,1,1,0,0,51,51
523.0,2016-10-24 10:06:00,1,3,2,2,49,51
523.0,2016-10-24 10:09:00,1,3,2,4,47,51
523.0,2016-10-24 10:12:00,2,2,0,4,47,51
523.0,2016-10-24 10:15:00,0,1,1,5,46,51
523.0,2016-10-24 10:18:00,1,1,0,5,46,51
523.0,2016-10-24 10:21:00,2,0,-2,3,48,51
523.0,2016-10-24 10:24:00,2,2,0,3,48,51
523.0,2016-10-24 10:27:00,0,0,0,3,48,51
523.0,2016-10-24 10:30:00,1,0,-1,2,49,51
523.0,2016-10-24 10:33:00,0,0,0,2,49,51
523.0,2016-10-24 10:36:00,0,0,0,2,49,51
523.0,2016-10-24 10:39:00,0,1,1,3,48,51
523.0,2016-10-24 10:42:00,1,0,-1,2,49,51
523.0,2016-10-24 10:45:00,0,0,0,2,49,51
523.0,2016-10-24 10:48:00,0,0,0,2,49,51
523.0,2016-10-24 10:51:00,1,1,0,2,49,51
523.0,2016-10-24 10:53:00,1,0,-1,1,50,51
523.0,2016-10-24 10:56:00,0,0,0,1,50,51
523.0,2016-10-24 10:59:00,0,1,1,2,49,51
523.0,2016-10-24 11:02:00,1,0,-1,1,50,51
523.0,2016-10-24 11:05:00,0,2,2,3,48,51
523.0,2016-10-24 11:08:00,0,1,1,4,47,51
523.0,2016-10-24 11:11:00,0,0,0,4,47,51
523.0,2016-10-24 11:14:00,1,0,-1,3,48,51
523.0,2016-10-24 11:17:00,1,0,-1,2,49,51
523.0,2016-10-24 11:20:00,2,0,-2,0,51,51
523.0,2016-10-24 11:23:00,0,2,2,2,49,51
523.0,2016-10-24 11:26:00,0,1,1,3,48,51
523.0,2016-10-24 11:27:00,0,0,0,3,48,51
523.0,2016-10-24 11:30:00,0,2,2,5,46,51
523.0,2016-10-24 11:33:00,0,0,0,5,46,51
523.0,2016-10-24 11:36:00,1,0,-1,4,47,51
523.0,2016-10-24 11:39:00,1,0,-1,3,48,51
523.0,2016-10-24 11:42:00,0,0,0,3,48,51
523.0,2016-10-24 11:45:00,1,0,-1,2,49,51
523.0,2016-10-24 11:48:00,0,1,1,3,48,51
523.0,2016-10-24 11:51:00,0,0,0,3,48,51
523.0,2016-10-24 11:54:00,1,0,-1,2,49,51
523.0,2016-10-24 11:57:00,1,0,-1,1,50,51
523.0,2016-10-24 12:00:00,1,0,-1,0,51,51
523.0,2016-10-24 12:03:00,0,1,1,1,50,51
523.0,2016-10-24 12:06:00,1,1,0,1,50,51
523.0,2016-10-24 12:09:00,0,0,0,1,50,51
523.0,2016-10-24 12:11:00,1,0,-1,13,38,51
523.0,2016-10-24 12:14:00,0,0,0,13,38,51
523.0,2016-10-24 12:17:00,1,3,2,15,36,51
523.0,2016-10-24 12:20:00,0,0,0,15,36,51
523.0,2016-10-24 12:23:00,0,0,0,15,36,51
523.0,2016-10-24 12:26:00,0,1,1,16,35,51
523.0,2016-10-24 12:29:00,0,1,1,17,34,51
523.0,2016-10-24 12:32:00,0,0,0,17,34,51
523.0,2016-10-24 12:35:00,1,2,1,18,33,51
523.0,2016-10-24 12:38:00,0,1,1,19,32,51
523.0,2016-10-24 12:41:00,2,2,0,19,32,51
523.0,2016-10-24 12:44:00,0,1,1,15,36,51
523.0,2016-10-24 12:47:00,0,0,0,15,36,51
523.0,2016-10-24 12:50:00,1,0,-1,14,37,51
523.0,2016-10-24 12:53:00,1,0,-1,13,38,51
523.0,2016-10-24 12:56:00,0,2,2,15,36,51
523.0,2016-10-24 12:59:00,1,0,-1,14,37,51
523.0,2016-10-24 13:02:00,3,0,-3,11,40,51
523.0,2016-10-24 13:05:00,1,0,-1,10,41,51
523.0,2016-10-24 13:08:00,2,0,-2,8,43,51
523.0,2016-10-24 13:11:00,0,1,1,9,42,51
523.0,2016-10-24 13:12:00,0,1,1,1,50,51
523.0,2016-10-24 13:15:00,0,1,1,2,49,51
523.0,2016-10-24 13:18:00,0,0,0,2,49,51
523.0,2016-10-24 13:21:00,1,0,-1,1,50,51
523.0,2016-10-24 13:24:00,0,1,1,2,49,51
523.0,2016-10-24 13:27:00,0,1,1,3,48,51
523.0,2016-10-24 13:30:00,2,0,-2,1,50,51
523.0,2016-10-24 13:33:00,1,1,0,1,50,51
523.0,2016-10-24 13:36:00,0,0,0,1,50,51
523.0,2016-10-24 13:39:00,0,1,1,2,49,51
523.0,2016-10-24 13:42:00,1,0,-1,1,50,51
523.0,2016-10-24 13:45:00,1,0,-1,0,51,51
523.0,2016-10-24 13:47:00,1,0,-1,0,51,51
523.0,2016-10-24 13:50:00,0,3,3,3,48,51
523.0,2016-10-24 13:53:00,2,1,-1,2,49,51
523.0,2016-10-24 13:56:00,1,0,-1,1,50,51
523.0,2016-10-24 13:59:00,1,1,0,1,50,51
523.0,2016-10-24 14:02:00,1,1,0,1,50,51
523.0,2016-10-24 14:05:00,1,0,-1,0,51,51
523.0,2016-10-24 14:08:00,0,0,0,0,51,51
523.0,2016-10-24 14:11:00,0,0,0,0,51,51
523.0,2016-10-24 14:14:00,0,0,0,0,51,51
523.0,2016-10-24 14:17:00,0,1,1,1,50,51
523.0,2016-10-24 14:20:00,0,1,1,2,49,51
523.0,2016-10-24 14:22:00,1,1,0,2,49,51
523.0,2016-10-24 14:25:00,0,1,1,3,48,51
523.0,2016-10-24 14:28:00,0,2,2,5,46,51
523.0,2016-10-24 14:31:00,2,1,-1,4,47,51
523.0,2016-10-24 14:34:00,2,1,-1,3,48,51
523.0,2016-10-24 14:37:00,1,2,1,4,47,51
523.0,2016-10-24 14:40:00,0,1,1,5,46,51
523.0,2016-10-24 14:43:00,0,1,1,6,45,51
523.0,2016-10-24 14:46:00,1,0,-1,5,46,51
523.0,2016-10-24 14:49:00,1,1,0,5,46,51
523.0,2016-10-24 14:52:00,1,0,-1,4,47,51
523.0,2016-10-24 14:55:00,0,0,0,4,47,51
523.0,2016-10-24 14:58:00,0,1,1,5,46,51
523.0,2016-10-24 14:59:00,0,1,1,4,47,51
523.0,2016-10-24 15:02:00,0,1,1,5,46,51
523.0,2016-10-24 15:05:00,1,0,-1,4,47,51
523.0,2016-10-24 15:08:00,0,1,1,5,46,51
523.0,2016-10-24 15:11:00,1,1,0,5,46,51
523.0,2016-10-24 15:14:00,2,0,-2,3,48,51
523.0,2016-10-24 15:17:00,1,1,0,3,48,51
523.0,2016-10-24 15:20:00,0,0,0,3,48,51
523.0,2016-10-24 15:23:00,1,0,-1,2,49,51
523.0,2016-10-24 15:26:00,0,0,0,2,49,51
523.0,2016-10-24 15:29:00,0,0,0,2,49,51
523.0,2016-10-24 15:32:00,1,0,-1,1,50,51
523.0,2016-10-24 15:35:00,1,0,-1,0,51,51
523.0,2016-10-24 15:36:00,0,0,0,0,51,51
523.0,2016-10-24 15:39:00,0,1,1,1,50,51
523.0,2016-10-24 15:42:00,0,0,0,1,50,51
523.0,2016-10-24 15:45:00,1,1,0,1,50,51
523.0,2016-10-24 15:48:00,0,1,1,2,49,51
523.0,2016-10-24 15:51:00,1,0,-1,1,50,51
523.0,2016-10-24 15:54:00,0,3,3,4,47,51
523.0,2016-10-24 15:57:00,0,3,3,7,44,51
523.0,2016-10-24 16:00:00,1,1,0,7,44,51
523.0,2016-10-24 16:03:00,4,1,-3,4,47,51
523.0,2016-10-24 16:06:00,1,1,0,4,47,51
523.0,2016-10-24 16:09:00,3,1,-2,2,49,51
523.0,2016-10-24 16:12:00,0,1,1,3,48,51
523.0,2016-10-24 16:14:00,0,0,0,3,48,51
523.0,2016-10-24 16:17:00,0,1,1,4,47,51
523.0,2016-10-24 16:20:00,0,0,0,4,47,51
523.0,2016-10-24 16:23:00,0,0,0,4,47,51
523.0,2016-10-24 16:26:00,0,1,1,5,46,51
523.0,2016-10-24 16:29:00,2,1,-1,4,47,51
523.0,2016-10-24 16:32:00,1,0,-1,3,48,51
523.0,2016-10-24 16:35:00,1,2,1,4,47,51
523.0,2016-10-24 16:38:00,0,3,3,7,44,51
523.0,2016-10-24 16:41:00,0,5,5,12,39,51
523.0,2016-10-24 16:44:00,2,1,-1,11,40,51
523.0,2016-10-24 16:47:00,1,3,2,13,38,51
523.0,2016-10-24 16:50:00,2,1,-1,12,39,51
523.0,2016-10-24 16:51:00,1,0,-1,12,39,51
523.0,2016-10-24 16:54:00,1,1,0,12,39,51
523.0,2016-10-24 16:57:00,1,0,-1,11,40,51
523.0,2016-10-24 17:00:00,1,1,0,11,40,51
523.0,2016-10-24 17:03:00,3,0,-3,8,43,51
523.0,2016-10-24 17:06:00,7,2,-5,3,48,51
523.0,2016-10-24 17:09:00,2,3,1,4,47,51
523.0,2016-10-24 17:12:00,4,1,-3,1,50,51
523.0,2016-10-24 17:15:00,0,2,2,3,48,51
523.0,2016-10-24 17:18:00,3,2,-1,2,49,51
523.0,2016-10-24 17:21:00,1,3,2,4,47,51
523.0,2016-10-24 17:24:00,0,1,1,5,46,51
523.0,2016-10-24 17:27:00,1,6,5,9,42,51
523.0,2016-10-24 17:30:00,1,1,0,9,42,51
523.0,2016-10-24 17:33:00,0,2,2,11,40,51
523.0,2016-10-24 17:36:00,1,2,1,12,39,51
523.0,2016-10-24 17:39:00,4,5,1,13,38,51
523.0,2016-10-24 17:42:00,3,2,-1,12,39,51
523.0,2016-10-24 17:45:00,0,3,3,15,36,51
523.0,2016-10-24 17:48:00,2,5,3,18,33,51
523.0,2016-10-24 17:51:00,3,1,-2,16,35,51
523.0,2016-10-24 17:54:00,6,1,-5,11,40,51
523.0,2016-10-24 17:57:00,0,1,1,12,39,51
523.0,2016-10-24 18:00:00,4,4,0,12,39,51
523.0,2016-10-24 18:03:00,4,4,0,12,39,51
523.0,2016-10-24 18:04:00,4,3,-1,10,41,51
523.0,2016-10-24 18:07:00,2,1,-1,9,42,51
523.0,2016-10-24 18:10:00,1,1,0,9,42,51
523.0,2016-10-24 18:13:00,0,1,1,10,41,51
523.0,2016-10-24 18:16:00,1,2,1,11,40,51
523.0,2016-10-24 18:19:00,1,3,2,13,38,51
523.0,2016-10-24 18:22:00,4,3,-1,12,39,51
523.0,2016-10-24 18:25:00,7,1,-6,6,45,51
523.0,2016-10-24 18:28:00,4,4,0,6,45,51
523.0,2016-10-24 18:31:00,3,0,-3,3,48,51
523.0,2016-10-24 18:34:00,2,2,0,3,48,51
523.0,2016-10-24 18:37:00,1,3,2,5,46,51
523.0,2016-10-24 18:40:00,2,4,2,7,44,51
523.0,2016-10-24 18:41:00,3,5,2,10,41,51
523.0,2016-10-24 18:44:00,4,3,-1,9,42,51
523.0,2016-10-24 18:47:00,3,3,0,9,42,51
523.0,2016-10-24 18:50:00,0,1,1,10,41,51
523.0,2016-10-24 18:53:00,0,2,2,12,39,51
523.0,2016-10-24 18:56:00,3,3,0,12,39,51
523.0,2016-10-24 18:59:00,3,3,0,12,39,51
523.0,2016-10-24 19:02:00,1,2,1,13,38,51
523.0,2016-10-24 19:05:00,1,1,0,13,38,51
523.0,2016-10-24 19:08:00,1,0,-1,12,39,51
523.0,2016-10-24 19:11:00,0,0,0,12,39,51
523.0,2016-10-24 19:14:00,1,0,-1,11,40,51
523.0,2016-10-24 19:17:00,1,0,-1,10,41,51
523.0,2016-10-24 19:20:00,0,2,2,12,39,51
523.0,2016-10-24 19:23:00,0,0,0,12,39,51
523.0,2016-10-24 19:26:00,2,0,-2,10,41,51
523.0,2016-10-24 19:29:00,0,1,1,11,40,51
523.0,2016-10-24 19:32:00,2,1,-1,10,41,51
523.0,2016-10-24 19:35:00,1,0,-1,9,42,51
523.0,2016-10-24 19:38:00,1,2,1,10,41,51
523.0,2016-10-24 19:41:00,0,1,1,11,40,51
523.0,2016-10-24 19:44:00,1,0,-1,10,41,51
523.0,2016-10-24 19:47:00,0,0,0,10,41,51
523.0,2016-10-24 19:50:00,0,2,2,12,39,51
523.0,2016-10-24 19:53:00,0,0,0,12,39,51
523.0,2016-10-24 19:55:00,1,1,0,12,39,51
523.0,2016-10-24 19:58:00,2,1,-1,11,40,51
523.0,2016-10-24 20:01:00,0,2,2,13,38,51
523.0,2016-10-24 20:04:00,0,1,1,14,37,51
523.0,2016-10-24 20:07:00,0,2,2,16,35,51
523.0,2016-10-24 20:10:00,0,0,0,16,35,51
523.0,2016-10-24 20:13:00,0,0,0,16,35,51
523.0,2016-10-24 20:16:00,0,1,1,17,34,51
523.0,2016-10-24 20:19:00,2,1,-1,16,35,51
523.0,2016-10-24 20:22:00,0,1,1,17,34,51
523.0,2016-10-24 20:24:00,0,0,0,16,35,51
523.0,2016-10-24 20:27:00,1,1,0,16,35,51
523.0,2016-10-24 20:30:00,0,0,0,16,35,51
523.0,2016-10-24 20:33:00,1,0,-1,15,36,51
523.0,2016-10-24 20:36:00,0,0,0,15,36,51
523.0,2016-10-24 20:39:00,0,1,1,16,35,51
523.0,2016-10-24 20:42:00,0,0,0,16,35,51
523.0,2016-10-24 20:45:00,0,0,0,16,35,51
523.0,2016-10-24 20:48:00,0,1,1,17,34,51
523.0,2016-10-24 20:51:00,1,1,0,17,34,51
523.0,2016-10-24 20:52:00,2,1,-1,17,34,51
523.0,2016-10-24 20:55:00,0,0,0,17,34,51
523.0,2016-10-24 20:58:00,0,1,1,18,33,51
523.0,2016-10-24 21:01:00,0,0,0,18,33,51
523.0,2016-10-24 21:04:00,0,0,0,18,33,51
523.0,2016-10-24 21:07:00,0,0,0,18,33,51
523.0,2016-10-24 21:10:00,1,0,-1,17,34,51
523.0,2016-10-24 21:13:00,0,0,0,17,34,51
523.0,2016-10-24 21:16:00,0,1,1,18,33,51
523.0,2016-10-24 21:19:00,0,1,1,19,32,51
523.0,2016-10-24 21:22:00,0,0,0,19,32,51
523.0,2016-10-24 21:25:00,0,0,0,19,32,51
523.0,2016-10-24 21:26:00,0,0,0,18,33,51
523.0,2016-10-24 21:29:00,0,0,0,18,33,51
523.0,2016-10-24 21:32:00,0,0,0,18,33,51
523.0,2016-10-24 21:35:00,0,0,0,18,33,51
523.0,2016-10-24 21:38:00,0,0,0,18,33,51
523.0,2016-10-24 21:41:00,1,0,-1,17,34,51
523.0,2016-10-24 21:44:00,1,1,0,17,34,51
523.0,2016-10-24 21:47:00,0,1,1,18,33,51
523.0,2016-10-24 21:50:00,0,0,0,18,33,51
523.0,2016-10-24 21:53:00,0,0,0,18,33,51
523.0,2016-10-24 21:56:00,0,0,0,18,33,51
523.0,2016-10-24 21:59:00,0,0,0,18,33,51
523.0,2016-10-24 22:02:00,0,0,0,18,33,51
523.0,2016-10-24 22:05:00,0,0,0,18,33,51
523.0,2016-10-24 22:08:00,0,0,0,18,33,51
523.0,2016-10-24 22:11:00,1,0,-1,17,34,51
523.0,2016-10-24 22:14:00,0,0,0,17,34,51
523.0,2016-10-24 22:17:00,0,0,0,17,34,51
523.0,2016-10-24 22:20:00,0,0,0,17,34,51
523.0,2016-10-24 22:23:00,0,0,0,17,34,51
523.0,2016-10-24 22:26:00,0,1,1,18,33,51
523.0,2016-10-24 22:29:00,1,0,-1,17,34,51
523.0,2016-10-24 22:32:00,0,0,0,17,34,51
523.0,2016-10-24 22:35:00,1,0,-1,16,35,51
523.0,2016-10-24 22:36:00,0,0,0,16,35,51
523.0,2016-10-24 22:39:00,0,0,0,16,35,51
523.0,2016-10-24 22:42:00,0,0,0,16,35,51
523.0,2016-10-24 22:45:00,0,0,0,16,35,51
523.0,2016-10-24 22:48:00,1,0,-1,15,36,51
523.0,2016-10-24 22:51:00,0,1,1,16,35,51
523.0,2016-10-24 22:54:00,0,0,0,16,35,51
523.0,2016-10-24 22:57:00,0,0,0,16,35,51
523.0,2016-10-24 23:00:00,1,0,-1,15,36,51
523.0,2016-10-24 23:03:00,0,0,0,15,36,51
523.0,2016-10-24 23:06:00,0,1,1,16,35,51
523.0,2016-10-24 23:09:00,0,0,0,16,35,51
523.0,2016-10-24 23:12:00,0,0,0,16,35,51
523.0,2016-10-24 23:15:00,0,0,0,16,35,51
523.0,2016-10-24 23:18:00,0,0,0,16,35,51
523.0,2016-10-24 23:21:00,3,1,-2,14,37,51
523.0,2016-10-24 23:24:00,0,0,0,14,37,51
523.0,2016-10-24 23:27:00,0,0,0,14,37,51
523.0,2016-10-24 23:30:00,0,0,0,14,37,51
523.0,2016-10-24 23:33:00,0,0,0,14,37,51
523.0,2016-10-24 23:36:00,0,0,0,14,37,51
523.0,2016-10-24 23:39:00,0,0,0,14,37,51
523.0,2016-10-24 23:42:00,0,0,0,14,37,51
523.0,2016-10-24 23:45:00,0,0,0,14,37,51
523.0,2016-10-24 23:48:00,1,0,-1,13,38,51
523.0,2016-10-24 23:51:00,0,0,0,13,38,51
523.0,2016-10-24 23:54:00,0,0,0,13,38,51
523.0,2016-10-24 23:57:00,0,0,0,13,38,51
523.0,2016-10-25 00:00:00,0,0,0,13,38,51
523.0,2016-10-25 00:02:00,0,0,0,0,51,51
523.0,2016-10-25 00:05:00,0,0,0,0,51,51
523.0,2016-10-25 00:08:00,0,0,0,0,51,51
523.0,2016-10-25 00:11:00,0,0,0,0,51,51
523.0,2016-10-25 00:14:00,0,0,0,0,51,51
523.0,2016-10-25 00:17:00,0,0,0,0,51,51
523.0,2016-10-25 00:20:00,1,0,-1,0,51,51
523.0,2016-10-25 00:23:00,0,0,0,0,51,51
523.0,2016-10-25 00:26:00,0,0,0,0,51,51
523.0,2016-10-25 00:29:00,0,0,0,0,51,51
523.0,2016-10-25 00:32:00,0,0,0,0,51,51
523.0,2016-10-25 00:35:00,0,0,0,0,51,51
523.0,2016-10-25 00:37:00,0,0,0,5,46,51
523.0,2016-10-25 00:40:00,0,0,0,5,46,51
523.0,2016-10-25 00:43:00,0,0,0,5,46,51
523.0,2016-10-25 00:46:00,0,0,0,5,46,51
523.0,2016-10-25 00:49:00,0,0,0,5,46,51
523.0,2016-10-25 00:52:00,0,0,0,5,46,51
523.0,2016-10-25 00:55:00,0,0,0,5,46,51
523.0,2016-10-25 00:58:00,0,0,0,5,46,51
523.0,2016-10-25 01:01:00,0,0,0,5,46,51
523.0,2016-10-25 01:04:00,0,0,0,5,46,51
523.0,2016-10-25 01:07:00,0,0,0,5,46,51
523.0,2016-10-25 01:10:00,0,0,0,5,46,51
523.0,2016-10-25 01:13:00,0,0,0,5,46,51
523.0,2016-10-25 01:16:00,0,0,0,5,46,51
523.0,2016-10-25 01:19:00,0,0,0,5,46,51
523.0,2016-10-25 01:22:00,0,0,0,5,46,51
523.0,2016-10-25 01:25:00,0,0,0,5,46,51
523.0,2016-10-25 01:28:00,0,0,0,5,46,51
523.0,2016-10-25 01:31:00,0,0,0,5,46,51
523.0,2016-10-25 01:34:00,0,0,0,5,46,51
523.0,2016-10-25 01:37:00,0,0,0,5,46,51
523.0,2016-10-25 01:40:00,0,0,0,5,46,51
523.0,2016-10-25 01:43:00,0,0,0,5,46,51
523.0,2016-10-25 01:46:00,0,0,0,5,46,51
523.0,2016-10-25 01:49:00,0,0,0,5,46,51
523.0,2016-10-25 01:52:00,0,0,0,5,46,51
523.0,2016-10-25 01:55:00,0,0,0,5,46,51
523.0,2016-10-25 01:58:00,0,0,0,5,46,51
523.0,2016-10-25 02:01:00,0,0,0,5,46,51
523.0,2016-10-25 02:04:00,0,0,0,5,46,51
523.0,2016-10-25 02:07:00,0,0,0,5,46,51
523.0,2016-10-25 02:10:00,0,0,0,5,46,51
523.0,2016-10-25 02:13:00,0,0,0,5,46,51
523.0,2016-10-25 02:16:00,0,0,0,5,46,51
523.0,2016-10-25 02:19:00,0,0,0,5,46,51
523.0,2016-10-25 02:22:00,0,0,0,5,46,51
523.0,2016-10-25 02:25:00,0,0,0,5,46,51
523.0,2016-10-25 02:28:00,0,0,0,5,46,51
523.0,2016-10-25 02:31:00,0,0,0,5,46,51
523.0,2016-10-25 02:34:00,0,0,0,5,46,51
523.0,2016-10-25 02:37:00,0,0,0,5,46,51
523.0,2016-10-25 02:40:00,0,0,0,5,46,51
523.0,2016-10-25 02:43:00,0,0,0,5,46,51
523.0,2016-10-25 02:46:00,0,0,0,5,46,51
523.0,2016-10-25 02:49:00,0,0,0,5,46,51
523.0,2016-10-25 02:52:00,0,0,0,5,46,51
523.0,2016-10-25 02:55:00,0,0,0,5,46,51
523.0,2016-10-25 02:58:00,0,0,0,5,46,51
523.0,2016-10-25 03:01:00,0,0,0,5,46,51
523.0,2016-10-25 03:04:00,0,0,0,5,46,51
523.0,2016-10-25 03:07:00,0,0,0,5,46,51
523.0,2016-10-25 03:10:00,0,0,0,5,46,51
523.0,2016-10-25 03:13:00,0,0,0,5,46,51
523.0,2016-10-25 03:16:00,0,0,0,5,46,51
523.0,2016-10-25 03:19:00,0,0,0,5,46,51
523.0,2016-10-25 03:22:00,0,0,0,5,46,51
523.0,2016-10-25 03:25:00,0,0,0,5,46,51
523.0,2016-10-25 03:28:00,0,0,0,5,46,51
523.0,2016-10-25 03:31:00,0,0,0,5,46,51
523.0,2016-10-25 03:34:00,0,0,0,5,46,51
523.0,2016-10-25 03:37:00,0,0,0,5,46,51
523.0,2016-10-25 03:40:00,0,0,0,5,46,51
523.0,2016-10-25 03:43:00,0,0,0,5,46,51
523.0,2016-10-25 03:46:00,0,0,0,5,46,51
523.0,2016-10-25 03:49:00,0,0,0,5,46,51
523.0,2016-10-25 03:52:00,0,0,0,5,46,51
523.0,2016-10-25 03:55:00,0,0,0,5,46,51
523.0,2016-10-25 03:58:00,0,1,1,6,45,51
523.0,2016-10-25 04:01:00,0,0,0,6,45,51
523.0,2016-10-25 04:04:00,0,0,0,6,45,51
523.0,2016-10-25 04:07:00,0,0,0,6,45,51
523.0,2016-10-25 04:10:00,0,0,0,6,45,51
523.0,2016-10-25 04:13:00,0,0,0,6,45,51
523.0,2016-10-25 04:16:00,0,0,0,6,45,51
523.0,2016-10-25 04:19:00,0,0,0,6,45,51
523.0,2016-10-25 04:22:00,0,0,0,6,45,51
523.0,2016-10-25 04:25:00,0,0,0,6,45,51
523.0,2016-10-25 04:28:00,0,0,0,6,45,51
523.0,2016-10-25 04:31:00,0,0,0,6,45,51
523.0,2016-10-25 04:34:00,0,0,0,6,45,51
523.0,2016-10-25 04:37:00,0,0,0,6,45,51
523.0,2016-10-25 04:40:00,0,0,0,6,45,51
523.0,2016-10-25 04:43:00,0,0,0,6,45,51
523.0,2016-10-25 04:46:00,0,0,0,6,45,51
523.0,2016-10-25 04:49:00,0,0,0,6,45,51
523.0,2016-10-25 04:52:00,0,0,0,6,45,51
523.0,2016-10-25 04:55:00,0,0,0,6,45,51
523.0,2016-10-25 04:58:00,0,0,0,6,45,51
523.0,2016-10-25 05:01:00,0,0,0,6,45,51
523.0,2016-10-25 05:04:00,0,0,0,6,45,51
523.0,2016-10-25 05:07:00,0,0,0,6,45,51
523.0,2016-10-25 05:10:00,0,1,1,7,44,51
523.0,2016-10-25 05:13:00,0,0,0,7,44,51
523.0,2016-10-25 05:16:00,0,0,0,7,44,51
523.0,2016-10-25 05:19:00,0,0,0,7,44,51
523.0,2016-10-25 05:22:00,0,0,0,7,44,51
523.0,2016-10-25 05:25:00,0,0,0,7,44,51
523.0,2016-10-25 05:28:00,0,0,0,7,44,51
523.0,2016-10-25 05:31:00,0,0,0,7,44,51
523.0,2016-10-25 05:34:00,0,0,0,7,44,51
523.0,2016-10-25 05:37:00,0,0,0,7,44,51
523.0,2016-10-25 05:40:00,0,0,0,7,44,51
523.0,2016-10-25 05:43:00,0,0,0,7,44,51
523.0,2016-10-25 05:46:00,1,0,-1,6,45,51
523.0,2016-10-25 05:49:00,0,0,0,6,45,51
523.0,2016-10-25 05:52:00,0,0,0,6,45,51
523.0,2016-10-25 05:55:00,0,0,0,6,45,51
523.0,2016-10-25 05:58:00,0,0,0,6,45,51
523.0,2016-10-25 06:01:00,1,0,-1,5,46,51
523.0,2016-10-25 06:04:00,0,0,0,5,46,51
523.0,2016-10-25 06:07:00,0,0,0,5,46,51
523.0,2016-10-25 06:10:00,0,0,0,5,46,51
523.0,2016-10-25 06:13:00,0,0,0,5,46,51
523.0,2016-10-25 06:16:00,0,0,0,5,46,51
523.0,2016-10-25 06:19:00,0,0,0,5,46,51
523.0,2016-10-25 06:22:00,0,0,0,5,46,51
523.0,2016-10-25 06:25:00,2,0,-2,3,48,51
523.0,2016-10-25 06:28:00,0,1,1,4,47,51
523.0,2016-10-25 06:31:00,0,1,1,5,46,51
523.0,2016-10-25 06:34:00,2,0,-2,3,48,51
523.0,2016-10-25 06:37:00,0,0,0,3,48,51
523.0,2016-10-25 06:40:00,3,0,-3,0,51,51
523.0,2016-10-25 06:43:00,2,0,-2,0,51,51
523.0,2016-10-25 06:46:00,1,1,0,0,51,51
523.0,2016-10-25 06:49:00,0,0,0,0,51,51
523.0,2016-10-25 06:52:00,1,0,-1,0,51,51
523.0,2016-10-25 06:55:00,1,0,-1,0,51,51
523.0,2016-10-25 06:58:00,1,1,0,0,51,51
523.0,2016-10-25 07:01:00,0,0,0,0,51,51
523.0,2016-10-25 07:04:00,0,0,0,0,51,51
523.0,2016-10-25 07:07:00,1,0,-1,0,51,51
523.0,2016-10-25 07:10:00,0,0,0,0,51,51
523.0,2016-10-25 07:13:00,1,1,0,0,51,51
523.0,2016-10-25 07:16:00,0,0,0,0,51,51
523.0,2016-10-25 07:19:00,2,0,-2,0,51,51
523.0,2016-10-25 07:22:00,0,0,0,0,51,51
523.0,2016-10-25 07:25:00,0,0,0,0,51,51
523.0,2016-10-25 07:28:00,0,0,0,0,51,51
523.0,2016-10-25 07:31:00,0,0,0,0,51,51
523.0,2016-10-25 07:34:00,0,0,0,0,51,51
523.0,2016-10-25 07:37:00,0,0,0,0,51,51
523.0,2016-10-25 07:40:00,1,1,0,0,51,51
523.0,2016-10-25 07:43:00,0,0,0,0,51,51
523.0,2016-10-25 07:46:00,0,1,1,1,50,51
523.0,2016-10-25 07:49:00,1,0,-1,0,51,51
523.0,2016-10-25 07:52:00,0,1,1,1,50,51
523.0,2016-10-25 07:55:00,1,0,-1,0,51,51
523.0,2016-10-25 07:58:00,0,0,0,0,51,51
523.0,2016-10-25 08:01:00,0,0,0,0,51,51
523.0,2016-10-25 08:04:00,0,0,0,0,51,51
523.0,2016-10-25 08:07:00,0,0,0,0,51,51
523.0,2016-10-25 08:10:00,1,2,1,1,50,51
523.0,2016-10-25 08:13:00,1,1,0,1,50,51
523.0,2016-10-25 08:16:00,1,3,2,3,48,51
523.0,2016-10-25 08:19:00,2,0,-2,1,50,51
523.0,2016-10-25 08:22:00,2,1,-1,0,51,51
523.0,2016-10-25 08:25:00,0,0,0,0,51,51
523.0,2016-10-25 08:28:00,1,1,0,0,51,51
523.0,2016-10-25 08:31:00,1,2,1,1,50,51
523.0,2016-10-25 08:34:00,2,3,1,2,49,51
523.0,2016-10-25 08:37:00,2,2,0,2,49,51
523.0,2016-10-25 08:40:00,4,1,-3,0,51,51
523.0,2016-10-25 08:43:00,0,1,1,1,50,51
523.0,2016-10-25 08:46:00,4,4,0,1,50,51
523.0,2016-10-25 08:49:00,5,4,-1,0,51,51
523.0,2016-10-25 08:52:00,2,2,0,0,51,51
523.0,2016-10-25 08:55:00,2,3,1,1,50,51
523.0,2016-10-25 08:58:00,3,3,0,1,50,51
523.0,2016-10-25 09:01:00,1,2,1,2,49,51
523.0,2016-10-25 09:04:00,3,1,-2,0,51,51
523.0,2016-10-25 09:07:00,1,3,2,2,49,51
523.0,2016-10-25 09:10:00,5,3,-2,0,51,51
523.0,2016-10-25 09:13:00,1,2,1,1,50,51
523.0,2016-10-25 09:16:00,0,2,2,3,48,51
523.0,2016-10-25 09:19:00,3,1,-2,1,50,51
523.0,2016-10-25 09:22:00,2,2,0,1,50,51
523.0,2016-10-25 09:25:00,2,4,2,3,48,51
523.0,2016-10-25 09:28:00,5,2,-3,0,51,51
523.0,2016-10-25 09:31:00,0,0,0,0,51,51
523.0,2016-10-25 09:34:00,1,1,0,0,51,51
523.0,2016-10-25 09:37:00,0,0,0,0,51,51
523.0,2016-10-25 09:40:00,1,1,0,0,51,51
523.0,2016-10-25 09:43:00,1,1,0,0,51,51
523.0,2016-10-25 09:46:00,1,1,0,0,51,51
523.0,2016-10-25 09:49:00,0,1,1,1,50,51
523.0,2016-10-25 09:52:00,1,0,-1,0,51,51
523.0,2016-10-25 09:55:00,0,0,0,0,51,51
523.0,2016-10-25 09:58:00,1,1,0,0,51,51
523.0,2016-10-25 10:01:00,0,1,1,1,50,51
523.0,2016-10-25 10:04:00,0,1,1,2,49,51
523.0,2016-10-25 10:07:00,2,1,-1,1,50,51
523.0,2016-10-25 10:10:00,1,2,1,2,49,51
523.0,2016-10-25 10:13:00,1,2,1,3,48,51
523.0,2016-10-25 10:16:00,3,1,-2,1,50,51
523.0,2016-10-25 10:19:00,0,1,1,2,49,51
523.0,2016-10-25 10:22:00,2,0,-2,0,51,51
523.0,2016-10-25 10:25:00,1,1,0,0,51,51
523.0,2016-10-25 10:28:00,1,1,0,0,51,51
523.0,2016-10-25 10:31:00,0,1,1,1,50,51
523.0,2016-10-25 10:34:00,0,0,0,1,50,51
523.0,2016-10-25 10:37:00,0,1,1,2,49,51
523.0,2016-10-25 10:40:00,0,0,0,2,49,51
523.0,2016-10-25 10:43:00,0,0,0,2,49,51
523.0,2016-10-25 10:46:00,0,0,0,2,49,51
523.0,2016-10-25 10:49:00,2,1,-1,1,50,51
523.0,2016-10-25 10:52:00,1,3,2,3,48,51
523.0,2016-10-25 10:55:00,0,1,1,4,47,51
523.0,2016-10-25 10:58:00,0,0,0,4,47,51
523.0,2016-10-25 11:01:00,0,0,0,4,47,51
523.0,2016-10-25 11:04:00,0,0,0,4,47,51
523.0,2016-10-25 11:07:00,1,0,-1,3,48,51
523.0,2016-10-25 11:10:00,0,1,1,4,47,51
523.0,2016-10-25 11:13:00,1,0,-1,3,48,51
523.0,2016-10-25 11:16:00,0,1,1,4,47,51
523.0,2016-10-25 11:19:00,0,1,1,5,46,51
523.0,2016-10-25 11:22:00,0,2,2,7,44,51
523.0,2016-10-25 11:25:00,2,0,-2,5,46,51
523.0,2016-10-25 11:28:00,0,1,1,6,45,51
523.0,2016-10-25 11:31:00,0,0,0,6,45,51
523.0,2016-10-25 11:34:00,1,1,0,6,45,51
523.0,2016-10-25 11:37:00,5,0,-5,1,50,51
523.0,2016-10-25 11:40:00,1,1,0,1,50,51
523.0,2016-10-25 11:43:00,0,0,0,1,50,51
523.0,2016-10-25 11:46:00,0,0,0,1,50,51
523.0,2016-10-25 11:49:00,0,1,1,2,49,51
523.0,2016-10-25 11:52:00,0,1,1,3,48,51
523.0,2016-10-25 11:55:00,2,1,-1,2,49,51
523.0,2016-10-25 11:58:00,1,0,-1,1,50,51
523.0,2016-10-25 12:01:00,0,0,0,1,50,51
523.0,2016-10-25 12:04:00,0,0,0,1,50,51
523.0,2016-10-25 12:07:00,0,1,1,2,49,51
523.0,2016-10-25 12:10:00,0,1,1,3,48,51
523.0,2016-10-25 12:13:00,1,1,0,3,48,51
523.0,2016-10-25 12:16:00,0,0,0,3,48,51
523.0,2016-10-25 12:19:00,0,1,1,4,47,51
523.0,2016-10-25 12:22:00,1,0,-1,3,48,51
523.0,2016-10-25 12:25:00,1,0,-1,2,49,51
523.0,2016-10-25 12:28:00,0,0,0,2,49,51
523.0,2016-10-25 12:31:00,0,0,0,2,49,51
523.0,2016-10-25 12:34:00,1,2,1,3,48,51
523.0,2016-10-25 12:37:00,0,1,1,4,47,51
523.0,2016-10-25 12:40:00,0,0,0,4,47,51
523.0,2016-10-25 12:43:00,2,0,-2,2,49,51
523.0,2016-10-25 12:46:00,1,1,0,2,49,51
523.0,2016-10-25 12:49:00,2,1,-1,1,50,51
523.0,2016-10-25 12:52:00,1,0,-1,0,51,51
523.0,2016-10-25 12:55:00,1,1,0,0,51,51
523.0,2016-10-25 12:58:00,0,0,0,0,51,51
523.0,2016-10-25 13:01:00,0,1,1,1,50,51
523.0,2016-10-25 13:04:00,1,0,-1,0,51,51
523.0,2016-10-25 13:07:00,0,1,1,1,50,51
523.0,2016-10-25 13:10:00,1,0,-1,0,51,51
523.0,2016-10-25 13:13:00,0,0,0,0,51,51
523.0,2016-10-25 13:16:00,0,0,0,0,51,51
523.0,2016-10-25 13:19:00,0,0,0,0,51,51
523.0,2016-10-25 13:22:00,0,0,0,0,51,51
523.0,2016-10-25 13:25:00,0,1,1,1,50,51
523.0,2016-10-25 13:28:00,0,2,2,3,48,51
523.0,2016-10-25 13:31:00,0,0,0,3,48,51
523.0,2016-10-25 13:34:00,0,0,0,3,48,51
523.0,2016-10-25 13:37:00,1,0,-1,2,49,51
523.0,2016-10-25 13:40:00,0,2,2,4,47,51
523.0,2016-10-25 13:43:00,1,1,0,4,47,51
523.0,2016-10-25 13:46:00,0,0,0,4,47,51
523.0,2016-10-25 13:49:00,0,0,0,4,47,51
523.0,2016-10-25 13:52:00,0,0,0,4,47,51
523.0,2016-10-25 13:55:00,0,1,1,5,46,51
523.0,2016-10-25 13:58:00,0,0,0,5,46,51
523.0,2016-10-25 14:01:00,2,0,-2,3,48,51
523.0,2016-10-25 14:04:00,0,0,0,3,48,51
523.0,2016-10-25 14:07:00,0,1,1,4,47,51
523.0,2016-10-25 14:10:00,1,1,0,4,47,51
523.0,2016-10-25 14:13:00,0,0,0,4,47,51
523.0,2016-10-25 14:16:00,1,1,0,4,47,51
523.0,2016-10-25 14:19:00,0,0,0,4,47,51
523.0,2016-10-25 14:22:00,0,0,0,4,47,51
523.0,2016-10-25 14:25:00,1,0,-1,3,48,51
523.0,2016-10-25 14:28:00,0,1,1,4,47,51
523.0,2016-10-25 14:31:00,0,1,1,5,46,51
523.0,2016-10-25 14:34:00,3,1,-2,3,48,51
523.0,2016-10-25 14:37:00,1,1,0,3,48,51
523.0,2016-10-25 14:40:00,0,0,0,3,48,51
523.0,2016-10-25 14:43:00,0,1,1,4,47,51
523.0,2016-10-25 14:46:00,0,0,0,4,47,51
523.0,2016-10-25 14:49:00,1,1,0,4,47,51
523.0,2016-10-25 14:52:00,0,0,0,4,47,51
523.0,2016-10-25 14:55:00,0,0,0,4,47,51
523.0,2016-10-25 14:58:00,1,0,-1,3,48,51
523.0,2016-10-25 15:01:00,1,0,-1,2,49,51
523.0,2016-10-25 15:04:00,1,0,-1,1,50,51
523.0,2016-10-25 15:07:00,1,1,0,1,50,51
523.0,2016-10-25 15:10:00,0,0,0,1,50,51
523.0,2016-10-25 15:13:00,0,2,2,3,48,51
523.0,2016-10-25 15:16:00,1,0,-1,2,49,51
523.0,2016-10-25 15:19:00,0,0,0,2,49,51
523.0,2016-10-25 15:22:00,1,0,-1,1,50,51
523.0,2016-10-25 15:25:00,0,1,1,2,49,51
523.0,2016-10-25 15:28:00,0,1,1,3,48,51
523.0,2016-10-25 15:31:00,0,1,1,4,47,51
523.0,2016-10-25 15:34:00,0,1,1,5,46,51
523.0,2016-10-25 15:37:00,0,0,0,5,46,51
523.0,2016-10-25 15:40:00,0,0,0,5,46,51
523.0,2016-10-25 15:43:00,0,1,1,6,45,51
523.0,2016-10-25 15:46:00,2,0,-2,4,47,51
523.0,2016-10-25 15:49:00,0,0,0,4,47,51
523.0,2016-10-25 15:52:00,1,0,-1,3,48,51
523.0,2016-10-25 15:55:00,1,1,0,3,48,51
523.0,2016-10-25 15:58:00,1,1,0,3,48,51
523.0,2016-10-25 16:01:00,1,3,2,5,46,51
523.0,2016-10-25 16:04:00,2,0,-2,3,48,51
523.0,2016-10-25 16:07:00,0,2,2,5,46,51
523.0,2016-10-25 16:10:00,0,1,1,6,45,51
523.0,2016-10-25 16:13:00,0,2,2,8,43,51
523.0,2016-10-25 16:16:00,0,0,0,8,43,51
523.0,2016-10-25 16:19:00,1,1,0,8,43,51
523.0,2016-10-25 16:22:00,0,1,1,9,42,51
523.0,2016-10-25 16:25:00,4,2,-2,7,44,51
523.0,2016-10-25 16:28:00,0,0,0,7,44,51
523.0,2016-10-25 16:31:00,0,2,2,9,42,51
523.0,2016-10-25 16:34:00,1,2,1,10,41,51
523.0,2016-10-25 16:37:00,0,5,5,15,36,51
523.0,2016-10-25 16:40:00,0,2,2,17,34,51
523.0,2016-10-25 16:43:00,0,1,1,18,33,51
523.0,2016-10-25 16:46:00,1,1,0,18,33,51
523.0,2016-10-25 16:49:00,0,2,2,20,31,51
523.0,2016-10-25 16:52:00,1,3,2,22,29,51
523.0,2016-10-25 16:53:00,1,1,0,22,29,51
523.0,2016-10-25 16:56:00,0,1,1,23,28,51
523.0,2016-10-25 16:59:00,1,4,3,26,25,51
523.0,2016-10-25 17:02:00,2,2,0,26,25,51
523.0,2016-10-25 17:05:00,5,2,-3,23,28,51
523.0,2016-10-25 17:08:00,2,3,1,24,27,51
523.0,2016-10-25 17:11:00,2,3,1,25,26,51
523.0,2016-10-25 17:14:00,0,2,2,27,24,51
523.0,2016-10-25 17:17:00,0,1,1,28,23,51
523.0,2016-10-25 17:20:00,1,4,3,31,20,51
523.0,2016-10-25 17:23:00,1,4,3,34,17,51
523.0,2016-10-25 17:26:00,0,3,3,37,14,51
523.0,2016-10-25 17:29:00,1,1,0,37,14,51
523.0,2016-10-25 17:30:00,2,1,-1,36,15,51
523.0,2016-10-25 17:33:00,2,2,0,36,15,51
523.0,2016-10-25 17:36:00,1,1,0,36,15,51
523.0,2016-10-25 17:39:00,1,2,1,37,14,51
523.0,2016-10-25 17:42:00,1,2,1,38,13,51
523.0,2016-10-25 17:45:00,0,1,1,39,12,51
523.0,2016-10-25 17:48:00,3,4,1,40,11,51
523.0,2016-10-25 17:51:00,0,1,1,41,10,51
523.0,2016-10-25 17:54:00,3,5,2,43,8,51
523.0,2016-10-25 17:57:00,4,3,-1,42,9,51
523.0,2016-10-25 18:00:00,3,3,0,42,9,51
523.0,2016-10-25 18:03:00,3,4,1,43,8,51
523.0,2016-10-25 18:06:00,1,3,2,45,6,51
523.0,2016-10-25 18:09:00,8,2,-6,39,12,51
523.0,2016-10-25 18:12:00,1,2,1,40,11,51
523.0,2016-10-25 18:15:00,5,2,-3,37,14,51
523.0,2016-10-25 18:18:00,5,6,1,38,13,51
523.0,2016-10-25 18:21:00,2,4,2,40,11,51
523.0,2016-10-25 18:24:00,1,2,1,41,10,51
523.0,2016-10-25 18:27:00,1,1,0,41,10,51
523.0,2016-10-25 18:30:00,0,2,2,43,8,51
523.0,2016-10-25 18:33:00,1,2,1,44,7,51
523.0,2016-10-25 18:36:00,1,0,-1,43,8,51
523.0,2016-10-25 18:39:00,6,0,-6,37,14,51
523.0,2016-10-25 18:42:00,3,4,1,38,13,51
523.0,2016-10-25 18:43:00,1,2,1,37,14,51
523.0,2016-10-25 18:46:00,0,2,2,39,12,51
523.0,2016-10-25 18:49:00,2,1,-1,38,13,51
523.0,2016-10-25 18:52:00,2,1,-1,37,14,51
523.0,2016-10-25 18:55:00,0,3,3,40,11,51
523.0,2016-10-25 18:58:00,2,2,0,40,11,51
523.0,2016-10-25 19:01:00,3,0,-3,37,14,51
523.0,2016-10-25 19:04:00,3,3,0,37,14,51
523.0,2016-10-25 19:07:00,1,0,-1,36,15,51
523.0,2016-10-25 19:10:00,5,2,-3,33,18,51
523.0,2016-10-25 19:13:00,1,1,0,33,18,51
523.0,2016-10-25 19:16:00,4,1,-3,30,21,51
523.0,2016-10-25 19:19:00,3,3,0,30,21,51
523.0,2016-10-25 19:22:00,1,1,0,30,21,51
523.0,2016-10-25 19:25:00,1,1,0,30,21,51
523.0,2016-10-25 19:28:00,0,0,0,30,21,51
523.0,2016-10-25 19:31:00,2,0,-2,28,23,51
523.0,2016-10-25 19:34:00,1,2,1,29,22,51
523.0,2016-10-25 19:37:00,0,0,0,29,22,51
523.0,2016-10-25 19:40:00,0,2,2,31,20,51
523.0,2016-10-25 19:43:00,0,1,1,32,19,51
523.0,2016-10-25 19:46:00,1,1,0,32,19,51
523.0,2016-10-25 19:49:00,0,0,0,32,19,51
523.0,2016-10-25 19:52:00,0,2,2,34,17,51
523.0,2016-10-25 19:55:00,0,0,0,34,17,51
523.0,2016-10-25 19:58:00,0,0,0,34,17,51
523.0,2016-10-25 20:00:00,2,0,-2,33,18,51
523.0,2016-10-25 20:03:00,1,2,1,34,17,51
523.0,2016-10-25 20:06:00,0,1,1,35,16,51
523.0,2016-10-25 20:09:00,0,0,0,35,16,51
523.0,2016-10-25 20:12:00,0,1,1,36,15,51
523.0,2016-10-25 20:15:00,1,1,0,36,15,51
523.0,2016-10-25 20:18:00,1,4,3,39,12,51
523.0,2016-10-25 20:21:00,0,2,2,41,10,51
523.0,2016-10-25 20:24:00,0,0,0,41,10,51
523.0,2016-10-25 20:27:00,0,0,0,41,10,51
523.0,2016-10-25 20:30:00,0,2,2,43,8,51
523.0,2016-10-25 20:33:00,0,1,1,44,7,51
523.0,2016-10-25 20:35:00,0,1,1,43,8,51
523.0,2016-10-25 20:38:00,0,1,1,44,7,51
523.0,2016-10-25 20:41:00,0,0,0,44,7,51
523.0,2016-10-25 20:44:00,0,0,0,44,7,51
523.0,2016-10-25 20:47:00,0,0,0,44,7,51
523.0,2016-10-25 20:50:00,1,0,-1,43,8,51
523.0,2016-10-25 20:53:00,0,0,0,43,8,51
523.0,2016-10-25 20:56:00,0,0,0,43,8,51
523.0,2016-10-25 20:59:00,0,1,1,44,7,51
523.0,2016-10-25 21:02:00,0,1,1,45,6,51
523.0,2016-10-25 21:05:00,1,1,0,45,6,51
523.0,2016-10-25 21:08:00,1,1,0,45,6,51
523.0,2016-10-25 21:11:00,0,0,0,45,6,51
523.0,2016-10-25 21:14:00,1,1,0,45,6,51
523.0,2016-10-25 21:15:00,1,1,0,46,5,51
523.0,2016-10-25 21:18:00,0,0,0,46,5,51
523.0,2016-10-25 21:21:00,0,0,0,46,5,51
523.0,2016-10-25 21:24:00,0,1,1,47,4,51
523.0,2016-10-25 21:27:00,1,0,-1,46,5,51
523.0,2016-10-25 21:30:00,1,0,-1,45,6,51
523.0,2016-10-25 21:33:00,0,0,0,45,6,51
523.0,2016-10-25 21:36:00,0,0,0,45,6,51
523.0,2016-10-25 21:39:00,0,0,0,45,6,51
523.0,2016-10-25 21:42:00,2,1,-1,43,8,51
523.0,2016-10-25 21:45:00,0,0,0,43,8,51
523.0,2016-10-25 21:48:00,0,0,0,43,8,51
523.0,2016-10-25 21:51:00,0,2,2,45,6,51
523.0,2016-10-25 21:54:00,0,0,0,45,6,51
523.0,2016-10-25 21:57:00,1,0,-1,44,7,51
523.0,2016-10-25 22:00:00,1,0,-1,43,8,51
523.0,2016-10-25 22:03:00,0,1,1,44,7,51
523.0,2016-10-25 22:06:00,0,1,1,45,6,51
523.0,2016-10-25 22:09:00,1,0,-1,44,7,51
523.0,2016-10-25 22:12:00,0,0,0,44,7,51
523.0,2016-10-25 22:15:00,0,0,0,44,7,51
523.0,2016-10-25 22:16:00,0,0,0,44,7,51
523.0,2016-10-25 22:19:00,1,1,0,44,7,51
523.0,2016-10-25 22:22:00,0,0,0,44,7,51
523.0,2016-10-25 22:25:00,0,0,0,44,7,51
523.0,2016-10-25 22:28:00,0,1,1,45,6,51
523.0,2016-10-25 22:31:00,0,0,0,45,6,51
523.0,2016-10-25 22:34:00,0,1,1,46,5,51
523.0,2016-10-25 22:37:00,0,1,1,47,4,51
523.0,2016-10-25 22:40:00,0,0,0,47,4,51
523.0,2016-10-25 22:43:00,0,0,0,47,4,51
523.0,2016-10-25 22:46:00,0,1,1,48,3,51
523.0,2016-10-25 22:49:00,0,0,0,48,3,51
523.0,2016-10-25 22:52:00,1,0,-1,47,4,51
523.0,2016-10-25 22:55:00,0,0,0,47,4,51
523.0,2016-10-25 22:58:00,0,0,0,47,4,51
523.0,2016-10-25 23:01:00,0,0,0,47,4,51
523.0,2016-10-25 23:04:00,1,0,-1,46,5,51
523.0,2016-10-25 23:07:00,0,0,0,46,5,51
523.0,2016-10-25 23:10:00,0,0,0,46,5,51
523.0,2016-10-25 23:13:00,0,1,1,47,4,51
523.0,2016-10-25 23:16:00,0,0,0,47,4,51
523.0,2016-10-25 23:19:00,0,1,1,48,3,51
523.0,2016-10-25 23:22:00,0,0,0,48,3,51
523.0,2016-10-25 23:24:00,0,1,1,49,2,51
523.0,2016-10-25 23:27:00,0,0,0,49,2,51
523.0,2016-10-25 23:30:00,0,0,0,49,2,51
523.0,2016-10-25 23:33:00,0,0,0,49,2,51
523.0,2016-10-25 23:36:00,0,0,0,49,2,51
523.0,2016-10-25 23:39:00,0,0,0,49,2,51
523.0,2016-10-25 23:42:00,0,0,0,49,2,51
523.0,2016-10-25 23:45:00,1,0,-1,48,3,51
523.0,2016-10-25 23:48:00,0,0,0,48,3,51
523.0,2016-10-25 23:51:00,0,0,0,48,3,51
523.0,2016-10-25 23:54:00,0,0,0,48,3,51
523.0,2016-10-25 23:57:00,0,0,0,48,3,51
523.0,2016-10-26 00:00:00,0,0,0,48,3,51
523.0,2016-10-26 00:03:00,0,0,0,48,3,51
523.0,2016-10-26 00:06:00,0,0,0,48,3,51
523.0,2016-10-26 00:09:00,0,0,0,48,3,51
523.0,2016-10-26 00:12:00,0,0,0,48,3,51
523.0,2016-10-26 00:15:00,0,0,0,48,3,51
523.0,2016-10-26 00:18:00,0,0,0,48,3,51
523.0,2016-10-26 00:21:00,0,0,0,48,3,51
523.0,2016-10-26 00:24:00,0,0,0,48,3,51
523.0,2016-10-26 00:27:00,0,1,1,49,2,51
523.0,2016-10-26 00:30:00,0,0,0,49,2,51
523.0,2016-10-26 00:33:00,0,0,0,49,2,51
523.0,2016-10-26 00:36:00,0,0,0,49,2,51
523.0,2016-10-26 00:39:00,0,0,0,49,2,51
523.0,2016-10-26 00:42:00,0,0,0,49,2,51
523.0,2016-10-26 00:45:00,0,0,0,49,2,51
523.0,2016-10-26 00:48:00,0,0,0,49,2,51
523.0,2016-10-26 00:51:00,0,0,0,49,2,51
523.0,2016-10-26 00:54:00,0,0,0,49,2,51
523.0,2016-10-26 00:57:00,0,0,0,49,2,51
523.0,2016-10-26 01:00:00,0,0,0,49,2,51
523.0,2016-10-26 01:03:00,0,0,0,49,2,51
523.0,2016-10-26 01:05:00,0,0,0,49,2,51
523.0,2016-10-26 01:08:00,0,0,0,49,2,51
523.0,2016-10-26 01:11:00,0,0,0,49,2,51
523.0,2016-10-26 01:14:00,0,0,0,49,2,51
523.0,2016-10-26 01:17:00,0,0,0,49,2,51
523.0,2016-10-26 01:20:00,0,0,0,49,2,51
523.0,2016-10-26 01:23:00,0,0,0,49,2,51
523.0,2016-10-26 01:26:00,0,0,0,49,2,51
523.0,2016-10-26 01:29:00,0,0,0,49,2,51
523.0,2016-10-26 01:32:00,0,0,0,49,2,51
523.0,2016-10-26 01:35:00,0,0,0,49,2,51
523.0,2016-10-26 01:37:00,0,0,0,49,2,51
523.0,2016-10-26 01:40:00,0,0,0,49,2,51
523.0,2016-10-26 01:43:00,0,0,0,49,2,51
523.0,2016-10-26 01:46:00,0,0,0,49,2,51
523.0,2016-10-26 01:49:00,0,0,0,49,2,51
523.0,2016-10-26 01:52:00,0,0,0,49,2,51
523.0,2016-10-26 01:55:00,0,0,0,49,2,51
523.0,2016-10-26 01:58:00,0,0,0,49,2,51
523.0,2016-10-26 02:01:00,0,0,0,49,2,51
523.0,2016-10-26 02:04:00,0,0,0,49,2,51
523.0,2016-10-26 02:07:00,0,0,0,49,2,51
523.0,2016-10-26 02:09:00,0,0,0,49,2,51
523.0,2016-10-26 02:12:00,0,0,0,49,2,51
523.0,2016-10-26 02:15:00,0,0,0,49,2,51
523.0,2016-10-26 02:18:00,0,0,0,49,2,51
523.0,2016-10-26 02:21:00,0,0,0,49,2,51
523.0,2016-10-26 02:24:00,0,0,0,49,2,51
523.0,2016-10-26 02:27:00,0,0,0,49,2,51
523.0,2016-10-26 02:30:00,0,0,0,49,2,51
523.0,2016-10-26 02:33:00,0,0,0,49,2,51
523.0,2016-10-26 02:36:00,0,0,0,49,2,51
523.0,2016-10-26 02:39:00,0,0,0,49,2,51
523.0,2016-10-26 02:42:00,0,0,0,49,2,51
523.0,2016-10-26 02:45:00,0,0,0,49,2,51
523.0,2016-10-26 02:48:00,0,0,0,49,2,51
523.0,2016-10-26 02:51:00,0,0,0,49,2,51
523.0,2016-10-26 02:54:00,0,0,0,49,2,51
523.0,2016-10-26 02:57:00,0,0,0,49,2,51
523.0,2016-10-26 03:00:00,0,0,0,49,2,51
523.0,2016-10-26 03:03:00,0,0,0,49,2,51
523.0,2016-10-26 03:06:00,0,0,0,49,2,51
523.0,2016-10-26 03:09:00,0,0,0,49,2,51
523.0,2016-10-26 03:12:00,0,0,0,49,2,51
523.0,2016-10-26 03:14:00,0,0,0,49,2,51
523.0,2016-10-26 03:17:00,0,0,0,49,2,51
523.0,2016-10-26 03:20:00,0,0,0,49,2,51
523.0,2016-10-26 03:23:00,0,0,0,49,2,51
523.0,2016-10-26 03:26:00,0,0,0,49,2,51
523.0,2016-10-26 03:29:00,0,0,0,49,2,51
523.0,2016-10-26 03:32:00,0,0,0,49,2,51
523.0,2016-10-26 03:35:00,0,0,0,49,2,51
523.0,2016-10-26 03:38:00,0,0,0,49,2,51
523.0,2016-10-26 03:41:00,0,0,0,49,2,51
523.0,2016-10-26 03:44:00,0,0,0,49,2,51
523.0,2016-10-26 03:47:00,0,0,0,49,2,51
523.0,2016-10-26 03:48:00,0,0,0,49,2,51
523.0,2016-10-26 03:51:00,0,0,0,49,2,51
523.0,2016-10-26 03:54:00,0,0,0,49,2,51
523.0,2016-10-26 03:57:00,0,0,0,49,2,51
523.0,2016-10-26 04:00:00,0,0,0,49,2,51
523.0,2016-10-26 04:03:00,0,0,0,49,2,51
523.0,2016-10-26 04:06:00,0,0,0,49,2,51
523.0,2016-10-26 04:09:00,0,0,0,49,2,51
523.0,2016-10-26 04:12:00,0,0,0,49,2,51
523.0,2016-10-26 04:15:00,0,0,0,49,2,51
523.0,2016-10-26 04:18:00,0,0,0,49,2,51
523.0,2016-10-26 04:19:00,0,0,0,49,2,51
523.0,2016-10-26 04:22:00,0,0,0,49,2,51
523.0,2016-10-26 04:25:00,0,0,0,49,2,51
523.0,2016-10-26 04:28:00,0,0,0,49,2,51
523.0,2016-10-26 04:31:00,0,0,0,49,2,51
523.0,2016-10-26 04:34:00,0,0,0,49,2,51
523.0,2016-10-26 04:37:00,0,0,0,49,2,51
523.0,2016-10-26 04:40:00,0,0,0,49,2,51
523.0,2016-10-26 04:43:00,0,0,0,49,2,51
523.0,2016-10-26 04:46:00,0,0,0,49,2,51
523.0,2016-10-26 04:49:00,0,0,0,49,2,51
523.0,2016-10-26 04:52:00,0,0,0,49,2,51
523.0,2016-10-26 04:55:00,0,0,0,49,2,51
523.0,2016-10-26 04:58:00,0,0,0,49,2,51
523.0,2016-10-26 05:01:00,0,0,0,49,2,51
523.0,2016-10-26 05:04:00,0,0,0,49,2,51
523.0,2016-10-26 05:07:00,0,0,0,49,2,51
523.0,2016-10-26 05:10:00,0,0,0,49,2,51
523.0,2016-10-26 05:13:00,0,0,0,49,2,51
523.0,2016-10-26 05:16:00,0,0,0,49,2,51
523.0,2016-10-26 05:19:00,0,0,0,49,2,51
523.0,2016-10-26 05:22:00,0,0,0,49,2,51
523.0,2016-10-26 05:24:00,0,0,0,49,2,51
523.0,2016-10-26 05:27:00,0,0,0,49,2,51
523.0,2016-10-26 05:30:00,0,0,0,49,2,51
523.0,2016-10-26 05:33:00,0,0,0,49,2,51
523.0,2016-10-26 05:36:00,0,0,0,49,2,51
523.0,2016-10-26 05:39:00,0,0,0,49,2,51
523.0,2016-10-26 05:42:00,0,0,0,49,2,51
523.0,2016-10-26 05:45:00,0,0,0,49,2,51
523.0,2016-10-26 05:48:00,1,0,-1,48,3,51
523.0,2016-10-26 05:51:00,0,0,0,48,3,51
523.0,2016-10-26 05:54:00,0,1,1,49,2,51
523.0,2016-10-26 05:57:00,0,0,0,49,2,51
523.0,2016-10-26 05:59:00,0,0,0,49,2,51
523.0,2016-10-26 06:02:00,0,0,0,49,2,51
523.0,2016-10-26 06:05:00,0,0,0,49,2,51
523.0,2016-10-26 06:08:00,0,0,0,49,2,51
523.0,2016-10-26 06:11:00,1,1,0,49,2,51
523.0,2016-10-26 06:14:00,0,0,0,49,2,51
523.0,2016-10-26 06:17:00,0,0,0,49,2,51
523.0,2016-10-26 06:20:00,0,0,0,49,2,51
523.0,2016-10-26 06:23:00,0,0,0,49,2,51
523.0,2016-10-26 06:26:00,1,0,-1,48,3,51
523.0,2016-10-26 06:29:00,0,0,0,48,3,51
523.0,2016-10-26 06:32:00,0,0,0,48,3,51
523.0,2016-10-26 06:33:00,2,1,-1,47,4,51
523.0,2016-10-26 06:36:00,1,0,-1,46,5,51
523.0,2016-10-26 06:39:00,4,0,-4,42,9,51
523.0,2016-10-26 06:42:00,2,0,-2,40,11,51
523.0,2016-10-26 06:45:00,1,0,-1,39,12,51
523.0,2016-10-26 06:48:00,1,0,-1,38,13,51
523.0,2016-10-26 06:51:00,0,0,0,38,13,51
523.0,2016-10-26 06:54:00,0,0,0,38,13,51
523.0,2016-10-26 06:57:00,2,0,-2,36,15,51
523.0,2016-10-26 07:00:00,1,0,-1,35,16,51
523.0,2016-10-26 07:03:00,0,0,0,35,16,51
523.0,2016-10-26 07:06:00,2,0,-2,33,18,51
523.0,2016-10-26 07:09:00,0,1,1,34,17,51
523.0,2016-10-26 07:10:00,0,1,1,34,17,51
523.0,2016-10-26 07:13:00,3,1,-2,32,19,51
523.0,2016-10-26 07:16:00,0,0,0,32,19,51
523.0,2016-10-26 07:19:00,1,0,-1,31,20,51
523.0,2016-10-26 07:22:00,3,0,-3,28,23,51
523.0,2016-10-26 07:25:00,3,0,-3,25,26,51
523.0,2016-10-26 07:28:00,2,0,-2,23,28,51
523.0,2016-10-26 07:31:00,2,2,0,23,28,51
523.0,2016-10-26 07:34:00,3,0,-3,20,31,51
523.0,2016-10-26 07:37:00,2,0,-2,18,33,51
523.0,2016-10-26 07:40:00,1,0,-1,17,34,51
523.0,2016-10-26 07:43:00,1,1,0,17,34,51
523.0,2016-10-26 07:46:00,4,2,-2,14,37,51
523.0,2016-10-26 07:49:00,0,0,0,14,37,51
523.0,2016-10-26 07:52:00,1,0,-1,13,38,51
523.0,2016-10-26 07:55:00,1,0,-1,12,39,51
523.0,2016-10-26 07:58:00,0,2,2,14,37,51
523.0,2016-10-26 08:01:00,3,0,-3,11,40,51
523.0,2016-10-26 08:04:00,3,2,-1,10,41,51
523.0,2016-10-26 08:07:00,1,0,-1,9,42,51
523.0,2016-10-26 08:10:00,3,0,-3,6,45,51
523.0,2016-10-26 08:13:00,3,0,-3,3,48,51
523.0,2016-10-26 08:16:00,2,0,-2,1,50,51
523.0,2016-10-26 08:19:00,1,3,2,3,48,51
523.0,2016-10-26 08:22:00,2,1,-1,2,49,51
523.0,2016-10-26 08:23:00,1,0,-1,3,48,51
523.0,2016-10-26 08:26:00,0,2,2,5,46,51
523.0,2016-10-26 08:29:00,1,1,0,5,46,51
523.0,2016-10-26 08:32:00,1,2,1,6,45,51
523.0,2016-10-26 08:35:00,3,2,-1,5,46,51
523.0,2016-10-26 08:38:00,1,3,2,7,44,51
523.0,2016-10-26 08:41:00,0,2,2,9,42,51
523.0,2016-10-26 08:44:00,1,4,3,12,39,51
523.0,2016-10-26 08:47:00,3,2,-1,11,40,51
523.0,2016-10-26 08:50:00,1,5,4,15,36,51
523.0,2016-10-26 08:53:00,6,0,-6,9,42,51
523.0,2016-10-26 08:56:00,0,3,3,12,39,51
523.0,2016-10-26 08:58:00,1,3,2,13,38,51
523.0,2016-10-26 09:01:00,3,1,-2,11,40,51
523.0,2016-10-26 09:04:00,1,2,1,12,39,51
523.0,2016-10-26 09:07:00,2,3,1,13,38,51
523.0,2016-10-26 09:10:00,4,2,-2,11,40,51
523.0,2016-10-26 09:13:00,1,3,2,13,38,51
523.0,2016-10-26 09:16:00,4,2,-2,11,40,51
523.0,2016-10-26 09:19:00,4,0,-4,7,44,51
523.0,2016-10-26 09:22:00,3,2,-1,6,45,51
523.0,2016-10-26 09:25:00,1,0,-1,5,46,51
523.0,2016-10-26 09:28:00,0,0,0,5,46,51
523.0,2016-10-26 09:31:00,3,0,-3,2,49,51
523.0,2016-10-26 09:34:00,1,1,0,0,51,51
523.0,2016-10-26 09:37:00,1,1,0,0,51,51
523.0,2016-10-26 09:40:00,0,0,0,0,51,51
523.0,2016-10-26 09:43:00,2,1,-1,0,51,51
523.0,2016-10-26 09:46:00,1,1,0,0,51,51
523.0,2016-10-26 09:49:00,0,1,1,1,50,51
523.0,2016-10-26 09:52:00,0,2,2,3,48,51
523.0,2016-10-26 09:55:00,4,1,-3,0,51,51
523.0,2016-10-26 09:58:00,0,0,0,0,51,51
523.0,2016-10-26 10:01:00,0,0,0,0,51,51
523.0,2016-10-26 10:03:00,0,0,0,0,51,51
523.0,2016-10-26 10:06:00,0,0,0,0,51,51
523.0,2016-10-26 10:09:00,0,0,0,0,51,51
523.0,2016-10-26 10:12:00,0,0,0,0,51,51
523.0,2016-10-26 10:15:00,1,2,1,1,50,51
523.0,2016-10-26 10:18:00,0,0,0,1,50,51
523.0,2016-10-26 10:21:00,0,3,3,4,47,51
523.0,2016-10-26 10:24:00,1,3,2,6,45,51
523.0,2016-10-26 10:27:00,0,1,1,7,44,51
523.0,2016-10-26 10:30:00,0,1,1,8,43,51
523.0,2016-10-26 10:33:00,0,1,1,9,42,51
523.0,2016-10-26 10:36:00,2,1,-1,8,43,51
523.0,2016-10-26 10:38:00,2,0,-2,7,44,51
523.0,2016-10-26 10:41:00,0,1,1,8,43,51
523.0,2016-10-26 10:44:00,0,2,2,10,41,51
523.0,2016-10-26 10:47:00,1,0,-1,9,42,51
523.0,2016-10-26 10:50:00,2,0,-2,7,44,51
523.0,2016-10-26 10:53:00,2,0,-2,5,46,51
523.0,2016-10-26 10:56:00,1,0,-1,4,47,51
523.0,2016-10-26 10:59:00,0,1,1,5,46,51
523.0,2016-10-26 11:02:00,1,1,0,5,46,51
523.0,2016-10-26 11:05:00,0,0,0,5,46,51
523.0,2016-10-26 11:08:00,0,0,0,5,46,51
523.0,2016-10-26 11:11:00,1,0,-1,4,47,51
523.0,2016-10-26 11:14:00,0,1,1,5,46,51
523.0,2016-10-26 11:17:00,0,1,1,6,45,51
523.0,2016-10-26 11:20:00,0,0,0,6,45,51
523.0,2016-10-26 11:23:00,1,0,-1,5,46,51
523.0,2016-10-26 11:26:00,0,0,0,5,46,51
523.0,2016-10-26 11:29:00,1,1,0,5,46,51
523.0,2016-10-26 11:32:00,0,1,1,6,45,51
523.0,2016-10-26 11:35:00,0,0,0,6,45,51
523.0,2016-10-26 11:38:00,0,1,1,7,44,51
523.0,2016-10-26 11:41:00,0,0,0,7,44,51
523.0,2016-10-26 11:44:00,0,0,0,7,44,51
523.0,2016-10-26 11:47:00,0,0,0,7,44,51
523.0,2016-10-26 11:50:00,0,1,1,8,43,51
523.0,2016-10-26 11:53:00,2,0,-2,6,45,51
523.0,2016-10-26 11:56:00,2,0,-2,4,47,51
523.0,2016-10-26 11:59:00,1,1,0,4,47,51
523.0,2016-10-26 12:02:00,0,2,2,6,45,51
523.0,2016-10-26 12:05:00,1,1,0,6,45,51
523.0,2016-10-26 12:08:00,0,0,0,6,45,51
523.0,2016-10-26 12:11:00,0,0,0,6,45,51
523.0,2016-10-26 12:14:00,0,0,0,6,45,51
523.0,2016-10-26 12:17:00,1,0,-1,5,46,51
523.0,2016-10-26 12:20:00,0,1,1,6,45,51
523.0,2016-10-26 12:23:00,0,0,0,6,45,51
523.0,2016-10-26 12:26:00,0,2,2,8,43,51
523.0,2016-10-26 12:29:00,0,1,1,9,42,51
523.0,2016-10-26 12:32:00,1,0,-1,48,3,51
523.0,2016-10-26 12:35:00,1,1,0,48,3,51
523.0,2016-10-26 12:38:00,1,0,-1,47,4,51
523.0,2016-10-26 12:41:00,1,0,-1,46,5,51
523.0,2016-10-26 12:44:00,0,1,1,47,4,51
523.0,2016-10-26 12:47:00,1,0,-1,46,5,51
523.0,2016-10-26 12:50:00,2,0,-2,44,7,51
523.0,2016-10-26 12:53:00,1,1,0,44,7,51
523.0,2016-10-26 12:56:00,2,0,-2,42,9,51
523.0,2016-10-26 12:59:00,1,0,-1,41,10,51
523.0,2016-10-26 13:02:00,1,0,-1,40,11,51
523.0,2016-10-26 13:04:00,0,0,0,0,51,51
523.0,2016-10-26 13:07:00,0,1,1,1,50,51
523.0,2016-10-26 13:10:00,1,0,-1,0,51,51
523.0,2016-10-26 13:13:00,0,0,0,0,51,51
523.0,2016-10-26 13:16:00,0,0,0,0,51,51
523.0,2016-10-26 13:19:00,0,0,0,0,51,51
523.0,2016-10-26 13:22:00,0,0,0,0,51,51
523.0,2016-10-26 13:25:00,0,0,0,0,51,51
523.0,2016-10-26 13:28:00,0,1,1,1,50,51
523.0,2016-10-26 13:31:00,1,2,1,2,49,51
523.0,2016-10-26 13:34:00,1,0,-1,1,50,51
523.0,2016-10-26 13:37:00,1,2,1,2,49,51
523.0,2016-10-26 13:38:00,1,0,-1,2,49,51
523.0,2016-10-26 13:41:00,0,1,1,3,48,51
523.0,2016-10-26 13:44:00,1,1,0,3,48,51
523.0,2016-10-26 13:47:00,0,0,0,3,48,51
523.0,2016-10-26 13:50:00,0,0,0,3,48,51
523.0,2016-10-26 13:53:00,0,1,1,4,47,51
523.0,2016-10-26 13:56:00,1,2,1,5,46,51
523.0,2016-10-26 13:59:00,0,1,1,6,45,51
523.0,2016-10-26 14:02:00,0,2,2,8,43,51
523.0,2016-10-26 14:05:00,1,1,0,8,43,51
523.0,2016-10-26 14:08:00,3,0,-3,5,46,51
523.0,2016-10-26 14:11:00,0,2,2,7,44,51
523.0,2016-10-26 14:14:00,0,0,0,7,44,51
523.0,2016-10-26 14:16:00,0,1,1,8,43,51
523.0,2016-10-26 14:19:00,0,1,1,9,42,51
523.0,2016-10-26 14:22:00,0,2,2,11,40,51
523.0,2016-10-26 14:25:00,1,2,1,12,39,51
523.0,2016-10-26 14:28:00,0,1,1,13,38,51
523.0,2016-10-26 14:31:00,0,3,3,16,35,51
523.0,2016-10-26 14:34:00,0,3,3,19,32,51
523.0,2016-10-26 14:37:00,0,0,0,19,32,51
523.0,2016-10-26 14:40:00,0,2,2,21,30,51
523.0,2016-10-26 14:43:00,0,1,1,22,29,51
523.0,2016-10-26 14:46:00,1,1,0,22,29,51
523.0,2016-10-26 14:49:00,0,0,0,22,29,51
523.0,2016-10-26 14:51:00,0,1,1,22,29,51
523.0,2016-10-26 14:54:00,0,1,1,23,28,51
523.0,2016-10-26 14:57:00,0,0,0,23,28,51
523.0,2016-10-26 15:00:00,0,0,0,23,28,51
523.0,2016-10-26 15:03:00,2,1,-1,22,29,51
523.0,2016-10-26 15:06:00,3,1,-2,20,31,51
523.0,2016-10-26 15:09:00,0,2,2,22,29,51
523.0,2016-10-26 15:12:00,1,0,-1,21,30,51
523.0,2016-10-26 15:15:00,1,0,-1,20,31,51
523.0,2016-10-26 15:18:00,1,2,1,21,30,51
523.0,2016-10-26 15:21:00,0,2,2,23,28,51
523.0,2016-10-26 15:24:00,0,1,1,24,27,51
523.0,2016-10-26 15:26:00,0,2,2,25,26,51
523.0,2016-10-26 15:29:00,0,0,0,25,26,51
523.0,2016-10-26 15:32:00,1,0,-1,24,27,51
523.0,2016-10-26 15:35:00,0,1,1,25,26,51
523.0,2016-10-26 15:38:00,1,2,1,26,25,51
523.0,2016-10-26 15:41:00,1,0,-1,25,26,51
523.0,2016-10-26 15:44:00,0,1,1,26,25,51
523.0,2016-10-26 15:47:00,0,2,2,28,23,51
523.0,2016-10-26 15:50:00,1,1,0,28,23,51
523.0,2016-10-26 15:53:00,0,2,2,30,21,51
523.0,2016-10-26 15:56:00,0,0,0,30,21,51
523.0,2016-10-26 15:59:00,1,0,-1,29,22,51
523.0,2016-10-26 16:01:00,1,1,0,29,22,51
523.0,2016-10-26 16:04:00,2,1,-1,28,23,51
523.0,2016-10-26 16:07:00,2,0,-2,26,25,51
523.0,2016-10-26 16:10:00,2,1,-1,25,26,51
523.0,2016-10-26 16:13:00,0,1,1,26,25,51
523.0,2016-10-26 16:16:00,1,1,0,26,25,51
523.0,2016-10-26 16:19:00,0,0,0,26,25,51
523.0,2016-10-26 16:22:00,0,1,1,27,24,51
523.0,2016-10-26 16:25:00,2,0,-2,25,26,51
523.0,2016-10-26 16:28:00,2,2,0,25,26,51
523.0,2016-10-26 16:31:00,2,4,2,27,24,51
523.0,2016-10-26 16:34:00,1,1,0,27,24,51
523.0,2016-10-26 16:37:00,0,4,4,31,20,51
523.0,2016-10-26 16:40:00,1,9,8,39,12,51
523.0,2016-10-26 16:43:00,2,3,1,40,11,51
523.0,2016-10-26 16:46:00,1,1,0,40,11,51
523.0,2016-10-26 16:49:00,0,2,2,45,6,51
523.0,2016-10-26 16:52:00,1,1,0,45,6,51
523.0,2016-10-26 16:55:00,1,1,0,45,6,51
523.0,2016-10-26 16:58:00,2,1,-1,44,7,51
523.0,2016-10-26 17:01:00,1,1,0,44,7,51
523.0,2016-10-26 17:04:00,2,1,-1,43,8,51
523.0,2016-10-26 17:07:00,2,0,-2,41,10,51
523.0,2016-10-26 17:10:00,4,1,-3,38,13,51
523.0,2016-10-26 17:13:00,2,3,1,39,12,51
523.0,2016-10-26 17:16:00,3,3,0,39,12,51
523.0,2016-10-26 17:19:00,2,2,0,39,12,51
523.0,2016-10-26 17:22:00,2,2,0,39,12,51
523.0,2016-10-26 17:25:00,1,2,1,40,11,51
523.0,2016-10-26 17:28:00,2,5,3,43,8,51
523.0,2016-10-26 17:31:00,0,3,3,46,5,51
523.0,2016-10-26 17:34:00,4,4,0,46,5,51
523.0,2016-10-26 17:37:00,0,3,3,49,2,51
523.0,2016-10-26 17:40:00,1,1,0,49,2,51
523.0,2016-10-26 17:43:00,1,0,-1,48,3,51
523.0,2016-10-26 17:46:00,1,2,1,49,2,51
523.0,2016-10-26 17:49:00,1,1,0,49,2,51
523.0,2016-10-26 17:52:00,2,2,0,49,2,51
523.0,2016-10-26 17:55:00,3,3,0,49,2,51
523.0,2016-10-26 17:58:00,1,1,0,49,2,51
523.0,2016-10-26 18:01:00,3,1,-2,47,4,51
523.0,2016-10-26 18:04:00,1,3,2,49,2,51
523.0,2016-10-26 18:06:00,3,1,-2,44,7,51
523.0,2016-10-26 18:09:00,4,1,-3,41,10,51
523.0,2016-10-26 18:12:00,1,4,3,44,7,51
523.0,2016-10-26 18:15:00,1,3,2,46,5,51
523.0,2016-10-26 18:18:00,3,3,0,46,5,51
523.0,2016-10-26 18:21:00,4,4,0,46,5,51
523.0,2016-10-26 18:24:00,6,3,-3,43,8,51
523.0,2016-10-26 18:27:00,3,1,-2,41,10,51
523.0,2016-10-26 18:30:00,4,2,-2,39,12,51
523.0,2016-10-26 18:33:00,1,3,2,41,10,51
523.0,2016-10-26 18:36:00,1,2,1,42,9,51
523.0,2016-10-26 18:39:00,2,4,2,44,7,51
523.0,2016-10-26 18:42:00,5,1,-4,40,11,51
523.0,2016-10-26 18:45:00,1,4,3,43,8,51
523.0,2016-10-26 18:48:00,2,0,-2,41,10,51
523.0,2016-10-26 18:51:00,0,1,1,42,9,51
523.0,2016-10-26 18:54:00,0,4,4,46,5,51
523.0,2016-10-26 18:57:00,1,1,0,46,5,51
523.0,2016-10-26 19:00:00,1,1,0,46,5,51
523.0,2016-10-26 19:03:00,2,1,-1,45,6,51
523.0,2016-10-26 19:06:00,0,1,1,46,5,51
523.0,2016-10-26 19:09:00,0,0,0,46,5,51
523.0,2016-10-26 19:12:00,0,0,0,46,5,51
523.0,2016-10-26 19:15:00,1,0,-1,45,6,51
523.0,2016-10-26 19:18:00,0,0,0,45,6,51
523.0,2016-10-26 19:21:00,1,0,-1,44,7,51
523.0,2016-10-26 19:24:00,2,0,-2,42,9,51
523.0,2016-10-26 19:27:00,0,1,1,43,8,51
523.0,2016-10-26 19:30:00,0,1,1,44,7,51
523.0,2016-10-26 19:32:00,1,0,-1,46,5,51
523.0,2016-10-26 19:35:00,0,1,1,47,4,51
523.0,2016-10-26 19:38:00,1,0,-1,46,5,51
523.0,2016-10-26 19:41:00,0,0,0,46,5,51
523.0,2016-10-26 19:44:00,0,1,1,47,4,51
523.0,2016-10-26 19:47:00,2,0,-2,45,6,51
523.0,2016-10-26 19:50:00,0,0,0,45,6,51
523.0,2016-10-26 19:53:00,1,2,1,46,5,51
523.0,2016-10-26 19:56:00,2,1,-1,45,6,51
523.0,2016-10-26 19:59:00,1,1,0,45,6,51
523.0,2016-10-26 20:02:00,1,1,0,45,6,51
523.0,2016-10-26 20:05:00,0,0,0,45,6,51
523.0,2016-10-26 20:08:00,0,0,0,45,6,51
523.0,2016-10-26 20:11:00,1,1,0,45,6,51
523.0,2016-10-26 20:14:00,0,2,2,47,4,51
523.0,2016-10-26 20:17:00,0,1,1,48,3,51
523.0,2016-10-26 20:19:00,0,0,0,46,5,51
523.0,2016-10-26 20:22:00,1,0,-1,45,6,51
523.0,2016-10-26 20:25:00,0,2,2,47,4,51
523.0,2016-10-26 20:28:00,0,0,0,47,4,51
523.0,2016-10-26 20:31:00,0,0,0,47,4,51
523.0,2016-10-26 20:34:00,0,0,0,47,4,51
523.0,2016-10-26 20:37:00,0,0,0,47,4,51
523.0,2016-10-26 20:40:00,0,0,0,47,4,51
523.0,2016-10-26 20:43:00,0,0,0,47,4,51
523.0,2016-10-26 20:46:00,0,0,0,47,4,51
523.0,2016-10-26 20:49:00,0,0,0,47,4,51
523.0,2016-10-26 20:52:00,0,0,0,47,4,51
523.0,2016-10-26 20:55:00,1,0,-1,46,5,51
523.0,2016-10-26 20:58:00,0,0,0,46,5,51
523.0,2016-10-26 21:01:00,0,0,0,46,5,51
523.0,2016-10-26 21:04:00,1,0,-1,45,6,51
523.0,2016-10-26 21:07:00,0,0,0,45,6,51
523.0,2016-10-26 21:10:00,1,0,-1,44,7,51
523.0,2016-10-26 21:13:00,0,1,1,45,6,51
523.0,2016-10-26 21:16:00,0,2,2,47,4,51
523.0,2016-10-26 21:19:00,0,0,0,47,4,51
523.0,2016-10-26 21:22:00,0,0,0,47,4,51
523.0,2016-10-26 21:25:00,0,0,0,47,4,51
523.0,2016-10-26 21:28:00,0,0,0,47,4,51
523.0,2016-10-26 21:31:00,1,0,-1,46,5,51
523.0,2016-10-26 21:34:00,1,1,0,46,5,51
523.0,2016-10-26 21:37:00,0,1,1,47,4,51
523.0,2016-10-26 21:40:00,0,0,0,47,4,51
523.0,2016-10-26 21:43:00,0,0,0,47,4,51
523.0,2016-10-26 21:46:00,0,0,0,47,4,51
523.0,2016-10-26 21:49:00,0,0,0,47,4,51
523.0,2016-10-26 21:52:00,0,0,0,47,4,51
523.0,2016-10-26 21:55:00,1,0,-1,46,5,51
523.0,2016-10-26 21:58:00,1,0,-1,45,6,51
523.0,2016-10-26 22:01:00,0,1,1,46,5,51
523.0,2016-10-26 22:02:00,0,0,0,46,5,51
523.0,2016-10-26 22:05:00,0,0,0,46,5,51
523.0,2016-10-26 22:08:00,1,0,-1,45,6,51
523.0,2016-10-26 22:11:00,0,0,0,45,6,51
523.0,2016-10-26 22:14:00,0,0,0,45,6,51
523.0,2016-10-26 22:17:00,0,0,0,45,6,51
523.0,2016-10-26 22:20:00,0,0,0,45,6,51
523.0,2016-10-26 22:23:00,0,0,0,45,6,51
523.0,2016-10-26 22:26:00,0,2,2,47,4,51
523.0,2016-10-26 22:29:00,0,0,0,47,4,51
523.0,2016-10-26 22:32:00,0,0,0,47,4,51
523.0,2016-10-26 22:35:00,0,0,0,47,4,51
523.0,2016-10-26 22:38:00,0,0,0,47,4,51
523.0,2016-10-26 22:41:00,0,0,0,47,4,51
523.0,2016-10-26 22:44:00,0,0,0,47,4,51
523.0,2016-10-26 22:47:00,0,0,0,47,4,51
523.0,2016-10-26 22:50:00,2,1,-1,46,5,51
523.0,2016-10-26 22:53:00,0,1,1,47,4,51
523.0,2016-10-26 22:56:00,1,0,-1,46,5,51
523.0,2016-10-26 22:59:00,0,1,1,47,4,51
523.0,2016-10-26 23:02:00,0,0,0,47,4,51
523.0,2016-10-26 23:05:00,0,0,0,47,4,51
523.0,2016-10-26 23:08:00,2,1,-1,46,5,51
523.0,2016-10-26 23:11:00,0,1,1,47,4,51
523.0,2016-10-26 23:14:00,0,0,0,47,4,51
523.0,2016-10-26 23:17:00,0,0,0,47,4,51
523.0,2016-10-26 23:20:00,0,0,0,47,4,51
523.0,2016-10-26 23:23:00,0,0,0,47,4,51
523.0,2016-10-26 23:26:00,0,0,0,47,4,51
523.0,2016-10-26 23:29:00,0,0,0,47,4,51
523.0,2016-10-26 23:32:00,0,0,0,47,4,51
523.0,2016-10-26 23:35:00,0,0,0,47,4,51
523.0,2016-10-26 23:38:00,0,0,0,47,4,51
523.0,2016-10-26 23:41:00,0,0,0,47,4,51
523.0,2016-10-26 23:44:00,0,0,0,47,4,51
523.0,2016-10-26 23:47:00,0,0,0,47,4,51
523.0,2016-10-26 23:50:00,0,0,0,47,4,51
523.0,2016-10-26 23:53:00,0,0,0,47,4,51
523.0,2016-10-26 23:56:00,0,0,0,47,4,51
523.0,2016-10-26 23:59:00,0,0,0,47,4,51
523.0,2016-10-27 00:02:00,0,0,0,47,4,51
523.0,2016-10-27 00:05:00,0,0,0,47,4,51
523.0,2016-10-27 00:08:00,0,0,0,47,4,51
523.0,2016-10-27 00:11:00,0,0,0,47,4,51
523.0,2016-10-27 00:14:00,0,0,0,47,4,51
523.0,2016-10-27 00:17:00,0,0,0,47,4,51
523.0,2016-10-27 00:20:00,0,0,0,47,4,51
523.0,2016-10-27 00:23:00,0,0,0,47,4,51
523.0,2016-10-27 00:26:00,0,0,0,47,4,51
523.0,2016-10-27 00:29:00,0,0,0,47,4,51
523.0,2016-10-27 00:30:00,0,0,0,8,43,51
523.0,2016-10-27 00:33:00,0,0,0,8,43,51
523.0,2016-10-27 00:36:00,0,0,0,8,43,51
523.0,2016-10-27 00:39:00,0,0,0,8,43,51
523.0,2016-10-27 00:42:00,0,0,0,8,43,51
523.0,2016-10-27 00:45:00,0,0,0,8,43,51
523.0,2016-10-27 00:48:00,0,0,0,8,43,51
523.0,2016-10-27 00:51:00,0,1,1,9,42,51
523.0,2016-10-27 00:54:00,0,1,1,10,41,51
523.0,2016-10-27 00:57:00,0,0,0,10,41,51
523.0,2016-10-27 01:00:00,0,0,0,10,41,51
523.0,2016-10-27 01:03:00,0,0,0,10,41,51
523.0,2016-10-27 01:06:00,0,0,0,10,41,51
523.0,2016-10-27 01:09:00,0,0,0,10,41,51
523.0,2016-10-27 01:12:00,0,0,0,10,41,51
523.0,2016-10-27 01:15:00,0,0,0,10,41,51
523.0,2016-10-27 01:18:00,0,0,0,10,41,51
523.0,2016-10-27 01:20:00,0,0,0,50,1,51
523.0,2016-10-27 01:23:00,0,0,0,50,1,51
523.0,2016-10-27 01:26:00,0,0,0,50,1,51
523.0,2016-10-27 01:29:00,0,0,0,50,1,51
523.0,2016-10-27 01:32:00,0,0,0,50,1,51
523.0,2016-10-27 01:35:00,0,0,0,50,1,51
523.0,2016-10-27 01:38:00,0,0,0,50,1,51
523.0,2016-10-27 01:41:00,0,0,0,50,1,51
523.0,2016-10-27 01:44:00,0,0,0,50,1,51
523.0,2016-10-27 01:47:00,0,0,0,50,1,51
523.0,2016-10-27 01:50:00,0,1,1,51,0,51
523.0,2016-10-27 01:52:00,0,0,0,50,1,51
523.0,2016-10-27 01:55:00,0,0,0,50,1,51
523.0,2016-10-27 01:58:00,0,0,0,50,1,51
523.0,2016-10-27 02:01:00,0,0,0,50,1,51
523.0,2016-10-27 02:04:00,0,0,0,50,1,51
523.0,2016-10-27 02:07:00,0,0,0,50,1,51
523.0,2016-10-27 02:10:00,0,0,0,50,1,51
523.0,2016-10-27 02:13:00,0,0,0,50,1,51
523.0,2016-10-27 02:16:00,0,0,0,50,1,51
523.0,2016-10-27 02:19:00,0,0,0,50,1,51
523.0,2016-10-27 02:22:00,0,0,0,50,1,51
523.0,2016-10-27 02:25:00,0,0,0,50,1,51
523.0,2016-10-27 02:28:00,0,0,0,50,1,51
523.0,2016-10-27 02:31:00,0,0,0,50,1,51
523.0,2016-10-27 02:34:00,0,0,0,50,1,51
523.0,2016-10-27 02:37:00,0,0,0,50,1,51
523.0,2016-10-27 02:40:00,0,0,0,50,1,51
523.0,2016-10-27 02:43:00,0,0,0,50,1,51
523.0,2016-10-27 02:46:00,0,0,0,50,1,51
523.0,2016-10-27 02:49:00,0,0,0,50,1,51
523.0,2016-10-27 02:52:00,0,0,0,50,1,51
523.0,2016-10-27 02:55:00,0,0,0,50,1,51
523.0,2016-10-27 02:57:00,0,0,0,50,1,51
523.0,2016-10-27 03:00:00,0,0,0,50,1,51
523.0,2016-10-27 03:03:00,0,0,0,50,1,51
523.0,2016-10-27 03:06:00,1,0,-1,49,2,51
523.0,2016-10-27 03:09:00,0,0,0,49,2,51
523.0,2016-10-27 03:12:00,0,0,0,49,2,51
523.0,2016-10-27 03:15:00,0,0,0,49,2,51
523.0,2016-10-27 03:18:00,0,0,0,49,2,51
523.0,2016-10-27 03:21:00,0,0,0,49,2,51
523.0,2016-10-27 03:24:00,0,0,0,49,2,51
523.0,2016-10-27 03:27:00,0,0,0,49,2,51
523.0,2016-10-27 03:30:00,0,0,0,49,2,51
523.0,2016-10-27 03:33:00,0,0,0,49,2,51
523.0,2016-10-27 03:36:00,0,0,0,49,2,51
523.0,2016-10-27 03:39:00,0,0,0,49,2,51
523.0,2016-10-27 03:42:00,0,0,0,49,2,51
523.0,2016-10-27 03:45:00,0,0,0,49,2,51
523.0,2016-10-27 03:48:00,0,0,0,49,2,51
523.0,2016-10-27 03:51:00,0,0,0,49,2,51
523.0,2016-10-27 03:54:00,0,0,0,49,2,51
523.0,2016-10-27 03:57:00,0,0,0,49,2,51
523.0,2016-10-27 04:00:00,0,0,0,49,2,51
523.0,2016-10-27 04:03:00,0,1,1,50,1,51
523.0,2016-10-27 04:06:00,0,0,0,50,1,51
523.0,2016-10-27 04:09:00,0,0,0,50,1,51
523.0,2016-10-27 04:12:00,0,0,0,50,1,51
523.0,2016-10-27 04:15:00,0,0,0,50,1,51
523.0,2016-10-27 04:18:00,0,0,0,50,1,51
523.0,2016-10-27 04:21:00,0,0,0,50,1,51
523.0,2016-10-27 04:24:00,0,0,0,50,1,51
523.0,2016-10-27 04:27:00,0,0,0,50,1,51
523.0,2016-10-27 04:30:00,0,0,0,50,1,51
523.0,2016-10-27 04:33:00,0,0,0,50,1,51
523.0,2016-10-27 04:34:00,0,0,0,50,1,51
523.0,2016-10-27 04:37:00,0,0,0,50,1,51
523.0,2016-10-27 04:40:00,0,0,0,50,1,51
523.0,2016-10-27 04:43:00,0,0,0,50,1,51
523.0,2016-10-27 04:46:00,0,0,0,50,1,51
523.0,2016-10-27 04:49:00,0,0,0,50,1,51
523.0,2016-10-27 04:52:00,0,0,0,50,1,51
523.0,2016-10-27 04:55:00,0,0,0,50,1,51
523.0,2016-10-27 04:58:00,0,0,0,50,1,51
523.0,2016-10-27 05:01:00,0,0,0,50,1,51
523.0,2016-10-27 05:04:00,0,0,0,50,1,51
523.0,2016-10-27 05:06:00,0,0,0,50,1,51
523.0,2016-10-27 05:09:00,0,0,0,50,1,51
523.0,2016-10-27 05:12:00,0,0,0,50,1,51
523.0,2016-10-27 05:15:00,0,0,0,50,1,51
523.0,2016-10-27 05:18:00,0,0,0,50,1,51
523.0,2016-10-27 05:21:00,0,0,0,50,1,51
523.0,2016-10-27 05:24:00,0,0,0,50,1,51
523.0,2016-10-27 05:27:00,0,0,0,50,1,51
523.0,2016-10-27 05:30:00,0,0,0,50,1,51
523.0,2016-10-27 05:33:00,0,0,0,50,1,51
523.0,2016-10-27 05:36:00,0,0,0,50,1,51
523.0,2016-10-27 05:39:00,0,0,0,50,1,51
523.0,2016-10-27 05:42:00,0,0,0,50,1,51
523.0,2016-10-27 05:45:00,0,0,0,50,1,51
523.0,2016-10-27 05:48:00,2,0,-2,48,3,51
523.0,2016-10-27 05:51:00,0,0,0,48,3,51
523.0,2016-10-27 05:54:00,0,0,0,48,3,51
523.0,2016-10-27 05:57:00,0,0,0,48,3,51
523.0,2016-10-27 06:00:00,0,0,0,48,3,51
523.0,2016-10-27 06:03:00,0,0,0,48,3,51
523.0,2016-10-27 06:06:00,0,0,0,48,3,51
523.0,2016-10-27 06:09:00,0,0,0,48,3,51
523.0,2016-10-27 06:12:00,0,0,0,48,3,51
523.0,2016-10-27 06:13:00,0,0,0,48,3,51
523.0,2016-10-27 06:16:00,0,1,1,49,2,51
523.0,2016-10-27 06:19:00,0,0,0,49,2,51
523.0,2016-10-27 06:22:00,1,0,-1,48,3,51
523.0,2016-10-27 06:25:00,1,0,-1,47,4,51
523.0,2016-10-27 06:28:00,0,0,0,47,4,51
523.0,2016-10-27 06:31:00,2,0,-2,45,6,51
523.0,2016-10-27 06:34:00,1,0,-1,44,7,51
523.0,2016-10-27 06:37:00,1,1,0,44,7,51
523.0,2016-10-27 06:40:00,1,0,-1,43,8,51
523.0,2016-10-27 06:43:00,1,0,-1,42,9,51
523.0,2016-10-27 06:46:00,2,0,-2,40,11,51
523.0,2016-10-27 06:49:00,1,0,-1,40,11,51
523.0,2016-10-27 06:52:00,0,0,0,40,11,51
523.0,2016-10-27 06:55:00,1,0,-1,39,12,51
523.0,2016-10-27 06:58:00,2,0,-2,37,14,51
523.0,2016-10-27 07:01:00,1,0,-1,36,15,51
523.0,2016-10-27 07:04:00,1,0,-1,35,16,51
523.0,2016-10-27 07:07:00,1,0,-1,34,17,51
523.0,2016-10-27 07:10:00,3,0,-3,31,20,51
523.0,2016-10-27 07:13:00,1,0,-1,30,21,51
523.0,2016-10-27 07:16:00,1,0,-1,29,22,51
523.0,2016-10-27 07:19:00,1,0,-1,28,23,51
523.0,2016-10-27 07:22:00,1,0,-1,27,24,51
523.0,2016-10-27 07:24:00,1,1,0,27,24,51
523.0,2016-10-27 07:27:00,1,0,-1,26,25,51
523.0,2016-10-27 07:30:00,2,0,-2,24,27,51
523.0,2016-10-27 07:33:00,1,0,-1,23,28,51
523.0,2016-10-27 07:36:00,1,0,-1,22,29,51
523.0,2016-10-27 07:39:00,3,0,-3,19,32,51
523.0,2016-10-27 07:42:00,2,0,-2,17,34,51
523.0,2016-10-27 07:45:00,2,1,-1,16,35,51
523.0,2016-10-27 07:48:00,0,0,0,16,35,51
523.0,2016-10-27 07:51:00,1,0,-1,15,36,51
523.0,2016-10-27 07:54:00,0,1,1,16,35,51
523.0,2016-10-27 07:57:00,1,0,-1,15,36,51
523.0,2016-10-27 08:00:00,1,0,-1,14,37,51
523.0,2016-10-27 08:01:00,0,0,0,14,37,51
523.0,2016-10-27 08:04:00,0,2,2,16,35,51
523.0,2016-10-27 08:07:00,2,2,0,16,35,51
523.0,2016-10-27 08:10:00,0,0,0,16,35,51
523.0,2016-10-27 08:13:00,1,1,0,16,35,51
523.0,2016-10-27 08:16:00,2,3,1,17,34,51
523.0,2016-10-27 08:19:00,0,1,1,18,33,51
523.0,2016-10-27 08:22:00,0,1,1,19,32,51
523.0,2016-10-27 08:25:00,2,1,-1,18,33,51
523.0,2016-10-27 08:28:00,1,1,0,18,33,51
523.0,2016-10-27 08:31:00,1,1,0,18,33,51
523.0,2016-10-27 08:34:00,0,0,0,18,33,51
523.0,2016-10-27 08:37:00,1,2,1,19,32,51
523.0,2016-10-27 08:40:00,1,2,1,20,31,51
523.0,2016-10-27 08:43:00,0,0,0,20,31,51
523.0,2016-10-27 08:46:00,1,0,-1,19,32,51
523.0,2016-10-27 08:49:00,1,1,0,19,32,51
523.0,2016-10-27 08:52:00,1,0,-1,18,33,51
523.0,2016-10-27 08:55:00,0,0,0,18,33,51
523.0,2016-10-27 08:58:00,1,0,-1,17,34,51
523.0,2016-10-27 09:01:00,0,0,0,17,34,51
523.0,2016-10-27 09:04:00,0,3,3,20,31,51
523.0,2016-10-27 09:07:00,1,1,0,20,31,51
523.0,2016-10-27 09:10:00,3,2,-1,19,32,51
523.0,2016-10-27 09:12:00,3,1,-2,18,33,51
523.0,2016-10-27 09:15:00,1,2,1,19,32,51
523.0,2016-10-27 09:18:00,1,0,-1,18,33,51
523.0,2016-10-27 09:21:00,0,2,2,20,31,51
523.0,2016-10-27 09:24:00,1,0,-1,19,32,51
523.0,2016-10-27 09:27:00,2,1,-1,18,33,51
523.0,2016-10-27 09:30:00,2,2,0,18,33,51
523.0,2016-10-27 09:33:00,3,0,-3,15,36,51
523.0,2016-10-27 09:36:00,2,1,-1,14,37,51
523.0,2016-10-27 09:39:00,0,0,0,14,37,51
523.0,2016-10-27 09:42:00,1,0,-1,13,38,51
523.0,2016-10-27 09:45:00,0,0,0,13,38,51
523.0,2016-10-27 09:48:00,0,0,0,13,38,51
523.0,2016-10-27 09:51:00,0,1,1,14,37,51
523.0,2016-10-27 09:54:00,1,0,-1,13,38,51
523.0,2016-10-27 09:57:00,1,0,-1,12,39,51
523.0,2016-10-27 10:00:00,1,0,-1,11,40,51
523.0,2016-10-27 10:03:00,1,0,-1,10,41,51
523.0,2016-10-27 10:06:00,2,0,-2,8,43,51
523.0,2016-10-27 10:09:00,2,0,-2,6,45,51
523.0,2016-10-27 10:12:00,3,0,-3,3,48,51
523.0,2016-10-27 10:15:00,1,1,0,3,48,51
523.0,2016-10-27 10:18:00,0,0,0,3,48,51
523.0,2016-10-27 10:20:00,0,0,0,2,49,51
523.0,2016-10-27 10:23:00,0,0,0,2,49,51
523.0,2016-10-27 10:26:00,0,0,0,2,49,51
523.0,2016-10-27 10:29:00,0,1,1,3,48,51
523.0,2016-10-27 10:32:00,0,0,0,3,48,51
523.0,2016-10-27 10:35:00,0,2,2,5,46,51
523.0,2016-10-27 10:38:00,0,0,0,5,46,51
523.0,2016-10-27 10:41:00,0,0,0,5,46,51
523.0,2016-10-27 10:44:00,0,0,0,5,46,51
523.0,2016-10-27 10:47:00,0,0,0,5,46,51
523.0,2016-10-27 10:50:00,1,0,-1,4,47,51
523.0,2016-10-27 10:53:00,0,0,0,4,47,51
523.0,2016-10-27 10:55:00,0,0,0,3,48,51
523.0,2016-10-27 10:58:00,0,0,0,3,48,51
523.0,2016-10-27 11:01:00,0,0,0,3,48,51
523.0,2016-10-27 11:04:00,0,0,0,3,48,51
523.0,2016-10-27 11:07:00,0,0,0,3,48,51
523.0,2016-10-27 11:10:00,0,0,0,3,48,51
523.0,2016-10-27 11:13:00,0,0,0,3,48,51
523.0,2016-10-27 11:16:00,0,0,0,3,48,51
523.0,2016-10-27 11:19:00,0,0,0,3,48,51
523.0,2016-10-27 11:22:00,0,0,0,3,48,51
523.0,2016-10-27 11:25:00,0,0,0,3,48,51
523.0,2016-10-27 11:28:00,0,0,0,3,48,51
523.0,2016-10-27 11:30:00,0,0,0,3,48,51
523.0,2016-10-27 11:33:00,0,0,0,3,48,51
523.0,2016-10-27 11:36:00,0,0,0,3,48,51
523.0,2016-10-27 11:39:00,0,0,0,3,48,51
523.0,2016-10-27 11:42:00,0,0,0,3,48,51
523.0,2016-10-27 11:45:00,0,0,0,3,48,51
523.0,2016-10-27 11:48:00,0,0,0,3,48,51
523.0,2016-10-27 11:51:00,0,0,0,3,48,51
523.0,2016-10-27 11:54:00,0,1,1,4,47,51
523.0,2016-10-27 11:57:00,1,0,-1,3,48,51
523.0,2016-10-27 12:00:00,0,0,0,3,48,51
523.0,2016-10-27 12:03:00,0,0,0,3,48,51
523.0,2016-10-27 12:06:00,0,0,0,3,48,51
523.0,2016-10-27 12:09:00,0,0,0,3,48,51
523.0,2016-10-27 12:12:00,0,0,0,3,48,51
523.0,2016-10-27 12:15:00,0,0,0,3,48,51
523.0,2016-10-27 12:16:00,0,0,0,47,4,51
523.0,2016-10-27 12:19:00,0,0,0,47,4,51
523.0,2016-10-27 12:22:00,0,0,0,47,4,51
523.0,2016-10-27 12:25:00,0,0,0,47,4,51
523.0,2016-10-27 12:28:00,0,1,1,48,3,51
523.0,2016-10-27 12:31:00,2,0,-2,46,5,51
523.0,2016-10-27 12:34:00,0,0,0,46,5,51
523.0,2016-10-27 12:37:00,0,0,0,46,5,51
523.0,2016-10-27 12:40:00,0,0,0,46,5,51
523.0,2016-10-27 12:43:00,0,0,0,46,5,51
523.0,2016-10-27 12:46:00,0,1,1,47,4,51
523.0,2016-10-27 12:48:00,1,0,-1,46,5,51
523.0,2016-10-27 12:51:00,0,0,0,46,5,51
523.0,2016-10-27 12:54:00,0,0,0,46,5,51
523.0,2016-10-27 12:57:00,1,0,-1,45,6,51
523.0,2016-10-27 13:00:00,0,0,0,45,6,51
523.0,2016-10-27 13:03:00,1,0,-1,44,7,51
523.0,2016-10-27 13:06:00,0,0,0,44,7,51
523.0,2016-10-27 13:09:00,0,1,1,45,6,51
523.0,2016-10-27 13:12:00,0,0,0,1,50,51
523.0,2016-10-27 13:15:00,0,0,0,1,50,51
523.0,2016-10-27 13:18:00,1,0,-1,0,51,51
523.0,2016-10-27 13:21:00,0,0,0,0,51,51
523.0,2016-10-27 13:24:00,0,0,0,0,51,51
523.0,2016-10-27 13:27:00,0,0,0,0,51,51
523.0,2016-10-27 13:30:00,0,0,0,0,51,51
523.0,2016-10-27 13:33:00,0,0,0,0,51,51
523.0,2016-10-27 13:36:00,0,0,0,0,51,51
523.0,2016-10-27 13:39:00,0,2,2,2,49,51
523.0,2016-10-27 13:42:00,0,0,0,2,49,51
523.0,2016-10-27 13:45:00,0,0,0,2,49,51
523.0,2016-10-27 13:48:00,0,0,0,2,49,51
523.0,2016-10-27 13:49:00,0,0,0,2,49,51
523.0,2016-10-27 13:52:00,0,0,0,2,49,51
523.0,2016-10-27 13:55:00,0,0,0,2,49,51
523.0,2016-10-27 13:58:00,0,0,0,2,49,51
523.0,2016-10-27 14:01:00,0,0,0,2,49,51
523.0,2016-10-27 14:04:00,0,0,0,2,49,51
523.0,2016-10-27 14:07:00,0,0,0,2,49,51
523.0,2016-10-27 14:10:00,0,0,0,2,49,51
523.0,2016-10-27 14:13:00,0,1,1,3,48,51
523.0,2016-10-27 14:16:00,0,0,0,3,48,51
523.0,2016-10-27 14:19:00,0,0,0,3,48,51
523.0,2016-10-27 14:22:00,0,0,0,3,48,51
523.0,2016-10-27 14:24:00,0,0,0,3,48,51
523.0,2016-10-27 14:27:00,0,0,0,3,48,51
523.0,2016-10-27 14:30:00,0,1,1,4,47,51
523.0,2016-10-27 14:33:00,0,0,0,4,47,51
523.0,2016-10-27 14:36:00,1,0,-1,3,48,51
523.0,2016-10-27 14:39:00,0,0,0,3,48,51
523.0,2016-10-27 14:42:00,0,0,0,3,48,51
523.0,2016-10-27 14:45:00,1,0,-1,2,49,51
523.0,2016-10-27 14:48:00,0,0,0,2,49,51
523.0,2016-10-27 14:51:00,1,0,-1,1,50,51
523.0,2016-10-27 14:54:00,0,1,1,2,49,51
523.0,2016-10-27 14:57:00,1,0,-1,1,50,51
523.0,2016-10-27 15:00:00,0,0,0,1,50,51
523.0,2016-10-27 15:03:00,0,0,0,1,50,51
523.0,2016-10-27 15:06:00,0,1,1,2,49,51
523.0,2016-10-27 15:09:00,0,0,0,2,49,51
523.0,2016-10-27 15:12:00,0,0,0,2,49,51
523.0,2016-10-27 15:15:00,0,0,0,2,49,51
523.0,2016-10-27 15:18:00,0,2,2,4,47,51
523.0,2016-10-27 15:21:00,0,0,0,4,47,51
523.0,2016-10-27 15:24:00,0,0,0,4,47,51
523.0,2016-10-27 15:27:00,0,0,0,4,47,51
523.0,2016-10-27 15:30:00,0,0,0,4,47,51
523.0,2016-10-27 15:33:00,1,0,-1,3,48,51
523.0,2016-10-27 15:36:00,1,0,-1,2,49,51
523.0,2016-10-27 15:39:00,1,0,-1,1,50,51
523.0,2016-10-27 15:42:00,0,0,0,1,50,51
523.0,2016-10-27 15:45:00,0,0,0,1,50,51
523.0,2016-10-27 15:48:00,0,1,1,2,49,51
523.0,2016-10-27 15:51:00,0,1,1,3,48,51
523.0,2016-10-27 15:54:00,0,1,1,4,47,51
523.0,2016-10-27 15:57:00,0,1,1,5,46,51
523.0,2016-10-27 16:00:00,0,2,2,7,44,51
523.0,2016-10-27 16:03:00,0,1,1,8,43,51
523.0,2016-10-27 16:06:00,1,1,0,8,43,51
523.0,2016-10-27 16:09:00,1,0,-1,7,44,51
523.0,2016-10-27 16:12:00,1,1,0,7,44,51
523.0,2016-10-27 16:15:00,0,0,0,7,44,51
523.0,2016-10-27 16:18:00,0,0,0,7,44,51
523.0,2016-10-27 16:21:00,0,0,0,7,44,51
523.0,2016-10-27 16:24:00,0,0,0,7,44,51
523.0,2016-10-27 16:27:00,0,0,0,7,44,51
523.0,2016-10-27 16:30:00,1,1,0,7,44,51
523.0,2016-10-27 16:33:00,0,1,1,8,43,51
523.0,2016-10-27 16:36:00,1,0,-1,7,44,51
523.0,2016-10-27 16:39:00,0,0,0,7,44,51
523.0,2016-10-27 16:42:00,1,1,0,7,44,51
523.0,2016-10-27 16:45:00,0,0,0,7,44,51
523.0,2016-10-27 16:48:00,0,1,1,8,43,51
523.0,2016-10-27 16:49:00,0,0,0,8,43,51
523.0,2016-10-27 16:52:00,1,0,-1,7,44,51
523.0,2016-10-27 16:55:00,0,1,1,8,43,51
523.0,2016-10-27 16:58:00,0,0,0,8,43,51
523.0,2016-10-27 17:01:00,1,0,-1,7,44,51
523.0,2016-10-27 17:04:00,0,0,0,7,44,51
523.0,2016-10-27 17:07:00,0,0,0,7,44,51
523.0,2016-10-27 17:10:00,0,0,0,7,44,51
523.0,2016-10-27 17:13:00,0,0,0,7,44,51
523.0,2016-10-27 17:16:00,2,0,-2,5,46,51
523.0,2016-10-27 17:19:00,0,0,0,5,46,51
523.0,2016-10-27 17:22:00,0,0,0,5,46,51
523.0,2016-10-27 17:25:00,0,0,0,5,46,51
523.0,2016-10-27 17:26:00,0,0,0,5,46,51
523.0,2016-10-27 17:29:00,0,0,0,5,46,51
523.0,2016-10-27 17:32:00,0,0,0,5,46,51
523.0,2016-10-27 17:35:00,0,0,0,5,46,51
523.0,2016-10-27 17:38:00,0,0,0,5,46,51
523.0,2016-10-27 17:41:00,2,1,-1,4,47,51
523.0,2016-10-27 17:44:00,2,1,-1,3,48,51
523.0,2016-10-27 17:47:00,0,0,0,3,48,51
523.0,2016-10-27 17:50:00,2,1,-1,2,49,51
523.0,2016-10-27 17:53:00,0,0,0,2,49,51
523.0,2016-10-27 17:56:00,1,0,-1,1,50,51
523.0,2016-10-27 17:59:00,0,0,0,1,50,51
523.0,2016-10-27 18:02:00,0,0,0,1,50,51
523.0,2016-10-27 18:05:00,0,0,0,1,50,51
523.0,2016-10-27 18:08:00,0,1,1,2,49,51
523.0,2016-10-27 18:11:00,0,0,0,2,49,51
523.0,2016-10-27 18:14:00,0,0,0,2,49,51
523.0,2016-10-27 18:17:00,0,0,0,2,49,51
523.0,2016-10-27 18:20:00,0,0,0,2,49,51
523.0,2016-10-27 18:23:00,0,1,1,3,48,51
523.0,2016-10-27 18:26:00,0,0,0,3,48,51
523.0,2016-10-27 18:29:00,0,0,0,3,48,51
523.0,2016-10-27 18:32:00,0,0,0,3,48,51
523.0,2016-10-27 18:35:00,0,1,1,4,47,51
523.0,2016-10-27 18:38:00,0,0,0,4,47,51
523.0,2016-10-27 18:41:00,0,0,0,4,47,51
523.0,2016-10-27 18:44:00,1,0,-1,3,48,51
523.0,2016-10-27 18:47:00,0,2,2,5,46,51
523.0,2016-10-27 18:50:00,0,0,0,5,46,51
523.0,2016-10-27 18:53:00,0,0,0,5,46,51
523.0,2016-10-27 18:56:00,0,0,0,5,46,51
523.0,2016-10-27 18:59:00,0,0,0,5,46,51
523.0,2016-10-27 19:02:00,1,0,-1,4,47,51
523.0,2016-10-27 19:05:00,0,0,0,4,47,51
523.0,2016-10-27 19:08:00,0,0,0,4,47,51
523.0,2016-10-27 19:11:00,0,0,0,4,47,51
523.0,2016-10-27 19:12:00,0,0,0,4,47,51
523.0,2016-10-27 19:15:00,0,0,0,4,47,51
523.0,2016-10-27 19:18:00,0,1,1,5,46,51
523.0,2016-10-27 19:21:00,0,1,1,6,45,51
523.0,2016-10-27 19:24:00,0,0,0,6,45,51
523.0,2016-10-27 19:27:00,0,0,0,6,45,51
523.0,2016-10-27 19:30:00,0,0,0,6,45,51
523.0,2016-10-27 19:33:00,0,0,0,6,45,51
523.0,2016-10-27 19:36:00,0,0,0,6,45,51
523.0,2016-10-27 19:39:00,0,0,0,6,45,51
523.0,2016-10-27 19:42:00,0,0,0,6,45,51
523.0,2016-10-27 19:45:00,0,0,0,6,45,51
523.0,2016-10-27 19:47:00,0,0,0,6,45,51
523.0,2016-10-27 19:50:00,1,0,-1,5,46,51
523.0,2016-10-27 19:53:00,0,0,0,5,46,51
523.0,2016-10-27 19:56:00,0,0,0,5,46,51
523.0,2016-10-27 19:59:00,0,0,0,5,46,51
523.0,2016-10-27 20:02:00,0,0,0,5,46,51
523.0,2016-10-27 20:05:00,0,0,0,5,46,51
523.0,2016-10-27 20:08:00,0,1,1,6,45,51
523.0,2016-10-27 20:11:00,0,0,0,6,45,51
523.0,2016-10-27 20:14:00,0,0,0,6,45,51
523.0,2016-10-27 20:17:00,0,0,0,6,45,51
523.0,2016-10-27 20:20:00,0,0,0,6,45,51
523.0,2016-10-27 20:23:00,0,0,0,6,45,51
523.0,2016-10-27 20:26:00,0,0,0,6,45,51
523.0,2016-10-27 20:29:00,1,0,-1,5,46,51
523.0,2016-10-27 20:32:00,0,0,0,5,46,51
523.0,2016-10-27 20:35:00,0,0,0,5,46,51
523.0,2016-10-27 20:38:00,0,0,0,5,46,51
523.0,2016-10-27 20:41:00,0,0,0,5,46,51
523.0,2016-10-27 20:44:00,1,0,-1,4,47,51
523.0,2016-10-27 20:47:00,0,0,0,4,47,51
523.0,2016-10-27 20:50:00,0,0,0,4,47,51
523.0,2016-10-27 20:53:00,0,0,0,4,47,51
523.0,2016-10-27 20:56:00,0,1,1,5,46,51
523.0,2016-10-27 20:59:00,0,0,0,5,46,51
523.0,2016-10-27 21:02:00,1,0,-1,4,47,51
523.0,2016-10-27 21:05:00,0,0,0,4,47,51
523.0,2016-10-27 21:08:00,0,1,1,5,46,51
523.0,2016-10-27 21:11:00,0,1,1,6,45,51
523.0,2016-10-27 21:14:00,1,0,-1,5,46,51
523.0,2016-10-27 21:17:00,0,0,0,5,46,51
523.0,2016-10-27 21:20:00,0,1,1,6,45,51
523.0,2016-10-27 21:23:00,0,0,0,6,45,51
523.0,2016-10-27 21:26:00,0,1,1,7,44,51
523.0,2016-10-27 21:29:00,0,0,0,7,44,51
523.0,2016-10-27 21:32:00,0,0,0,7,44,51
523.0,2016-10-27 21:33:00,0,0,0,7,44,51
523.0,2016-10-27 21:36:00,0,0,0,7,44,51
523.0,2016-10-27 21:39:00,0,0,0,7,44,51
523.0,2016-10-27 21:42:00,0,0,0,7,44,51
523.0,2016-10-27 21:45:00,0,0,0,7,44,51
523.0,2016-10-27 21:48:00,0,0,0,7,44,51
523.0,2016-10-27 21:51:00,0,0,0,7,44,51
523.0,2016-10-27 21:54:00,0,0,0,7,44,51
523.0,2016-10-27 21:57:00,0,0,0,7,44,51
523.0,2016-10-27 22:00:00,0,0,0,7,44,51
523.0,2016-10-27 22:03:00,0,0,0,7,44,51
523.0,2016-10-27 22:06:00,0,0,0,7,44,51
523.0,2016-10-27 22:09:00,0,0,0,7,44,51
523.0,2016-10-27 22:12:00,0,0,0,7,44,51
523.0,2016-10-27 22:15:00,0,0,0,7,44,51
523.0,2016-10-27 22:18:00,0,0,0,7,44,51
523.0,2016-10-27 22:21:00,0,0,0,7,44,51
523.0,2016-10-27 22:24:00,0,0,0,7,44,51
523.0,2016-10-27 22:27:00,0,0,0,7,44,51
523.0,2016-10-27 22:30:00,0,0,0,7,44,51
523.0,2016-10-27 22:33:00,0,0,0,7,44,51
523.0,2016-10-27 22:36:00,0,0,0,7,44,51
523.0,2016-10-27 22:39:00,0,0,0,7,44,51
523.0,2016-10-27 22:42:00,0,0,0,7,44,51
523.0,2016-10-27 22:45:00,0,0,0,7,44,51
523.0,2016-10-27 22:48:00,0,1,1,8,43,51
523.0,2016-10-27 22:49:00,0,1,1,9,42,51
523.0,2016-10-27 22:52:00,0,0,0,9,42,51
523.0,2016-10-27 22:55:00,0,0,0,9,42,51
523.0,2016-10-27 22:58:00,0,0,0,9,42,51
523.0,2016-10-27 23:01:00,0,1,1,10,41,51
523.0,2016-10-27 23:04:00,0,1,1,11,40,51
523.0,2016-10-27 23:07:00,0,0,0,11,40,51
523.0,2016-10-27 23:10:00,0,0,0,11,40,51
523.0,2016-10-27 23:13:00,0,0,0,11,40,51
523.0,2016-10-27 23:16:00,0,0,0,11,40,51
523.0,2016-10-27 23:19:00,0,0,0,11,40,51
523.0,2016-10-27 23:22:00,1,0,-1,8,43,51
523.0,2016-10-27 23:25:00,0,0,0,8,43,51
523.0,2016-10-27 23:28:00,0,2,2,10,41,51
523.0,2016-10-27 23:31:00,0,0,0,10,41,51
523.0,2016-10-27 23:34:00,0,0,0,10,41,51
523.0,2016-10-27 23:37:00,0,0,0,10,41,51
523.0,2016-10-27 23:40:00,0,0,0,10,41,51
523.0,2016-10-27 23:43:00,0,0,0,10,41,51
523.0,2016-10-27 23:46:00,0,0,0,10,41,51
523.0,2016-10-27 23:49:00,0,1,1,11,40,51
523.0,2016-10-27 23:52:00,0,0,0,11,40,51
523.0,2016-10-27 23:55:00,0,0,0,12,39,51
523.0,2016-10-27 23:58:00,0,0,0,12,39,51
523.0,2016-10-28 00:01:00,0,0,0,12,39,51
523.0,2016-10-28 00:04:00,0,0,0,3,48,51
523.0,2016-10-28 00:07:00,0,0,0,3,48,51
523.0,2016-10-28 00:10:00,0,0,0,3,48,51
523.0,2016-10-28 00:13:00,0,0,0,3,48,51
523.0,2016-10-28 00:16:00,0,0,0,3,48,51
523.0,2016-10-28 00:19:00,0,0,0,3,48,51
523.0,2016-10-28 00:22:00,0,0,0,3,48,51
523.0,2016-10-28 00:25:00,0,0,0,3,48,51
523.0,2016-10-28 00:28:00,0,0,0,3,48,51
523.0,2016-10-28 00:31:00,0,0,0,3,48,51
523.0,2016-10-28 00:34:00,0,0,0,3,48,51
523.0,2016-10-28 00:37:00,0,1,1,4,47,51
523.0,2016-10-28 00:38:00,0,1,1,3,48,51
523.0,2016-10-28 00:41:00,0,0,0,3,48,51
523.0,2016-10-28 00:44:00,0,1,1,4,47,51
523.0,2016-10-28 00:47:00,0,0,0,4,47,51
523.0,2016-10-28 00:50:00,0,0,0,4,47,51
523.0,2016-10-28 00:53:00,0,0,0,4,47,51
523.0,2016-10-28 00:56:00,0,0,0,4,47,51
523.0,2016-10-28 00:59:00,0,0,0,4,47,51
523.0,2016-10-28 01:02:00,0,1,1,5,46,51
523.0,2016-10-28 01:05:00,0,0,0,5,46,51
523.0,2016-10-28 01:08:00,0,0,0,5,46,51
523.0,2016-10-28 01:11:00,0,0,0,5,46,51
523.0,2016-10-28 01:14:00,0,0,0,5,46,51
523.0,2016-10-28 01:17:00,0,0,0,5,46,51
523.0,2016-10-28 01:20:00,0,0,0,5,46,51
523.0,2016-10-28 01:23:00,0,0,0,5,46,51
523.0,2016-10-28 01:26:00,0,0,0,5,46,51
523.0,2016-10-28 01:28:00,0,0,0,15,36,51
523.0,2016-10-28 01:31:00,0,0,0,15,36,51
523.0,2016-10-28 01:34:00,1,0,-1,14,37,51
523.0,2016-10-28 01:37:00,0,0,0,14,37,51
523.0,2016-10-28 01:40:00,0,0,0,14,37,51
523.0,2016-10-28 01:43:00,0,0,0,14,37,51
523.0,2016-10-28 01:46:00,0,0,0,14,37,51
523.0,2016-10-28 01:49:00,0,0,0,14,37,51
523.0,2016-10-28 01:52:00,0,0,0,14,37,51
523.0,2016-10-28 01:55:00,0,0,0,14,37,51
523.0,2016-10-28 01:58:00,0,0,0,14,37,51
523.0,2016-10-28 02:00:00,0,0,0,14,37,51
523.0,2016-10-28 02:03:00,0,0,0,14,37,51
523.0,2016-10-28 02:06:00,0,0,0,14,37,51
523.0,2016-10-28 02:09:00,0,0,0,14,37,51
523.0,2016-10-28 02:12:00,1,0,-1,13,38,51
523.0,2016-10-28 02:15:00,0,0,0,13,38,51
523.0,2016-10-28 02:18:00,0,0,0,13,38,51
523.0,2016-10-28 02:21:00,0,0,0,13,38,51
523.0,2016-10-28 02:24:00,0,0,0,13,38,51
523.0,2016-10-28 02:27:00,0,0,0,13,38,51
523.0,2016-10-28 02:30:00,0,0,0,13,38,51
523.0,2016-10-28 02:33:00,0,0,0,13,38,51
523.0,2016-10-28 02:36:00,0,0,0,13,38,51
523.0,2016-10-28 02:39:00,0,0,0,13,38,51
523.0,2016-10-28 02:42:00,0,0,0,13,38,51
523.0,2016-10-28 02:45:00,0,0,0,13,38,51
523.0,2016-10-28 02:48:00,0,0,0,13,38,51
523.0,2016-10-28 02:51:00,0,0,0,13,38,51
523.0,2016-10-28 02:54:00,0,0,0,13,38,51
523.0,2016-10-28 02:57:00,0,0,0,13,38,51
523.0,2016-10-28 03:00:00,0,0,0,13,38,51
523.0,2016-10-28 03:03:00,0,0,0,13,38,51
523.0,2016-10-28 03:04:00,0,0,0,13,38,51
523.0,2016-10-28 03:07:00,0,0,0,13,38,51
523.0,2016-10-28 03:10:00,0,0,0,13,38,51
523.0,2016-10-28 03:13:00,0,0,0,13,38,51
523.0,2016-10-28 03:16:00,0,0,0,13,38,51
523.0,2016-10-28 03:19:00,0,0,0,13,38,51
523.0,2016-10-28 03:22:00,0,0,0,13,38,51
523.0,2016-10-28 03:25:00,0,0,0,13,38,51
523.0,2016-10-28 03:28:00,0,0,0,13,38,51
523.0,2016-10-28 03:31:00,0,0,0,13,38,51
523.0,2016-10-28 03:34:00,0,0,0,13,38,51
523.0,2016-10-28 03:37:00,0,0,0,13,38,51
523.0,2016-10-28 03:39:00,0,0,0,13,38,51
523.0,2016-10-28 03:42:00,0,0,0,13,38,51
523.0,2016-10-28 03:45:00,0,0,0,13,38,51
523.0,2016-10-28 03:48:00,0,0,0,13,38,51
523.0,2016-10-28 03:51:00,0,0,0,13,38,51
523.0,2016-10-28 03:54:00,0,0,0,13,38,51
523.0,2016-10-28 03:57:00,0,0,0,13,38,51
523.0,2016-10-28 04:00:00,0,0,0,13,38,51
523.0,2016-10-28 04:03:00,0,0,0,13,38,51
523.0,2016-10-28 04:06:00,0,0,0,13,38,51
523.0,2016-10-28 04:09:00,0,0,0,13,38,51
523.0,2016-10-28 04:11:00,0,0,0,13,38,51
523.0,2016-10-28 04:14:00,0,0,0,13,38,51
523.0,2016-10-28 04:17:00,0,0,0,13,38,51
523.0,2016-10-28 04:20:00,0,0,0,13,38,51
523.0,2016-10-28 04:23:00,0,0,0,13,38,51
523.0,2016-10-28 04:26:00,0,0,0,13,38,51
523.0,2016-10-28 04:29:00,0,0,0,13,38,51
523.0,2016-10-28 04:32:00,0,0,0,13,38,51
523.0,2016-10-28 04:35:00,0,0,0,13,38,51
523.0,2016-10-28 04:38:00,0,0,0,13,38,51
523.0,2016-10-28 04:41:00,0,0,0,13,38,51
523.0,2016-10-28 04:42:00,0,0,0,13,38,51
523.0,2016-10-28 04:45:00,0,0,0,13,38,51
523.0,2016-10-28 04:48:00,0,0,0,13,38,51
523.0,2016-10-28 04:51:00,0,0,0,13,38,51
523.0,2016-10-28 04:54:00,0,0,0,13,38,51
523.0,2016-10-28 04:57:00,0,0,0,13,38,51
523.0,2016-10-28 05:00:00,0,0,0,13,38,51
523.0,2016-10-28 05:03:00,0,0,0,13,38,51
523.0,2016-10-28 05:06:00,0,1,1,14,37,51
523.0,2016-10-28 05:09:00,0,0,0,14,37,51
523.0,2016-10-28 05:12:00,0,0,0,14,37,51
523.0,2016-10-28 05:15:00,0,0,0,14,37,51
523.0,2016-10-28 05:18:00,0,0,0,14,37,51
523.0,2016-10-28 05:21:00,0,0,0,14,37,51
523.0,2016-10-28 05:24:00,0,0,0,14,37,51
523.0,2016-10-28 05:27:00,0,0,0,14,37,51
523.0,2016-10-28 05:30:00,0,0,0,14,37,51
523.0,2016-10-28 05:33:00,0,0,0,14,37,51
523.0,2016-10-28 05:36:00,0,0,0,14,37,51
523.0,2016-10-28 05:39:00,0,0,0,14,37,51
523.0,2016-10-28 05:42:00,0,0,0,14,37,51
523.0,2016-10-28 05:45:00,0,0,0,14,37,51
523.0,2016-10-28 05:48:00,0,1,1,15,36,51
523.0,2016-10-28 05:51:00,0,0,0,15,36,51
523.0,2016-10-28 05:54:00,1,0,-1,14,37,51
523.0,2016-10-28 05:57:00,0,0,0,14,37,51
523.0,2016-10-28 06:00:00,0,0,0,14,37,51
523.0,2016-10-28 06:03:00,0,0,0,14,37,51
523.0,2016-10-28 06:06:00,0,0,0,14,37,51
523.0,2016-10-28 06:09:00,0,0,0,14,37,51
523.0,2016-10-28 06:12:00,0,0,0,14,37,51
523.0,2016-10-28 06:15:00,0,0,0,14,37,51
523.0,2016-10-28 06:18:00,0,0,0,14,37,51
523.0,2016-10-28 06:21:00,1,0,-1,13,38,51
523.0,2016-10-28 06:23:00,1,0,-1,12,39,51
523.0,2016-10-28 06:26:00,0,0,0,12,39,51
523.0,2016-10-28 06:29:00,0,0,0,12,39,51
523.0,2016-10-28 06:32:00,0,0,0,12,39,51
523.0,2016-10-28 06:35:00,0,1,1,13,38,51
523.0,2016-10-28 06:38:00,1,0,-1,12,39,51
523.0,2016-10-28 06:41:00,3,0,-3,9,42,51
523.0,2016-10-28 06:44:00,1,0,-1,8,43,51
523.0,2016-10-28 06:47:00,1,0,-1,7,44,51
523.0,2016-10-28 06:50:00,0,0,0,7,44,51
523.0,2016-10-28 06:53:00,1,0,-1,6,45,51
523.0,2016-10-28 06:56:00,0,0,0,6,45,51
523.0,2016-10-28 06:59:00,0,0,0,6,45,51
523.0,2016-10-28 07:02:00,1,0,-1,5,46,51
523.0,2016-10-28 07:05:00,0,0,0,5,46,51
523.0,2016-10-28 07:08:00,0,0,0,5,46,51
523.0,2016-10-28 07:11:00,1,0,-1,4,47,51
523.0,2016-10-28 07:14:00,1,0,-1,3,48,51
523.0,2016-10-28 07:17:00,1,0,-1,2,49,51
523.0,2016-10-28 07:20:00,1,0,-1,1,50,51
523.0,2016-10-28 07:23:00,0,0,0,1,50,51
523.0,2016-10-28 07:26:00,2,1,-1,0,51,51
523.0,2016-10-28 07:29:00,1,2,1,1,50,51
523.0,2016-10-28 07:32:00,0,1,1,2,49,51
523.0,2016-10-28 07:34:00,1,1,0,2,49,51
523.0,2016-10-28 07:37:00,1,0,-1,1,50,51
523.0,2016-10-28 07:40:00,1,0,-1,0,51,51
523.0,2016-10-28 07:43:00,0,0,0,0,51,51
523.0,2016-10-28 07:46:00,0,0,0,0,51,51
523.0,2016-10-28 07:49:00,0,0,0,0,51,51
523.0,2016-10-28 07:52:00,0,0,0,0,51,51
523.0,2016-10-28 07:55:00,0,0,0,0,51,51
523.0,2016-10-28 07:58:00,0,0,0,0,51,51
523.0,2016-10-28 08:01:00,0,0,0,0,51,51
523.0,2016-10-28 08:04:00,1,2,1,1,50,51
523.0,2016-10-28 08:07:00,1,1,0,1,50,51
523.0,2016-10-28 08:10:00,1,0,-1,0,51,51
523.0,2016-10-28 08:11:00,1,0,-1,0,51,51
523.0,2016-10-28 08:14:00,1,1,0,0,51,51
523.0,2016-10-28 08:17:00,0,2,2,2,49,51
523.0,2016-10-28 08:20:00,0,1,1,3,48,51
523.0,2016-10-28 08:23:00,2,0,-2,1,50,51
523.0,2016-10-28 08:26:00,3,6,3,4,47,51
523.0,2016-10-28 08:29:00,3,0,-3,1,50,51
523.0,2016-10-28 08:32:00,2,2,0,1,50,51
523.0,2016-10-28 08:35:00,2,1,-1,0,51,51
523.0,2016-10-28 08:38:00,1,4,3,3,48,51
523.0,2016-10-28 08:41:00,0,0,0,3,48,51
523.0,2016-10-28 08:44:00,5,2,-3,0,51,51
523.0,2016-10-28 08:47:00,1,2,1,1,50,51
523.0,2016-10-28 08:50:00,0,4,4,5,46,51
523.0,2016-10-28 08:53:00,0,2,2,7,44,51
523.0,2016-10-28 08:56:00,2,3,1,8,43,51
523.0,2016-10-28 08:59:00,4,2,-2,6,45,51
523.0,2016-10-28 09:02:00,2,1,-1,5,46,51
523.0,2016-10-28 09:05:00,1,2,1,6,45,51
523.0,2016-10-28 09:08:00,1,3,2,8,43,51
523.0,2016-10-28 09:11:00,1,2,1,9,42,51
523.0,2016-10-28 09:14:00,2,1,-1,8,43,51
523.0,2016-10-28 09:17:00,3,1,-2,6,45,51
523.0,2016-10-28 09:20:00,3,1,-2,4,47,51
523.0,2016-10-28 09:23:00,0,1,1,5,46,51
523.0,2016-10-28 09:26:00,4,1,-3,2,49,51
523.0,2016-10-28 09:29:00,2,0,-2,0,51,51
523.0,2016-10-28 09:32:00,1,1,0,0,51,51
523.0,2016-10-28 09:35:00,0,3,3,3,48,51
523.0,2016-10-28 09:38:00,2,3,1,4,47,51
523.0,2016-10-28 09:41:00,5,3,-2,2,49,51
523.0,2016-10-28 09:44:00,2,0,-2,0,51,51
523.0,2016-10-28 09:47:00,1,1,0,0,51,51
523.0,2016-10-28 09:50:00,2,2,0,0,51,51
523.0,2016-10-28 09:53:00,1,2,1,1,50,51
523.0,2016-10-28 09:56:00,2,1,-1,0,51,51
523.0,2016-10-28 09:58:00,1,0,-1,1,50,51
523.0,2016-10-28 10:01:00,3,3,0,1,50,51
523.0,2016-10-28 10:04:00,0,0,0,1,50,51
523.0,2016-10-28 10:07:00,0,0,0,1,50,51
523.0,2016-10-28 10:10:00,0,0,0,1,50,51
523.0,2016-10-28 10:13:00,0,1,1,2,49,51
523.0,2016-10-28 10:16:00,0,0,0,2,49,51
523.0,2016-10-28 10:19:00,0,0,0,2,49,51
523.0,2016-10-28 10:22:00,0,0,0,2,49,51
523.0,2016-10-28 10:25:00,2,1,-1,1,50,51
523.0,2016-10-28 10:28:00,0,0,0,1,50,51
523.0,2016-10-28 10:29:00,0,0,0,1,50,51
523.0,2016-10-28 10:32:00,0,2,2,3,48,51
523.0,2016-10-28 10:35:00,0,0,0,3,48,51
523.0,2016-10-28 10:38:00,0,1,1,4,47,51
523.0,2016-10-28 10:41:00,0,0,0,4,47,51
523.0,2016-10-28 10:44:00,1,1,0,4,47,51
523.0,2016-10-28 10:47:00,0,1,1,5,46,51
523.0,2016-10-28 10:50:00,1,1,0,5,46,51
523.0,2016-10-28 10:53:00,0,0,0,5,46,51
523.0,2016-10-28 10:56:00,1,0,-1,4,47,51
523.0,2016-10-28 10:59:00,0,0,0,4,47,51
523.0,2016-10-28 11:02:00,1,0,-1,3,48,51
523.0,2016-10-28 11:04:00,3,1,-2,1,50,51
523.0,2016-10-28 11:07:00,1,0,-1,0,51,51
523.0,2016-10-28 11:10:00,0,0,0,0,51,51
523.0,2016-10-28 11:13:00,0,2,2,2,49,51
523.0,2016-10-28 11:16:00,0,0,0,2,49,51
523.0,2016-10-28 11:19:00,1,0,-1,1,50,51
523.0,2016-10-28 11:22:00,0,0,0,1,50,51
523.0,2016-10-28 11:25:00,1,0,-1,0,51,51
523.0,2016-10-28 11:28:00,0,0,0,0,51,51
523.0,2016-10-28 11:31:00,0,1,1,1,50,51
523.0,2016-10-28 11:34:00,0,1,1,2,49,51
523.0,2016-10-28 11:37:00,0,0,0,2,49,51
523.0,2016-10-28 11:39:00,0,0,0,2,49,51
523.0,2016-10-28 11:42:00,0,0,0,2,49,51
523.0,2016-10-28 11:45:00,0,0,0,2,49,51
523.0,2016-10-28 11:48:00,0,0,0,2,49,51
523.0,2016-10-28 11:51:00,0,0,0,2,49,51
523.0,2016-10-28 11:54:00,1,0,-1,1,50,51
523.0,2016-10-28 11:57:00,0,0,0,1,50,51
523.0,2016-10-28 12:00:00,0,1,1,2,49,51
523.0,2016-10-28 12:03:00,2,1,-1,1,50,51
523.0,2016-10-28 12:06:00,0,0,0,1,50,51
523.0,2016-10-28 12:09:00,1,1,0,1,50,51
523.0,2016-10-28 12:12:00,0,0,0,1,50,51
523.0,2016-10-28 12:15:00,0,0,0,1,50,51
523.0,2016-10-28 12:18:00,1,0,-1,0,51,51
523.0,2016-10-28 12:21:00,0,0,0,12,39,51
523.0,2016-10-28 12:24:00,0,0,0,12,39,51
523.0,2016-10-28 12:27:00,0,0,0,12,39,51
523.0,2016-10-28 12:30:00,0,2,2,14,37,51
523.0,2016-10-28 12:33:00,0,0,0,14,37,51
523.0,2016-10-28 12:36:00,0,1,1,15,36,51
523.0,2016-10-28 12:39:00,0,0,0,15,36,51
523.0,2016-10-28 12:42:00,0,0,0,15,36,51
523.0,2016-10-28 12:45:00,0,0,0,15,36,51
523.0,2016-10-28 12:48:00,1,0,-1,14,37,51
523.0,2016-10-28 12:51:00,0,1,1,15,36,51
523.0,2016-10-28 12:54:00,1,0,-1,14,37,51
523.0,2016-10-28 12:56:00,1,0,-1,13,38,51
523.0,2016-10-28 12:59:00,0,0,0,13,38,51
523.0,2016-10-28 13:02:00,1,0,-1,12,39,51
523.0,2016-10-28 13:05:00,0,0,0,12,39,51
523.0,2016-10-28 13:08:00,0,0,0,12,39,51
523.0,2016-10-28 13:11:00,0,1,1,13,38,51
523.0,2016-10-28 13:14:00,0,0,0,13,38,51
523.0,2016-10-28 13:17:00,1,0,-1,12,39,51
523.0,2016-10-28 13:20:00,1,1,0,12,39,51
523.0,2016-10-28 13:23:00,0,2,2,2,49,51
523.0,2016-10-28 13:26:00,0,0,0,2,49,51
523.0,2016-10-28 13:29:00,0,0,0,2,49,51
523.0,2016-10-28 13:32:00,0,0,0,2,49,51
523.0,2016-10-28 13:35:00,0,0,0,2,49,51
523.0,2016-10-28 13:38:00,1,1,0,2,49,51
523.0,2016-10-28 13:41:00,0,0,0,2,49,51
523.0,2016-10-28 13:44:00,1,1,0,2,49,51
523.0,2016-10-28 13:47:00,1,0,-1,1,50,51
523.0,2016-10-28 13:50:00,1,0,-1,0,51,51
523.0,2016-10-28 13:53:00,0,0,0,0,51,51
523.0,2016-10-28 13:56:00,0,1,1,1,50,51
523.0,2016-10-28 13:59:00,0,2,2,3,48,51
523.0,2016-10-28 14:02:00,1,0,-1,2,49,51
523.0,2016-10-28 14:05:00,0,0,0,2,49,51
523.0,2016-10-28 14:08:00,2,0,-2,0,51,51
523.0,2016-10-28 14:11:00,0,0,0,0,51,51
523.0,2016-10-28 14:14:00,1,1,0,0,51,51
523.0,2016-10-28 14:17:00,0,1,1,1,50,51
523.0,2016-10-28 14:20:00,1,0,-1,0,51,51
523.0,2016-10-28 14:23:00,0,2,2,2,49,51
523.0,2016-10-28 14:26:00,2,1,-1,1,50,51
523.0,2016-10-28 14:29:00,0,0,0,1,50,51
523.0,2016-10-28 14:32:00,0,1,1,2,49,51
523.0,2016-10-28 14:34:00,1,1,0,1,50,51
523.0,2016-10-28 14:37:00,0,0,0,1,50,51
523.0,2016-10-28 14:40:00,0,1,1,2,49,51
523.0,2016-10-28 14:43:00,2,0,-2,0,51,51
523.0,2016-10-28 14:46:00,0,1,1,1,50,51
523.0,2016-10-28 14:49:00,0,0,0,1,50,51
523.0,2016-10-28 14:52:00,0,0,0,1,50,51
523.0,2016-10-28 14:55:00,0,1,1,2,49,51
523.0,2016-10-28 14:58:00,0,1,1,3,48,51
523.0,2016-10-28 15:01:00,0,0,0,3,48,51
523.0,2016-10-28 15:04:00,0,2,2,5,46,51
523.0,2016-10-28 15:07:00,1,0,-1,4,47,51
523.0,2016-10-28 15:10:00,0,1,1,5,46,51
523.0,2016-10-28 15:11:00,1,2,1,5,46,51
523.0,2016-10-28 15:14:00,1,1,0,5,46,51
523.0,2016-10-28 15:17:00,0,0,0,5,46,51
523.0,2016-10-28 15:20:00,1,0,-1,4,47,51
523.0,2016-10-28 15:23:00,1,0,-1,3,48,51
523.0,2016-10-28 15:26:00,0,0,0,3,48,51
523.0,2016-10-28 15:29:00,1,0,-1,2,49,51
523.0,2016-10-28 15:32:00,0,2,2,4,47,51
523.0,2016-10-28 15:35:00,4,1,-3,1,50,51
523.0,2016-10-28 15:38:00,2,2,0,1,50,51
523.0,2016-10-28 15:41:00,0,0,0,1,50,51
523.0,2016-10-28 15:44:00,0,1,1,2,49,51
523.0,2016-10-28 15:47:00,0,0,0,2,49,51
523.0,2016-10-28 15:50:00,2,0,-2,0,51,51
523.0,2016-10-28 15:53:00,0,1,1,1,50,51
523.0,2016-10-28 15:56:00,1,3,2,3,48,51
523.0,2016-10-28 15:59:00,0,1,1,4,47,51
523.0,2016-10-28 16:02:00,0,1,1,5,46,51
523.0,2016-10-28 16:05:00,1,0,-1,4,47,51
523.0,2016-10-28 16:08:00,1,4,3,7,44,51
523.0,2016-10-28 16:11:00,1,1,0,7,44,51
523.0,2016-10-28 16:14:00,1,3,2,9,42,51
523.0,2016-10-28 16:17:00,0,1,1,10,41,51
523.0,2016-10-28 16:20:00,0,1,1,11,40,51
523.0,2016-10-28 16:23:00,0,2,2,13,38,51
523.0,2016-10-28 16:26:00,0,3,3,16,35,51
523.0,2016-10-28 16:29:00,1,4,3,19,32,51
523.0,2016-10-28 16:32:00,0,3,3,22,29,51
523.0,2016-10-28 16:35:00,1,2,1,23,28,51
523.0,2016-10-28 16:38:00,0,3,3,26,25,51
523.0,2016-10-28 16:41:00,0,1,1,27,24,51
523.0,2016-10-28 16:44:00,3,1,-2,25,26,51
523.0,2016-10-28 16:47:00,0,3,3,28,23,51
523.0,2016-10-28 16:50:00,1,2,1,29,22,51
523.0,2016-10-28 16:53:00,3,0,-3,26,25,51
523.0,2016-10-28 16:56:00,0,3,3,29,22,51
523.0,2016-10-28 16:58:00,0,2,2,31,20,51
523.0,2016-10-28 17:01:00,1,4,3,34,17,51
523.0,2016-10-28 17:04:00,1,0,-1,33,18,51
523.0,2016-10-28 17:07:00,5,0,-5,28,23,51
523.0,2016-10-28 17:10:00,0,1,1,29,22,51
523.0,2016-10-28 17:13:00,2,2,0,29,22,51
523.0,2016-10-28 17:16:00,2,2,0,29,22,51
523.0,2016-10-28 17:19:00,4,6,2,31,20,51
523.0,2016-10-28 17:22:00,1,2,1,32,19,51
523.0,2016-10-28 17:25:00,0,0,0,32,19,51
523.0,2016-10-28 17:28:00,1,4,3,35,16,51
523.0,2016-10-28 17:30:00,2,3,1,36,15,51
523.0,2016-10-28 17:33:00,1,5,4,40,11,51
523.0,2016-10-28 17:36:00,0,6,6,46,5,51
523.0,2016-10-28 17:39:00,3,2,-1,45,6,51
523.0,2016-10-28 17:42:00,0,2,2,47,4,51
523.0,2016-10-28 17:45:00,1,2,1,48,3,51
523.0,2016-10-28 17:48:00,1,2,1,49,2,51
523.0,2016-10-28 17:51:00,3,1,-2,47,4,51
523.0,2016-10-28 17:54:00,0,1,1,48,3,51
523.0,2016-10-28 17:57:00,4,4,0,48,3,51
523.0,2016-10-28 18:00:00,3,4,1,49,2,51
523.0,2016-10-28 18:03:00,2,4,2,51,0,51
523.0,2016-10-28 18:06:00,3,1,-2,48,3,51
523.0,2016-10-28 18:09:00,0,2,2,50,1,51
523.0,2016-10-28 18:12:00,2,2,0,50,1,51
523.0,2016-10-28 18:15:00,0,0,0,50,1,51
523.0,2016-10-28 18:18:00,2,2,0,50,1,51
523.0,2016-10-28 18:21:00,0,1,1,51,0,51
523.0,2016-10-28 18:24:00,1,1,0,51,0,51
523.0,2016-10-28 18:27:00,1,1,0,51,0,51
523.0,2016-10-28 18:30:00,1,0,-1,50,1,51
523.0,2016-10-28 18:33:00,1,2,1,51,0,51
523.0,2016-10-28 18:36:00,1,0,-1,50,1,51
523.0,2016-10-28 18:39:00,0,1,1,51,0,51
523.0,2016-10-28 18:42:00,0,0,0,51,0,51
523.0,2016-10-28 18:45:00,1,1,0,49,2,51
523.0,2016-10-28 18:48:00,1,0,-1,48,3,51
523.0,2016-10-28 18:51:00,0,1,1,49,2,51
523.0,2016-10-28 18:54:00,1,0,-1,48,3,51
523.0,2016-10-28 18:57:00,0,1,1,49,2,51
523.0,2016-10-28 19:00:00,0,0,0,49,2,51
523.0,2016-10-28 19:03:00,2,0,-2,47,4,51
523.0,2016-10-28 19:06:00,2,0,-2,45,6,51
523.0,2016-10-28 19:09:00,0,1,1,46,5,51
523.0,2016-10-28 19:12:00,2,2,0,46,5,51
523.0,2016-10-28 19:15:00,0,0,0,46,5,51
523.0,2016-10-28 19:18:00,1,2,1,47,4,51
523.0,2016-10-28 19:21:00,0,2,2,49,2,51
523.0,2016-10-28 19:24:00,1,0,-1,48,3,51
523.0,2016-10-28 19:27:00,3,2,-1,47,4,51
523.0,2016-10-28 19:30:00,0,2,2,49,2,51
523.0,2016-10-28 19:33:00,1,0,-1,48,3,51
523.0,2016-10-28 19:36:00,0,1,1,49,2,51
523.0,2016-10-28 19:39:00,0,0,0,49,2,51
523.0,2016-10-28 19:42:00,0,0,0,49,2,51
523.0,2016-10-28 19:45:00,0,0,0,49,2,51
523.0,2016-10-28 19:48:00,0,0,0,49,2,51
523.0,2016-10-28 19:51:00,0,0,0,49,2,51
523.0,2016-10-28 19:54:00,1,0,-1,48,3,51
523.0,2016-10-28 19:57:00,0,0,0,46,5,51
523.0,2016-10-28 20:00:00,0,0,0,46,5,51
523.0,2016-10-28 20:03:00,1,2,1,47,4,51
523.0,2016-10-28 20:06:00,0,0,0,47,4,51
523.0,2016-10-28 20:09:00,0,0,0,47,4,51
523.0,2016-10-28 20:12:00,0,0,0,47,4,51
523.0,2016-10-28 20:15:00,2,1,-1,46,5,51
523.0,2016-10-28 20:18:00,1,1,0,46,5,51
523.0,2016-10-28 20:21:00,0,1,1,47,4,51
523.0,2016-10-28 20:24:00,1,0,-1,46,5,51
523.0,2016-10-28 20:27:00,0,1,1,47,4,51
523.0,2016-10-28 20:30:00,0,0,0,47,4,51
523.0,2016-10-28 20:33:00,0,0,0,47,4,51
523.0,2016-10-28 20:34:00,0,0,0,47,4,51
523.0,2016-10-28 20:37:00,0,0,0,47,4,51
523.0,2016-10-28 20:40:00,1,0,-1,46,5,51
523.0,2016-10-28 20:43:00,1,0,-1,45,6,51
523.0,2016-10-28 20:46:00,0,0,0,45,6,51
523.0,2016-10-28 20:49:00,0,1,1,46,5,51
523.0,2016-10-28 20:52:00,0,0,0,46,5,51
523.0,2016-10-28 20:55:00,0,1,1,47,4,51
523.0,2016-10-28 20:58:00,0,0,0,47,4,51
523.0,2016-10-28 21:01:00,1,0,-1,46,5,51
523.0,2016-10-28 21:04:00,0,0,0,46,5,51
523.0,2016-10-28 21:07:00,0,1,1,47,4,51
523.0,2016-10-28 21:08:00,0,1,1,47,4,51
523.0,2016-10-28 21:11:00,0,0,0,47,4,51
523.0,2016-10-28 21:14:00,1,0,-1,46,5,51
523.0,2016-10-28 21:17:00,0,0,0,46,5,51
523.0,2016-10-28 21:20:00,0,0,0,46,5,51
523.0,2016-10-28 21:23:00,0,1,1,47,4,51
523.0,2016-10-28 21:26:00,1,0,-1,46,5,51
523.0,2016-10-28 21:29:00,1,0,-1,45,6,51
523.0,2016-10-28 21:32:00,0,0,0,45,6,51
523.0,2016-10-28 21:35:00,0,1,1,46,5,51
523.0,2016-10-28 21:38:00,0,0,0,46,5,51
523.0,2016-10-28 21:41:00,0,0,0,46,5,51
523.0,2016-10-28 21:42:00,0,0,0,46,5,51
523.0,2016-10-28 21:45:00,0,0,0,46,5,51
523.0,2016-10-28 21:48:00,0,0,0,46,5,51
523.0,2016-10-28 21:51:00,0,0,0,46,5,51
523.0,2016-10-28 21:54:00,0,0,0,46,5,51
523.0,2016-10-28 21:57:00,0,0,0,46,5,51
523.0,2016-10-28 22:00:00,0,0,0,46,5,51
523.0,2016-10-28 22:03:00,0,0,0,46,5,51
523.0,2016-10-28 22:06:00,0,0,0,46,5,51
523.0,2016-10-28 22:09:00,0,0,0,46,5,51
523.0,2016-10-28 22:12:00,0,0,0,46,5,51
523.0,2016-10-28 22:15:00,0,0,0,46,5,51
523.0,2016-10-28 22:18:00,0,0,0,46,5,51
523.0,2016-10-28 22:21:00,0,0,0,46,5,51
523.0,2016-10-28 22:23:00,1,0,-1,45,6,51
523.0,2016-10-28 22:26:00,3,1,-2,43,8,51
523.0,2016-10-28 22:29:00,0,0,0,43,8,51
523.0,2016-10-28 22:32:00,0,0,0,43,8,51
523.0,2016-10-28 22:35:00,0,1,1,44,7,51
523.0,2016-10-28 22:38:00,0,0,0,44,7,51
523.0,2016-10-28 22:41:00,0,0,0,44,7,51
523.0,2016-10-28 22:44:00,0,0,0,44,7,51
523.0,2016-10-28 22:47:00,0,0,0,44,7,51
523.0,2016-10-28 22:50:00,0,1,1,45,6,51
523.0,2016-10-28 22:51:00,0,1,1,45,6,51
523.0,2016-10-28 22:54:00,0,0,0,45,6,51
523.0,2016-10-28 22:57:00,0,1,1,46,5,51
523.0,2016-10-28 23:00:00,0,0,0,46,5,51
523.0,2016-10-28 23:03:00,0,0,0,46,5,51
523.0,2016-10-28 23:06:00,0,0,0,46,5,51
523.0,2016-10-28 23:09:00,0,0,0,46,5,51
523.0,2016-10-28 23:12:00,0,0,0,46,5,51
523.0,2016-10-28 23:15:00,0,0,0,46,5,51
523.0,2016-10-28 23:18:00,0,0,0,46,5,51
523.0,2016-10-28 23:21:00,0,0,0,46,5,51
523.0,2016-10-28 23:24:00,0,0,0,46,5,51
523.0,2016-10-28 23:27:00,0,0,0,46,5,51
523.0,2016-10-28 23:30:00,0,0,0,46,5,51
523.0,2016-10-28 23:33:00,0,0,0,46,5,51
523.0,2016-10-28 23:36:00,0,0,0,46,5,51
523.0,2016-10-28 23:39:00,0,0,0,46,5,51
523.0,2016-10-28 23:42:00,0,0,0,46,5,51
523.0,2016-10-28 23:45:00,0,0,0,46,5,51
523.0,2016-10-28 23:48:00,0,0,0,46,5,51
523.0,2016-10-28 23:51:00,1,1,0,46,5,51
523.0,2016-10-28 23:54:00,0,0,0,46,5,51
523.0,2016-10-28 23:57:00,0,0,0,46,5,51
523.0,2016-10-28 23:58:00,0,0,0,46,5,51
523.0,2016-10-29 00:01:00,0,0,0,46,5,51
523.0,2016-10-29 00:04:00,0,0,0,46,5,51
523.0,2016-10-29 00:07:00,0,0,0,46,5,51
523.0,2016-10-29 00:10:00,0,0,0,46,5,51
523.0,2016-10-29 00:13:00,0,0,0,1,50,51
523.0,2016-10-29 00:16:00,2,0,-2,0,51,51
523.0,2016-10-29 00:19:00,0,0,0,0,51,51
523.0,2016-10-29 00:22:00,0,1,1,1,50,51
523.0,2016-10-29 00:25:00,0,1,1,2,49,51
523.0,2016-10-29 00:28:00,0,1,1,3,48,51
523.0,2016-10-29 00:31:00,0,0,0,3,48,51
523.0,2016-10-29 00:34:00,0,0,0,3,48,51
523.0,2016-10-29 00:37:00,0,0,0,3,48,51
523.0,2016-10-29 00:40:00,0,0,0,3,48,51
523.0,2016-10-29 00:43:00,0,0,0,3,48,51
523.0,2016-10-29 00:46:00,0,0,0,3,48,51
523.0,2016-10-29 00:49:00,0,0,0,3,48,51
523.0,2016-10-29 00:52:00,0,0,0,3,48,51
523.0,2016-10-29 00:55:00,0,0,0,3,48,51
523.0,2016-10-29 00:58:00,0,0,0,3,48,51
523.0,2016-10-29 01:01:00,0,0,0,3,48,51
523.0,2016-10-29 01:03:00,0,0,0,47,4,51
523.0,2016-10-29 01:06:00,0,0,0,47,4,51
523.0,2016-10-29 01:09:00,0,0,0,47,4,51
523.0,2016-10-29 01:12:00,0,0,0,47,4,51
523.0,2016-10-29 01:15:00,0,0,0,47,4,51
523.0,2016-10-29 01:18:00,1,1,0,47,4,51
523.0,2016-10-29 01:21:00,0,0,0,47,4,51
523.0,2016-10-29 01:24:00,0,0,0,47,4,51
523.0,2016-10-29 01:27:00,0,0,0,47,4,51
523.0,2016-10-29 01:30:00,0,0,0,47,4,51
523.0,2016-10-29 01:33:00,0,0,0,47,4,51
523.0,2016-10-29 01:35:00,0,0,0,47,4,51
523.0,2016-10-29 01:38:00,0,0,0,47,4,51
523.0,2016-10-29 01:41:00,0,0,0,47,4,51
523.0,2016-10-29 01:44:00,0,0,0,47,4,51
523.0,2016-10-29 01:47:00,0,0,0,47,4,51
523.0,2016-10-29 01:50:00,0,0,0,47,4,51
523.0,2016-10-29 01:53:00,0,0,0,47,4,51
523.0,2016-10-29 01:56:00,0,0,0,47,4,51
523.0,2016-10-29 01:59:00,0,0,0,47,4,51
523.0,2016-10-29 02:02:00,0,0,0,47,4,51
523.0,2016-10-29 02:05:00,0,0,0,47,4,51
523.0,2016-10-29 02:06:00,0,0,0,47,4,51
523.0,2016-10-29 02:09:00,0,0,0,47,4,51
523.0,2016-10-29 02:12:00,0,0,0,47,4,51
523.0,2016-10-29 02:15:00,0,0,0,47,4,51
523.0,2016-10-29 02:18:00,0,0,0,47,4,51
523.0,2016-10-29 02:21:00,0,0,0,47,4,51
523.0,2016-10-29 02:24:00,0,0,0,47,4,51
523.0,2016-10-29 02:27:00,0,0,0,47,4,51
523.0,2016-10-29 02:30:00,0,0,0,47,4,51
523.0,2016-10-29 02:33:00,0,0,0,47,4,51
523.0,2016-10-29 02:36:00,0,0,0,47,4,51
523.0,2016-10-29 02:39:00,0,0,0,47,4,51
523.0,2016-10-29 02:40:00,0,0,0,47,4,51
523.0,2016-10-29 02:43:00,0,0,0,47,4,51
523.0,2016-10-29 02:46:00,0,0,0,47,4,51
523.0,2016-10-29 02:49:00,0,0,0,47,4,51
523.0,2016-10-29 02:52:00,0,0,0,47,4,51
523.0,2016-10-29 02:55:00,0,0,0,47,4,51
523.0,2016-10-29 02:58:00,0,0,0,47,4,51
523.0,2016-10-29 03:01:00,0,0,0,47,4,51
523.0,2016-10-29 03:04:00,0,0,0,47,4,51
523.0,2016-10-29 03:07:00,0,0,0,47,4,51
523.0,2016-10-29 03:10:00,0,0,0,47,4,51
523.0,2016-10-29 03:13:00,0,0,0,47,4,51
523.0,2016-10-29 03:16:00,0,0,0,47,4,51
523.0,2016-10-29 03:19:00,0,0,0,47,4,51
523.0,2016-10-29 03:22:00,0,0,0,47,4,51
523.0,2016-10-29 03:25:00,0,0,0,47,4,51
523.0,2016-10-29 03:28:00,0,0,0,47,4,51
523.0,2016-10-29 03:31:00,0,0,0,47,4,51
523.0,2016-10-29 03:34:00,0,0,0,47,4,51
523.0,2016-10-29 03:37:00,0,0,0,47,4,51
523.0,2016-10-29 03:40:00,0,0,0,47,4,51
523.0,2016-10-29 03:43:00,0,0,0,47,4,51
523.0,2016-10-29 03:46:00,0,0,0,47,4,51
523.0,2016-10-29 03:47:00,0,0,0,47,4,51
523.0,2016-10-29 03:50:00,0,0,0,47,4,51
523.0,2016-10-29 03:53:00,1,0,-1,46,5,51
523.0,2016-10-29 03:56:00,0,0,0,46,5,51
523.0,2016-10-29 03:59:00,0,0,0,46,5,51
523.0,2016-10-29 04:02:00,0,0,0,46,5,51
523.0,2016-10-29 04:05:00,0,0,0,46,5,51
523.0,2016-10-29 04:08:00,0,0,0,46,5,51
523.0,2016-10-29 04:11:00,0,0,0,46,5,51
523.0,2016-10-29 04:14:00,0,0,0,46,5,51
523.0,2016-10-29 04:17:00,0,0,0,46,5,51
523.0,2016-10-29 04:19:00,0,0,0,46,5,51
523.0,2016-10-29 04:22:00,0,0,0,46,5,51
523.0,2016-10-29 04:25:00,0,0,0,46,5,51
523.0,2016-10-29 04:28:00,0,0,0,46,5,51
523.0,2016-10-29 04:31:00,0,0,0,46,5,51
523.0,2016-10-29 04:34:00,0,0,0,46,5,51
523.0,2016-10-29 04:37:00,0,0,0,46,5,51
523.0,2016-10-29 04:40:00,0,0,0,46,5,51
523.0,2016-10-29 04:43:00,0,0,0,46,5,51
523.0,2016-10-29 04:46:00,0,0,0,46,5,51
523.0,2016-10-29 04:49:00,0,0,0,46,5,51
523.0,2016-10-29 04:50:00,0,0,0,46,5,51
523.0,2016-10-29 04:53:00,0,0,0,46,5,51
523.0,2016-10-29 04:56:00,0,0,0,46,5,51
523.0,2016-10-29 04:59:00,0,0,0,46,5,51
523.0,2016-10-29 05:02:00,0,0,0,46,5,51
523.0,2016-10-29 05:05:00,0,0,0,46,5,51
523.0,2016-10-29 05:08:00,0,0,0,46,5,51
523.0,2016-10-29 05:11:00,0,0,0,46,5,51
523.0,2016-10-29 05:14:00,0,0,0,46,5,51
523.0,2016-10-29 05:17:00,0,0,0,46,5,51
523.0,2016-10-29 05:20:00,0,0,0,46,5,51
523.0,2016-10-29 05:23:00,0,0,0,46,5,51
523.0,2016-10-29 05:26:00,0,0,0,46,5,51
523.0,2016-10-29 05:29:00,0,0,0,46,5,51
523.0,2016-10-29 05:32:00,0,0,0,46,5,51
523.0,2016-10-29 05:35:00,0,0,0,46,5,51
523.0,2016-10-29 05:38:00,0,0,0,46,5,51
523.0,2016-10-29 05:41:00,0,0,0,46,5,51
523.0,2016-10-29 05:44:00,0,0,0,46,5,51
523.0,2016-10-29 05:47:00,0,0,0,46,5,51
523.0,2016-10-29 05:50:00,0,0,0,46,5,51
523.0,2016-10-29 05:53:00,0,0,0,46,5,51
523.0,2016-10-29 05:55:00,0,0,0,47,4,51
523.0,2016-10-29 05:58:00,0,0,0,47,4,51
523.0,2016-10-29 06:01:00,0,0,0,47,4,51
523.0,2016-10-29 06:04:00,0,0,0,47,4,51
523.0,2016-10-29 06:07:00,0,0,0,47,4,51
523.0,2016-10-29 06:10:00,0,0,0,47,4,51
523.0,2016-10-29 06:13:00,0,0,0,47,4,51
523.0,2016-10-29 06:16:00,0,0,0,47,4,51
523.0,2016-10-29 06:19:00,1,0,-1,46,5,51
523.0,2016-10-29 06:22:00,0,0,0,46,5,51
523.0,2016-10-29 06:25:00,0,0,0,46,5,51
523.0,2016-10-29 06:27:00,0,0,0,46,5,51
523.0,2016-10-29 06:30:00,0,0,0,46,5,51
523.0,2016-10-29 06:33:00,0,0,0,46,5,51
523.0,2016-10-29 06:36:00,0,0,0,46,5,51
523.0,2016-10-29 06:39:00,0,0,0,46,5,51
523.0,2016-10-29 06:42:00,0,0,0,46,5,51
523.0,2016-10-29 06:45:00,0,0,0,46,5,51
523.0,2016-10-29 06:48:00,0,0,0,46,5,51
523.0,2016-10-29 06:51:00,0,0,0,46,5,51
523.0,2016-10-29 06:54:00,0,0,0,46,5,51
523.0,2016-10-29 06:57:00,0,0,0,46,5,51
523.0,2016-10-29 07:00:00,0,0,0,46,5,51
523.0,2016-10-29 07:02:00,0,0,0,46,5,51
523.0,2016-10-29 07:05:00,0,0,0,46,5,51
523.0,2016-10-29 07:08:00,0,0,0,46,5,51
523.0,2016-10-29 07:11:00,0,0,0,46,5,51
523.0,2016-10-29 07:14:00,0,0,0,46,5,51
523.0,2016-10-29 07:17:00,1,0,-1,45,6,51
523.0,2016-10-29 07:20:00,1,0,-1,44,7,51
523.0,2016-10-29 07:23:00,0,0,0,44,7,51
523.0,2016-10-29 07:26:00,0,0,0,44,7,51
523.0,2016-10-29 07:29:00,0,0,0,44,7,51
523.0,2016-10-29 07:32:00,0,0,0,44,7,51
523.0,2016-10-29 07:35:00,0,0,0,44,7,51
523.0,2016-10-29 07:36:00,0,0,0,44,7,51
523.0,2016-10-29 07:39:00,0,0,0,44,7,51
523.0,2016-10-29 07:42:00,0,0,0,44,7,51
523.0,2016-10-29 07:45:00,0,0,0,44,7,51
523.0,2016-10-29 07:48:00,0,0,0,44,7,51
523.0,2016-10-29 07:51:00,0,1,1,45,6,51
523.0,2016-10-29 07:54:00,0,0,0,45,6,51
523.0,2016-10-29 07:57:00,0,0,0,45,6,51
523.0,2016-10-29 08:00:00,0,1,1,46,5,51
523.0,2016-10-29 08:03:00,0,0,0,46,5,51
523.0,2016-10-29 08:06:00,0,0,0,46,5,51
523.0,2016-10-29 08:09:00,0,0,0,46,5,51
523.0,2016-10-29 08:10:00,0,0,0,46,5,51
523.0,2016-10-29 08:13:00,0,0,0,46,5,51
523.0,2016-10-29 08:16:00,0,0,0,46,5,51
523.0,2016-10-29 08:19:00,0,0,0,46,5,51
523.0,2016-10-29 08:22:00,0,0,0,46,5,51
523.0,2016-10-29 08:25:00,0,0,0,46,5,51
523.0,2016-10-29 08:28:00,0,0,0,46,5,51
523.0,2016-10-29 08:31:00,0,0,0,46,5,51
523.0,2016-10-29 08:34:00,0,0,0,46,5,51
523.0,2016-10-29 08:37:00,0,0,0,46,5,51
523.0,2016-10-29 08:40:00,0,0,0,46,5,51
523.0,2016-10-29 08:43:00,0,0,0,46,5,51
523.0,2016-10-29 08:45:00,0,0,0,46,5,51
523.0,2016-10-29 08:48:00,0,0,0,46,5,51
523.0,2016-10-29 08:51:00,0,1,1,47,4,51
523.0,2016-10-29 08:54:00,0,1,1,48,3,51
523.0,2016-10-29 08:57:00,0,0,0,48,3,51
523.0,2016-10-29 09:00:00,0,0,0,48,3,51
523.0,2016-10-29 09:03:00,0,0,0,48,3,51
523.0,2016-10-29 09:06:00,1,0,-1,47,4,51
523.0,2016-10-29 09:09:00,0,0,0,47,4,51
523.0,2016-10-29 09:12:00,1,0,-1,46,5,51
523.0,2016-10-29 09:15:00,0,1,1,47,4,51
523.0,2016-10-29 09:18:00,0,0,0,47,4,51
523.0,2016-10-29 09:19:00,0,0,0,47,4,51
523.0,2016-10-29 09:22:00,0,0,0,47,4,51
523.0,2016-10-29 09:25:00,0,0,0,47,4,51
523.0,2016-10-29 09:28:00,0,0,0,47,4,51
523.0,2016-10-29 09:31:00,0,0,0,47,4,51
523.0,2016-10-29 09:34:00,0,0,0,47,4,51
523.0,2016-10-29 09:37:00,0,0,0,47,4,51
523.0,2016-10-29 09:40:00,0,0,0,47,4,51
523.0,2016-10-29 09:43:00,0,1,1,48,3,51
523.0,2016-10-29 09:46:00,0,0,0,48,3,51
523.0,2016-10-29 09:49:00,1,0,-1,47,4,51
523.0,2016-10-29 09:52:00,0,0,0,47,4,51
523.0,2016-10-29 09:54:00,1,0,-1,46,5,51
523.0,2016-10-29 09:57:00,0,0,0,46,5,51
523.0,2016-10-29 10:00:00,0,1,1,47,4,51
523.0,2016-10-29 10:03:00,0,1,1,48,3,51
523.0,2016-10-29 10:06:00,2,0,-2,46,5,51
523.0,2016-10-29 10:09:00,0,2,2,48,3,51
523.0,2016-10-29 10:12:00,0,1,1,49,2,51
523.0,2016-10-29 10:15:00,2,0,-2,47,4,51
523.0,2016-10-29 10:18:00,0,0,0,47,4,51
523.0,2016-10-29 10:21:00,0,0,0,47,4,51
523.0,2016-10-29 10:24:00,0,1,1,48,3,51
523.0,2016-10-29 10:27:00,0,0,0,48,3,51
523.0,2016-10-29 10:28:00,0,0,0,48,3,51
523.0,2016-10-29 10:31:00,0,0,0,48,3,51
523.0,2016-10-29 10:34:00,0,0,0,48,3,51
523.0,2016-10-29 10:37:00,0,0,0,48,3,51
523.0,2016-10-29 10:40:00,0,1,1,49,2,51
523.0,2016-10-29 10:43:00,0,1,1,50,1,51
523.0,2016-10-29 10:46:00,1,0,-1,49,2,51
523.0,2016-10-29 10:49:00,0,0,0,49,2,51
523.0,2016-10-29 10:52:00,0,0,0,49,2,51
523.0,2016-10-29 10:55:00,2,0,-2,47,4,51
523.0,2016-10-29 10:58:00,1,0,-1,46,5,51
523.0,2016-10-29 11:01:00,0,0,0,46,5,51
523.0,2016-10-29 11:03:00,0,0,0,46,5,51
523.0,2016-10-29 11:06:00,0,0,0,46,5,51
523.0,2016-10-29 11:09:00,0,0,0,46,5,51
523.0,2016-10-29 11:12:00,0,0,0,46,5,51
523.0,2016-10-29 11:15:00,0,0,0,46,5,51
523.0,2016-10-29 11:18:00,1,0,-1,45,6,51
523.0,2016-10-29 11:21:00,0,1,1,46,5,51
523.0,2016-10-29 11:24:00,0,0,0,46,5,51
523.0,2016-10-29 11:27:00,1,0,-1,45,6,51
523.0,2016-10-29 11:30:00,1,0,-1,44,7,51
523.0,2016-10-29 11:33:00,0,0,0,44,7,51
523.0,2016-10-29 11:36:00,0,0,0,44,7,51
523.0,2016-10-29 11:38:00,1,2,1,45,6,51
523.0,2016-10-29 11:41:00,0,0,0,45,6,51
523.0,2016-10-29 11:44:00,1,0,-1,44,7,51
523.0,2016-10-29 11:47:00,3,0,-3,41,10,51
523.0,2016-10-29 11:50:00,0,1,1,42,9,51
523.0,2016-10-29 11:53:00,0,0,0,42,9,51
523.0,2016-10-29 11:56:00,0,0,0,42,9,51
523.0,2016-10-29 11:59:00,0,0,0,42,9,51
523.0,2016-10-29 12:02:00,0,0,0,42,9,51
523.0,2016-10-29 12:05:00,0,0,0,42,9,51
523.0,2016-10-29 12:08:00,0,0,0,42,9,51
523.0,2016-10-29 12:11:00,0,0,0,42,9,51
523.0,2016-10-29 12:14:00,1,0,-1,41,10,51
523.0,2016-10-29 12:17:00,1,0,-1,40,11,51
523.0,2016-10-29 12:20:00,0,0,0,40,11,51
523.0,2016-10-29 12:23:00,0,0,0,40,11,51
523.0,2016-10-29 12:26:00,0,1,1,41,10,51
523.0,2016-10-29 12:29:00,0,0,0,47,4,51
523.0,2016-10-29 12:32:00,0,0,0,47,4,51
523.0,2016-10-29 12:35:00,0,0,0,47,4,51
523.0,2016-10-29 12:38:00,0,0,0,47,4,51
523.0,2016-10-29 12:41:00,1,0,-1,46,5,51
523.0,2016-10-29 12:44:00,0,0,0,46,5,51
523.0,2016-10-29 12:47:00,0,0,0,46,5,51
523.0,2016-10-29 12:50:00,1,0,-1,45,6,51
523.0,2016-10-29 12:53:00,0,0,0,45,6,51
523.0,2016-10-29 12:56:00,1,0,-1,44,7,51
523.0,2016-10-29 12:59:00,0,2,2,46,5,51
523.0,2016-10-29 13:02:00,1,1,0,46,5,51
523.0,2016-10-29 13:05:00,1,1,0,46,5,51
523.0,2016-10-29 13:08:00,0,0,0,46,5,51
523.0,2016-10-29 13:11:00,0,1,1,47,4,51
523.0,2016-10-29 13:14:00,0,0,0,47,4,51
523.0,2016-10-29 13:17:00,0,0,0,47,4,51
523.0,2016-10-29 13:20:00,0,0,0,47,4,51
523.0,2016-10-29 13:22:00,0,0,0,40,11,51
523.0,2016-10-29 13:25:00,0,0,0,40,11,51
523.0,2016-10-29 13:28:00,1,0,-1,39,12,51
523.0,2016-10-29 13:31:00,0,3,3,42,9,51
523.0,2016-10-29 13:34:00,1,0,-1,41,10,51
523.0,2016-10-29 13:37:00,0,0,0,41,10,51
523.0,2016-10-29 13:40:00,1,0,-1,40,11,51
523.0,2016-10-29 13:43:00,0,0,0,40,11,51
523.0,2016-10-29 13:46:00,0,0,0,40,11,51
523.0,2016-10-29 13:49:00,0,0,0,40,11,51
523.0,2016-10-29 13:52:00,0,0,0,40,11,51
523.0,2016-10-29 13:55:00,0,0,0,40,11,51
523.0,2016-10-29 13:56:00,0,0,0,40,11,51
523.0,2016-10-29 13:59:00,0,1,1,41,10,51
523.0,2016-10-29 14:02:00,0,1,1,42,9,51
523.0,2016-10-29 14:05:00,0,2,2,44,7,51
523.0,2016-10-29 14:08:00,0,0,0,44,7,51
523.0,2016-10-29 14:11:00,0,0,0,44,7,51
523.0,2016-10-29 14:14:00,0,0,0,44,7,51
523.0,2016-10-29 14:17:00,1,0,-1,43,8,51
523.0,2016-10-29 14:20:00,1,0,-1,42,9,51
523.0,2016-10-29 14:23:00,1,0,-1,41,10,51
523.0,2016-10-29 14:26:00,0,1,1,42,9,51
523.0,2016-10-29 14:29:00,1,0,-1,41,10,51
523.0,2016-10-29 14:32:00,0,0,0,41,10,51
523.0,2016-10-29 14:35:00,1,0,-1,40,11,51
523.0,2016-10-29 14:38:00,0,0,0,40,11,51
523.0,2016-10-29 14:41:00,0,1,1,41,10,51
523.0,2016-10-29 14:44:00,1,0,-1,40,11,51
523.0,2016-10-29 14:47:00,1,0,-1,39,12,51
523.0,2016-10-29 14:50:00,0,0,0,39,12,51
523.0,2016-10-29 14:53:00,0,0,0,39,12,51
523.0,2016-10-29 14:56:00,0,1,1,40,11,51
523.0,2016-10-29 14:59:00,0,0,0,40,11,51
523.0,2016-10-29 15:02:00,0,0,0,40,11,51
523.0,2016-10-29 15:04:00,0,0,0,40,11,51
523.0,2016-10-29 15:07:00,1,0,-1,39,12,51
523.0,2016-10-29 15:10:00,0,0,0,39,12,51
523.0,2016-10-29 15:13:00,0,0,0,39,12,51
523.0,2016-10-29 15:16:00,0,1,1,40,11,51
523.0,2016-10-29 15:19:00,2,1,-1,39,12,51
523.0,2016-10-29 15:22:00,0,0,0,39,12,51
523.0,2016-10-29 15:25:00,1,1,0,39,12,51
523.0,2016-10-29 15:28:00,0,0,0,39,12,51
523.0,2016-10-29 15:31:00,1,0,-1,38,13,51
523.0,2016-10-29 15:34:00,0,0,0,38,13,51
523.0,2016-10-29 15:37:00,0,0,0,38,13,51
523.0,2016-10-29 15:40:00,0,1,1,39,12,51
523.0,2016-10-29 15:43:00,0,1,1,40,11,51
523.0,2016-10-29 15:46:00,0,0,0,40,11,51
523.0,2016-10-29 15:49:00,0,1,1,41,10,51
523.0,2016-10-29 15:52:00,0,0,0,41,10,51
523.0,2016-10-29 15:55:00,2,0,-2,39,12,51
523.0,2016-10-29 15:58:00,0,0,0,39,12,51
523.0,2016-10-29 16:01:00,2,1,-1,38,13,51
523.0,2016-10-29 16:04:00,0,2,2,40,11,51
523.0,2016-10-29 16:07:00,0,0,0,40,11,51
523.0,2016-10-29 16:10:00,0,0,0,40,11,51
523.0,2016-10-29 16:13:00,0,1,1,41,10,51
523.0,2016-10-29 16:15:00,0,0,0,41,10,51
523.0,2016-10-29 16:18:00,0,1,1,42,9,51
523.0,2016-10-29 16:21:00,2,0,-2,40,11,51
523.0,2016-10-29 16:24:00,0,1,1,41,10,51
523.0,2016-10-29 16:27:00,1,0,-1,40,11,51
523.0,2016-10-29 16:30:00,0,1,1,41,10,51
523.0,2016-10-29 16:33:00,1,0,-1,40,11,51
523.0,2016-10-29 16:36:00,0,0,0,40,11,51
523.0,2016-10-29 16:39:00,0,0,0,40,11,51
523.0,2016-10-29 16:42:00,0,1,1,41,10,51
523.0,2016-10-29 16:45:00,1,2,1,42,9,51
523.0,2016-10-29 16:48:00,0,0,0,42,9,51
523.0,2016-10-29 16:50:00,0,0,0,43,8,51
523.0,2016-10-29 16:53:00,0,0,0,43,8,51
523.0,2016-10-29 16:56:00,0,1,1,44,7,51
523.0,2016-10-29 16:59:00,0,1,1,45,6,51
523.0,2016-10-29 17:02:00,0,0,0,45,6,51
523.0,2016-10-29 17:05:00,0,1,1,46,5,51
523.0,2016-10-29 17:08:00,1,0,-1,45,6,51
523.0,2016-10-29 17:11:00,0,0,0,45,6,51
523.0,2016-10-29 17:14:00,1,0,-1,44,7,51
523.0,2016-10-29 17:17:00,2,0,-2,42,9,51
523.0,2016-10-29 17:20:00,1,0,-1,41,10,51
523.0,2016-10-29 17:23:00,1,1,0,41,10,51
523.0,2016-10-29 17:24:00,1,1,0,41,10,51
523.0,2016-10-29 17:27:00,0,0,0,41,10,51
523.0,2016-10-29 17:30:00,0,0,0,41,10,51
523.0,2016-10-29 17:33:00,1,0,-1,40,11,51
523.0,2016-10-29 17:36:00,0,0,0,40,11,51
523.0,2016-10-29 17:39:00,0,0,0,40,11,51
523.0,2016-10-29 17:42:00,1,1,0,40,11,51
523.0,2016-10-29 17:45:00,0,1,1,41,10,51
523.0,2016-10-29 17:48:00,0,0,0,41,10,51
523.0,2016-10-29 17:51:00,0,0,0,41,10,51
523.0,2016-10-29 17:54:00,0,0,0,41,10,51
523.0,2016-10-29 17:57:00,1,0,-1,40,11,51
523.0,2016-10-29 17:59:00,0,0,0,42,9,51
523.0,2016-10-29 18:02:00,0,0,0,42,9,51
523.0,2016-10-29 18:05:00,0,1,1,43,8,51
523.0,2016-10-29 18:08:00,0,0,0,43,8,51
523.0,2016-10-29 18:11:00,0,2,2,45,6,51
523.0,2016-10-29 18:14:00,1,1,0,45,6,51
523.0,2016-10-29 18:17:00,1,1,0,45,6,51
523.0,2016-10-29 18:20:00,0,0,0,45,6,51
523.0,2016-10-29 18:23:00,0,0,0,45,6,51
523.0,2016-10-29 18:26:00,0,0,0,45,6,51
523.0,2016-10-29 18:29:00,0,0,0,45,6,51
523.0,2016-10-29 18:32:00,1,1,0,45,6,51
523.0,2016-10-29 18:33:00,0,1,1,47,4,51
523.0,2016-10-29 18:36:00,0,1,1,48,3,51
523.0,2016-10-29 18:39:00,1,2,1,49,2,51
523.0,2016-10-29 18:42:00,0,0,0,49,2,51
523.0,2016-10-29 18:45:00,0,1,1,50,1,51
523.0,2016-10-29 18:48:00,3,1,-2,48,3,51
523.0,2016-10-29 18:51:00,0,0,0,48,3,51
523.0,2016-10-29 18:54:00,0,0,0,48,3,51
523.0,2016-10-29 18:57:00,0,0,0,48,3,51
523.0,2016-10-29 19:00:00,0,0,0,48,3,51
523.0,2016-10-29 19:03:00,1,1,0,48,3,51
523.0,2016-10-29 19:06:00,2,0,-2,46,5,51
523.0,2016-10-29 19:08:00,1,0,-1,44,7,51
523.0,2016-10-29 19:11:00,0,0,0,44,7,51
523.0,2016-10-29 19:14:00,1,1,0,44,7,51
523.0,2016-10-29 19:17:00,0,2,2,46,5,51
523.0,2016-10-29 19:20:00,0,0,0,46,5,51
523.0,2016-10-29 19:23:00,2,0,-2,44,7,51
523.0,2016-10-29 19:26:00,0,2,2,46,5,51
523.0,2016-10-29 19:29:00,0,0,0,46,5,51
523.0,2016-10-29 19:32:00,0,1,1,47,4,51
523.0,2016-10-29 19:35:00,0,0,0,47,4,51
523.0,2016-10-29 19:38:00,1,0,-1,46,5,51
523.0,2016-10-29 19:41:00,0,0,0,46,5,51
523.0,2016-10-29 19:43:00,0,0,0,47,4,51
523.0,2016-10-29 19:46:00,0,0,0,47,4,51
523.0,2016-10-29 19:49:00,0,0,0,47,4,51
523.0,2016-10-29 19:52:00,0,0,0,47,4,51
523.0,2016-10-29 19:55:00,0,0,0,47,4,51
523.0,2016-10-29 19:58:00,0,0,0,47,4,51
523.0,2016-10-29 20:01:00,0,0,0,47,4,51
523.0,2016-10-29 20:04:00,0,0,0,47,4,51
523.0,2016-10-29 20:07:00,0,0,0,47,4,51
523.0,2016-10-29 20:10:00,0,0,0,47,4,51
523.0,2016-10-29 20:13:00,0,0,0,47,4,51
523.0,2016-10-29 20:16:00,0,0,0,47,4,51
523.0,2016-10-29 20:17:00,0,0,0,47,4,51
523.0,2016-10-29 20:20:00,0,0,0,47,4,51
523.0,2016-10-29 20:23:00,0,0,0,47,4,51
523.0,2016-10-29 20:26:00,1,0,-1,46,5,51
523.0,2016-10-29 20:29:00,0,1,1,47,4,51
523.0,2016-10-29 20:32:00,0,0,0,47,4,51
523.0,2016-10-29 20:35:00,0,0,0,47,4,51
523.0,2016-10-29 20:38:00,0,0,0,47,4,51
523.0,2016-10-29 20:41:00,0,0,0,47,4,51
523.0,2016-10-29 20:44:00,0,0,0,47,4,51
523.0,2016-10-29 20:47:00,0,0,0,47,4,51
523.0,2016-10-29 20:50:00,0,0,0,47,4,51
523.0,2016-10-29 20:53:00,0,0,0,47,4,51
523.0,2016-10-29 20:56:00,0,0,0,47,4,51
523.0,2016-10-29 20:59:00,0,0,0,47,4,51
523.0,2016-10-29 21:02:00,1,0,-1,46,5,51
523.0,2016-10-29 21:05:00,1,0,-1,45,6,51
523.0,2016-10-29 21:08:00,1,0,-1,44,7,51
523.0,2016-10-29 21:11:00,1,0,-1,43,8,51
523.0,2016-10-29 21:14:00,0,0,0,43,8,51
523.0,2016-10-29 21:17:00,0,0,0,43,8,51
523.0,2016-10-29 21:20:00,0,0,0,43,8,51
523.0,2016-10-29 21:23:00,0,0,0,43,8,51
523.0,2016-10-29 21:26:00,0,0,0,43,8,51
523.0,2016-10-29 21:29:00,0,0,0,43,8,51
523.0,2016-10-29 21:32:00,0,0,0,43,8,51
523.0,2016-10-29 21:35:00,0,0,0,43,8,51
523.0,2016-10-29 21:38:00,0,0,0,43,8,51
523.0,2016-10-29 21:41:00,0,0,0,43,8,51
523.0,2016-10-29 21:44:00,0,0,0,43,8,51
523.0,2016-10-29 21:47:00,0,0,0,43,8,51
523.0,2016-10-29 21:50:00,0,0,0,43,8,51
523.0,2016-10-29 21:53:00,0,0,0,43,8,51
523.0,2016-10-29 21:56:00,0,0,0,43,8,51
523.0,2016-10-29 21:59:00,1,0,-1,42,9,51
523.0,2016-10-29 22:02:00,0,0,0,42,9,51
523.0,2016-10-29 22:05:00,0,0,0,42,9,51
523.0,2016-10-29 22:08:00,1,2,1,43,8,51
523.0,2016-10-29 22:11:00,0,3,3,46,5,51
523.0,2016-10-29 22:14:00,0,1,1,47,4,51
523.0,2016-10-29 22:17:00,0,0,0,47,4,51
523.0,2016-10-29 22:20:00,0,0,0,47,4,51
523.0,2016-10-29 22:23:00,0,0,0,47,4,51
523.0,2016-10-29 22:26:00,0,1,1,48,3,51
523.0,2016-10-29 22:29:00,0,0,0,48,3,51
523.0,2016-10-29 22:32:00,0,0,0,48,3,51
523.0,2016-10-29 22:34:00,0,0,0,48,3,51
523.0,2016-10-29 22:37:00,0,0,0,48,3,51
523.0,2016-10-29 22:40:00,0,0,0,48,3,51
523.0,2016-10-29 22:43:00,0,0,0,48,3,51
523.0,2016-10-29 22:46:00,1,0,-1,47,4,51
523.0,2016-10-29 22:49:00,0,0,0,47,4,51
523.0,2016-10-29 22:52:00,0,0,0,47,4,51
523.0,2016-10-29 22:55:00,0,0,0,47,4,51
523.0,2016-10-29 22:58:00,0,0,0,47,4,51
523.0,2016-10-29 23:01:00,0,0,0,47,4,51
523.0,2016-10-29 23:04:00,0,0,0,47,4,51
523.0,2016-10-29 23:07:00,0,0,0,47,4,51
523.0,2016-10-29 23:10:00,0,0,0,47,4,51
523.0,2016-10-29 23:13:00,0,0,0,47,4,51
523.0,2016-10-29 23:16:00,0,0,0,47,4,51
523.0,2016-10-29 23:19:00,0,0,0,47,4,51
523.0,2016-10-29 23:22:00,0,0,0,47,4,51
523.0,2016-10-29 23:25:00,1,0,-1,46,5,51
523.0,2016-10-29 23:28:00,0,0,0,46,5,51
523.0,2016-10-29 23:31:00,0,0,0,46,5,51
523.0,2016-10-29 23:34:00,0,0,0,46,5,51
523.0,2016-10-29 23:37:00,1,0,-1,45,6,51
523.0,2016-10-29 23:40:00,1,0,-1,44,7,51
523.0,2016-10-29 23:43:00,0,0,0,44,7,51
523.0,2016-10-29 23:46:00,0,0,0,44,7,51
523.0,2016-10-29 23:49:00,1,0,-1,43,8,51
523.0,2016-10-29 23:52:00,0,0,0,43,8,51
523.0,2016-10-29 23:55:00,0,0,0,43,8,51
523.0,2016-10-29 23:58:00,0,1,1,44,7,51
523.0,2016-10-30 00:01:00,0,0,0,44,7,51
523.0,2016-10-30 00:04:00,0,0,0,44,7,51
523.0,2016-10-30 00:07:00,0,0,0,44,7,51
523.0,2016-10-30 00:10:00,0,0,0,44,7,51
523.0,2016-10-30 00:13:00,0,0,0,42,9,51
523.0,2016-10-30 00:16:00,0,0,0,42,9,51
523.0,2016-10-30 00:19:00,0,0,0,42,9,51
523.0,2016-10-30 00:22:00,0,0,0,42,9,51
523.0,2016-10-30 00:25:00,0,0,0,42,9,51
523.0,2016-10-30 00:28:00,0,0,0,42,9,51
523.0,2016-10-30 00:31:00,0,0,0,42,9,51
523.0,2016-10-30 00:34:00,0,0,0,42,9,51
523.0,2016-10-30 00:37:00,0,0,0,42,9,51
523.0,2016-10-30 00:40:00,0,0,0,42,9,51
523.0,2016-10-30 00:43:00,0,1,1,43,8,51
523.0,2016-10-30 00:46:00,0,0,0,43,8,51
523.0,2016-10-30 00:47:00,0,0,0,40,11,51
523.0,2016-10-30 00:50:00,0,1,1,41,10,51
523.0,2016-10-30 00:53:00,0,0,0,41,10,51
523.0,2016-10-30 00:56:00,0,0,0,41,10,51
523.0,2016-10-30 00:59:00,0,0,0,41,10,51
523.0,2016-10-30 01:02:00,0,0,0,41,10,51
523.0,2016-10-30 01:05:00,1,0,-1,40,11,51
523.0,2016-10-30 01:08:00,0,0,0,40,11,51
523.0,2016-10-30 01:11:00,0,0,0,40,11,51
523.0,2016-10-30 01:14:00,1,0,-1,39,12,51
523.0,2016-10-30 01:17:00,0,0,0,39,12,51
523.0,2016-10-30 01:20:00,0,0,0,44,7,51
523.0,2016-10-30 01:23:00,0,0,0,44,7,51
523.0,2016-10-30 01:26:00,0,0,0,44,7,51
523.0,2016-10-30 01:29:00,0,0,0,44,7,51
523.0,2016-10-30 01:32:00,0,0,0,44,7,51
523.0,2016-10-30 01:35:00,0,0,0,44,7,51
523.0,2016-10-30 01:38:00,0,0,0,44,7,51
523.0,2016-10-30 01:41:00,0,0,0,44,7,51
523.0,2016-10-30 01:44:00,0,0,0,44,7,51
523.0,2016-10-30 01:47:00,0,0,0,44,7,51
523.0,2016-10-30 01:50:00,0,0,0,44,7,51
523.0,2016-10-30 01:53:00,0,0,0,44,7,51
523.0,2016-10-30 01:54:00,0,0,0,45,6,51
523.0,2016-10-30 01:57:00,1,0,-1,44,7,51
523.0,2016-10-30 02:00:00,0,0,0,44,7,51
523.0,2016-10-30 02:03:00,0,0,0,44,7,51
523.0,2016-10-30 02:06:00,0,0,0,44,7,51
523.0,2016-10-30 02:09:00,0,0,0,44,7,51
523.0,2016-10-30 02:12:00,0,0,0,44,7,51
523.0,2016-10-30 02:15:00,0,0,0,44,7,51
523.0,2016-10-30 02:18:00,0,0,0,44,7,51
523.0,2016-10-30 02:21:00,0,0,0,44,7,51
523.0,2016-10-30 02:24:00,0,0,0,44,7,51
523.0,2016-10-30 02:27:00,0,0,0,44,7,51
523.0,2016-10-30 02:30:00,0,0,0,44,7,51
523.0,2016-10-30 02:33:00,0,0,0,44,7,51
523.0,2016-10-30 02:36:00,0,0,0,44,7,51
523.0,2016-10-30 02:39:00,0,1,1,45,6,51
523.0,2016-10-30 02:42:00,0,0,0,45,6,51
523.0,2016-10-30 02:45:00,0,0,0,45,6,51
523.0,2016-10-30 02:48:00,0,0,0,45,6,51
523.0,2016-10-30 02:51:00,0,0,0,45,6,51
523.0,2016-10-30 02:54:00,0,0,0,45,6,51
523.0,2016-10-30 02:57:00,0,0,0,45,6,51
523.0,2016-10-30 03:00:00,0,0,0,45,6,51
523.0,2016-10-30 03:03:00,0,0,0,45,6,51
523.0,2016-10-30 03:06:00,0,0,0,45,6,51
523.0,2016-10-30 03:09:00,1,0,-1,44,7,51
523.0,2016-10-30 03:12:00,0,0,0,44,7,51
523.0,2016-10-30 03:15:00,0,0,0,44,7,51
523.0,2016-10-30 03:18:00,0,0,0,44,7,51
523.0,2016-10-30 03:21:00,0,0,0,44,7,51
523.0,2016-10-30 03:24:00,0,0,0,44,7,51
523.0,2016-10-30 03:27:00,0,0,0,44,7,51
523.0,2016-10-30 03:30:00,1,0,-1,43,8,51
523.0,2016-10-30 03:33:00,0,0,0,43,8,51
523.0,2016-10-30 03:36:00,1,1,0,43,8,51
523.0,2016-10-30 03:39:00,0,1,1,44,7,51
523.0,2016-10-30 03:42:00,0,0,0,44,7,51
523.0,2016-10-30 03:45:00,0,0,0,44,7,51
523.0,2016-10-30 03:48:00,0,0,0,44,7,51
523.0,2016-10-30 03:51:00,0,0,0,44,7,51
523.0,2016-10-30 03:54:00,0,0,0,44,7,51
523.0,2016-10-30 03:57:00,0,0,0,44,7,51
523.0,2016-10-30 04:00:00,0,1,1,45,6,51
523.0,2016-10-30 04:03:00,0,0,0,45,6,51
523.0,2016-10-30 04:06:00,0,0,0,45,6,51
523.0,2016-10-30 04:09:00,0,0,0,45,6,51
523.0,2016-10-30 04:12:00,0,0,0,45,6,51
523.0,2016-10-30 04:15:00,0,0,0,45,6,51
523.0,2016-10-30 04:18:00,0,0,0,45,6,51
523.0,2016-10-30 04:21:00,0,0,0,45,6,51
523.0,2016-10-30 04:24:00,0,0,0,45,6,51
523.0,2016-10-30 04:27:00,0,0,0,45,6,51
523.0,2016-10-30 04:30:00,0,0,0,45,6,51
523.0,2016-10-30 04:33:00,0,0,0,45,6,51
523.0,2016-10-30 04:36:00,1,2,1,46,5,51
523.0,2016-10-30 04:39:00,1,1,0,46,5,51
523.0,2016-10-30 04:42:00,0,0,0,46,5,51
523.0,2016-10-30 04:45:00,2,0,-2,44,7,51
523.0,2016-10-30 04:48:00,0,0,0,44,7,51
523.0,2016-10-30 04:51:00,0,0,0,44,7,51
523.0,2016-10-30 04:54:00,0,0,0,44,7,51
523.0,2016-10-30 04:57:00,0,0,0,44,7,51
523.0,2016-10-30 05:00:00,0,0,0,44,7,51
523.0,2016-10-30 05:03:00,0,0,0,44,7,51
523.0,2016-10-30 05:06:00,0,0,0,44,7,51
523.0,2016-10-30 05:09:00,0,1,1,45,6,51
523.0,2016-10-30 05:12:00,0,0,0,45,6,51
523.0,2016-10-30 05:15:00,0,0,0,45,6,51
523.0,2016-10-30 05:18:00,0,0,0,45,6,51
523.0,2016-10-30 05:21:00,0,0,0,45,6,51
523.0,2016-10-30 05:24:00,0,0,0,45,6,51
523.0,2016-10-30 05:27:00,0,0,0,45,6,51
523.0,2016-10-30 05:30:00,0,0,0,45,6,51
523.0,2016-10-30 05:33:00,0,0,0,45,6,51
523.0,2016-10-30 05:36:00,0,0,0,45,6,51
523.0,2016-10-30 05:39:00,0,0,0,45,6,51
523.0,2016-10-30 05:42:00,0,0,0,45,6,51
523.0,2016-10-30 05:45:00,0,0,0,45,6,51
523.0,2016-10-30 05:48:00,0,0,0,45,6,51
523.0,2016-10-30 05:51:00,0,0,0,45,6,51
523.0,2016-10-30 05:54:00,0,0,0,45,6,51
523.0,2016-10-30 05:57:00,0,0,0,45,6,51
523.0,2016-10-30 06:00:00,0,0,0,45,6,51
523.0,2016-10-30 06:03:00,0,0,0,45,6,51
523.0,2016-10-30 06:06:00,0,0,0,45,6,51
523.0,2016-10-30 06:09:00,0,0,0,45,6,51
523.0,2016-10-30 06:12:00,0,0,0,45,6,51
523.0,2016-10-30 06:15:00,0,0,0,45,6,51
523.0,2016-10-30 06:18:00,1,0,-1,44,7,51
523.0,2016-10-30 06:21:00,0,0,0,44,7,51
523.0,2016-10-30 06:24:00,0,0,0,44,7,51
523.0,2016-10-30 06:27:00,0,0,0,44,7,51
523.0,2016-10-30 06:30:00,0,0,0,44,7,51
523.0,2016-10-30 06:33:00,0,0,0,44,7,51
523.0,2016-10-30 06:36:00,1,0,-1,43,8,51
523.0,2016-10-30 06:39:00,1,0,-1,42,9,51
523.0,2016-10-30 06:42:00,0,0,0,42,9,51
523.0,2016-10-30 06:45:00,0,0,0,42,9,51
523.0,2016-10-30 06:48:00,0,0,0,42,9,51
523.0,2016-10-30 06:51:00,0,0,0,42,9,51
523.0,2016-10-30 06:54:00,0,0,0,42,9,51
523.0,2016-10-30 06:57:00,0,0,0,42,9,51
523.0,2016-10-30 07:00:00,1,0,-1,41,10,51
523.0,2016-10-30 07:03:00,0,0,0,41,10,51
523.0,2016-10-30 07:06:00,0,0,0,41,10,51
523.0,2016-10-30 07:09:00,0,0,0,41,10,51
523.0,2016-10-30 07:12:00,0,0,0,41,10,51
523.0,2016-10-30 07:15:00,0,0,0,41,10,51
523.0,2016-10-30 07:18:00,0,0,0,41,10,51
523.0,2016-10-30 07:21:00,0,0,0,41,10,51
523.0,2016-10-30 07:24:00,0,0,0,41,10,51
523.0,2016-10-30 07:27:00,0,0,0,41,10,51
523.0,2016-10-30 07:30:00,0,0,0,41,10,51
523.0,2016-10-30 07:33:00,0,0,0,41,10,51
523.0,2016-10-30 07:36:00,0,0,0,41,10,51
523.0,2016-10-30 07:39:00,0,0,0,41,10,51
523.0,2016-10-30 07:42:00,0,0,0,41,10,51
523.0,2016-10-30 07:45:00,0,0,0,41,10,51
523.0,2016-10-30 07:48:00,0,0,0,41,10,51
523.0,2016-10-30 07:51:00,0,0,0,41,10,51
523.0,2016-10-30 07:54:00,0,0,0,41,10,51
523.0,2016-10-30 07:57:00,0,0,0,41,10,51
523.0,2016-10-30 08:00:00,0,0,0,41,10,51
523.0,2016-10-30 08:03:00,0,0,0,41,10,51
523.0,2016-10-30 08:06:00,0,0,0,41,10,51
523.0,2016-10-30 08:09:00,0,0,0,41,10,51
523.0,2016-10-30 08:12:00,0,0,0,41,10,51
523.0,2016-10-30 08:15:00,0,0,0,41,10,51
523.0,2016-10-30 08:18:00,0,1,1,42,9,51
523.0,2016-10-30 08:21:00,0,0,0,42,9,51
523.0,2016-10-30 08:24:00,2,0,-2,40,11,51
523.0,2016-10-30 08:27:00,0,0,0,40,11,51
523.0,2016-10-30 08:30:00,1,0,-1,39,12,51
523.0,2016-10-30 08:33:00,0,0,0,39,12,51
523.0,2016-10-30 08:36:00,0,0,0,39,12,51
523.0,2016-10-30 08:39:00,0,0,0,39,12,51
523.0,2016-10-30 08:42:00,0,2,2,41,10,51
523.0,2016-10-30 08:45:00,0,0,0,41,10,51
523.0,2016-10-30 08:48:00,0,0,0,41,10,51
523.0,2016-10-30 08:51:00,0,0,0,41,10,51
523.0,2016-10-30 08:54:00,0,0,0,41,10,51
523.0,2016-10-30 08:57:00,0,0,0,41,10,51
523.0,2016-10-30 09:00:00,1,0,-1,40,11,51
523.0,2016-10-30 09:03:00,0,0,0,40,11,51
523.0,2016-10-30 09:06:00,0,0,0,40,11,51
523.0,2016-10-30 09:09:00,0,0,0,40,11,51
523.0,2016-10-30 09:12:00,0,0,0,40,11,51
523.0,2016-10-30 09:15:00,0,0,0,40,11,51
523.0,2016-10-30 09:18:00,0,0,0,40,11,51
523.0,2016-10-30 09:21:00,0,0,0,40,11,51
523.0,2016-10-30 09:24:00,1,0,-1,39,12,51
523.0,2016-10-30 09:27:00,0,1,1,40,11,51
523.0,2016-10-30 09:30:00,0,0,0,40,11,51
523.0,2016-10-30 09:33:00,0,0,0,40,11,51
523.0,2016-10-30 09:36:00,0,0,0,40,11,51
523.0,2016-10-30 09:39:00,2,0,-2,38,13,51
523.0,2016-10-30 09:42:00,0,0,0,38,13,51
523.0,2016-10-30 09:45:00,0,0,0,38,13,51
523.0,2016-10-30 09:48:00,2,0,-2,36,15,51
523.0,2016-10-30 09:51:00,0,0,0,36,15,51
523.0,2016-10-30 09:54:00,2,0,-2,34,17,51
523.0,2016-10-30 09:57:00,0,0,0,34,17,51
523.0,2016-10-30 10:00:00,0,0,0,34,17,51
523.0,2016-10-30 10:03:00,0,0,0,34,17,51
523.0,2016-10-30 10:06:00,0,0,0,34,17,51
523.0,2016-10-30 10:09:00,0,0,0,34,17,51
523.0,2016-10-30 10:12:00,1,0,-1,33,18,51
523.0,2016-10-30 10:15:00,0,0,0,33,18,51
523.0,2016-10-30 10:18:00,0,1,1,34,17,51
523.0,2016-10-30 10:21:00,0,0,0,34,17,51
523.0,2016-10-30 10:24:00,0,0,0,34,17,51
523.0,2016-10-30 10:27:00,0,0,0,34,17,51
523.0,2016-10-30 10:30:00,0,0,0,34,17,51
523.0,2016-10-30 10:33:00,0,1,1,35,16,51
523.0,2016-10-30 10:36:00,1,0,-1,34,17,51
523.0,2016-10-30 10:39:00,0,0,0,34,17,51
523.0,2016-10-30 10:42:00,0,0,0,34,17,51
523.0,2016-10-30 10:45:00,0,0,0,34,17,51
523.0,2016-10-30 10:48:00,0,0,0,34,17,51
523.0,2016-10-30 10:51:00,0,1,1,35,16,51
523.0,2016-10-30 10:54:00,0,0,0,35,16,51
523.0,2016-10-30 10:57:00,0,0,0,35,16,51
523.0,2016-10-30 11:00:00,0,0,0,35,16,51
523.0,2016-10-30 11:03:00,1,0,-1,34,17,51
523.0,2016-10-30 11:06:00,0,0,0,34,17,51
523.0,2016-10-30 11:09:00,0,0,0,34,17,51
523.0,2016-10-30 11:12:00,0,0,0,34,17,51
523.0,2016-10-30 11:15:00,0,0,0,34,17,51
523.0,2016-10-30 11:18:00,0,0,0,34,17,51
523.0,2016-10-30 11:21:00,1,1,0,34,17,51
523.0,2016-10-30 11:24:00,0,0,0,34,17,51
523.0,2016-10-30 11:27:00,0,0,0,34,17,51
523.0,2016-10-30 11:30:00,0,0,0,34,17,51
523.0,2016-10-30 11:33:00,1,1,0,34,17,51
523.0,2016-10-30 11:36:00,0,0,0,34,17,51
523.0,2016-10-30 11:39:00,0,1,1,35,16,51
523.0,2016-10-30 11:42:00,0,0,0,35,16,51
523.0,2016-10-30 11:45:00,1,0,-1,34,17,51
523.0,2016-10-30 11:48:00,0,0,0,34,17,51
523.0,2016-10-30 11:51:00,0,0,0,34,17,51
523.0,2016-10-30 11:54:00,0,1,1,35,16,51
523.0,2016-10-30 11:57:00,1,1,0,35,16,51
523.0,2016-10-30 12:00:00,0,0,0,35,16,51
523.0,2016-10-30 12:03:00,0,0,0,35,16,51
523.0,2016-10-30 12:06:00,0,0,0,35,16,51
523.0,2016-10-30 12:09:00,0,0,0,35,16,51
523.0,2016-10-30 12:12:00,0,0,0,35,16,51
523.0,2016-10-30 12:14:00,0,1,1,45,6,51
523.0,2016-10-30 12:17:00,0,0,0,45,6,51
523.0,2016-10-30 12:20:00,0,1,1,46,5,51
523.0,2016-10-30 12:23:00,1,0,-1,45,6,51
523.0,2016-10-30 12:26:00,0,0,0,45,6,51
523.0,2016-10-30 12:29:00,0,0,0,45,6,51
523.0,2016-10-30 12:32:00,0,0,0,45,6,51
523.0,2016-10-30 12:35:00,0,0,0,45,6,51
523.0,2016-10-30 12:38:00,0,1,1,46,5,51
523.0,2016-10-30 12:41:00,0,0,0,46,5,51
523.0,2016-10-30 12:44:00,2,1,-1,45,6,51
523.0,2016-10-30 12:47:00,1,0,-1,44,7,51
523.0,2016-10-30 12:48:00,0,0,0,45,6,51
523.0,2016-10-30 12:51:00,3,0,-3,42,9,51
523.0,2016-10-30 12:54:00,0,0,0,42,9,51
523.0,2016-10-30 12:57:00,0,2,2,44,7,51
523.0,2016-10-30 13:00:00,0,2,2,46,5,51
523.0,2016-10-30 13:03:00,0,3,3,49,2,51
523.0,2016-10-30 13:06:00,1,0,-1,48,3,51
523.0,2016-10-30 13:09:00,0,0,0,48,3,51
523.0,2016-10-30 13:12:00,0,1,1,49,2,51
523.0,2016-10-30 13:15:00,0,0,0,49,2,51
523.0,2016-10-30 13:18:00,0,0,0,49,2,51
523.0,2016-10-30 13:21:00,2,0,-2,47,4,51
523.0,2016-10-30 13:24:00,0,0,0,47,4,51
523.0,2016-10-30 13:27:00,1,0,-1,46,5,51
523.0,2016-10-30 13:30:00,0,0,0,46,5,51
523.0,2016-10-30 13:33:00,0,1,1,47,4,51
523.0,2016-10-30 13:36:00,1,0,-1,46,5,51
523.0,2016-10-30 13:39:00,0,1,1,47,4,51
523.0,2016-10-30 13:42:00,0,1,1,48,3,51
523.0,2016-10-30 13:45:00,0,0,0,48,3,51
523.0,2016-10-30 13:48:00,0,1,1,49,2,51
523.0,2016-10-30 13:51:00,0,0,0,49,2,51
523.0,2016-10-30 13:54:00,0,0,0,49,2,51
523.0,2016-10-30 13:57:00,1,1,0,49,2,51
523.0,2016-10-30 14:00:00,1,0,-1,48,3,51
523.0,2016-10-30 14:03:00,1,0,-1,47,4,51
523.0,2016-10-30 14:06:00,1,0,-1,46,5,51
523.0,2016-10-30 14:09:00,0,0,0,46,5,51
523.0,2016-10-30 14:12:00,1,0,-1,45,6,51
523.0,2016-10-30 14:15:00,0,0,0,45,6,51
523.0,2016-10-30 14:18:00,0,0,0,45,6,51
523.0,2016-10-30 14:21:00,0,0,0,45,6,51
523.0,2016-10-30 14:24:00,1,0,-1,44,7,51
523.0,2016-10-30 14:27:00,0,0,0,44,7,51
523.0,2016-10-30 14:30:00,0,1,1,45,6,51
523.0,2016-10-30 14:33:00,0,0,0,45,6,51
523.0,2016-10-30 14:36:00,2,0,-2,43,8,51
523.0,2016-10-30 14:39:00,0,1,1,44,7,51
523.0,2016-10-30 14:42:00,1,1,0,44,7,51
523.0,2016-10-30 14:45:00,0,1,1,45,6,51
523.0,2016-10-30 14:48:00,0,1,1,46,5,51
523.0,2016-10-30 14:51:00,1,1,0,46,5,51
523.0,2016-10-30 14:54:00,0,0,0,46,5,51
523.0,2016-10-30 14:57:00,1,0,-1,45,6,51
523.0,2016-10-30 15:00:00,0,2,2,47,4,51
523.0,2016-10-30 15:03:00,0,0,0,47,4,51
523.0,2016-10-30 15:06:00,0,0,0,47,4,51
523.0,2016-10-30 15:09:00,0,1,1,48,3,51
523.0,2016-10-30 15:12:00,2,1,-1,47,4,51
523.0,2016-10-30 15:15:00,0,0,0,47,4,51
523.0,2016-10-30 15:18:00,0,1,1,48,3,51
523.0,2016-10-30 15:21:00,0,2,2,50,1,51
523.0,2016-10-30 15:24:00,1,1,0,50,1,51
523.0,2016-10-30 15:27:00,0,0,0,50,1,51
523.0,2016-10-30 15:30:00,0,0,0,50,1,51
523.0,2016-10-30 15:33:00,3,2,-1,49,2,51
523.0,2016-10-30 15:36:00,2,0,-2,47,4,51
523.0,2016-10-30 15:39:00,0,0,0,47,4,51
523.0,2016-10-30 15:42:00,1,0,-1,46,5,51
523.0,2016-10-30 15:45:00,0,0,0,46,5,51
523.0,2016-10-30 15:48:00,0,0,0,46,5,51
523.0,2016-10-30 15:51:00,1,0,-1,45,6,51
523.0,2016-10-30 15:54:00,2,0,-2,43,8,51
523.0,2016-10-30 15:57:00,0,0,0,43,8,51
523.0,2016-10-30 16:00:00,0,0,0,43,8,51
523.0,2016-10-30 16:03:00,0,0,0,43,8,51
523.0,2016-10-30 16:06:00,1,0,-1,42,9,51
523.0,2016-10-30 16:09:00,2,3,1,43,8,51
523.0,2016-10-30 16:12:00,0,2,2,45,6,51
523.0,2016-10-30 16:15:00,0,2,2,47,4,51
523.0,2016-10-30 16:18:00,0,0,0,47,4,51
523.0,2016-10-30 16:21:00,0,0,0,47,4,51
523.0,2016-10-30 16:24:00,0,2,2,49,2,51
523.0,2016-10-30 16:27:00,0,0,0,49,2,51
523.0,2016-10-30 16:30:00,0,0,0,49,2,51
523.0,2016-10-30 16:33:00,0,0,0,49,2,51
523.0,2016-10-30 16:36:00,0,0,0,49,2,51
523.0,2016-10-30 16:39:00,0,1,1,50,1,51
523.0,2016-10-30 16:42:00,0,0,0,50,1,51
523.0,2016-10-30 16:45:00,0,0,0,50,1,51
523.0,2016-10-30 16:48:00,0,0,0,50,1,51
523.0,2016-10-30 16:51:00,0,0,0,50,1,51
523.0,2016-10-30 16:54:00,0,0,0,50,1,51
523.0,2016-10-30 16:57:00,0,1,1,51,0,51
523.0,2016-10-30 17:00:00,0,0,0,51,0,51
523.0,2016-10-30 17:03:00,3,0,-3,48,3,51
523.0,2016-10-30 17:06:00,3,0,-3,45,6,51
523.0,2016-10-30 17:09:00,0,0,0,45,6,51
523.0,2016-10-30 17:12:00,0,0,0,45,6,51
523.0,2016-10-30 17:15:00,0,0,0,45,6,51
523.0,2016-10-30 17:18:00,0,0,0,45,6,51
523.0,2016-10-30 17:21:00,1,0,-1,44,7,51
523.0,2016-10-30 17:24:00,0,0,0,44,7,51
523.0,2016-10-30 17:27:00,0,0,0,44,7,51
523.0,2016-10-30 17:30:00,0,0,0,44,7,51
523.0,2016-10-30 17:33:00,0,0,0,44,7,51
523.0,2016-10-30 17:36:00,0,0,0,44,7,51
523.0,2016-10-30 17:39:00,0,0,0,44,7,51
523.0,2016-10-30 17:42:00,0,0,0,44,7,51
523.0,2016-10-30 17:45:00,0,0,0,44,7,51
523.0,2016-10-30 17:48:00,1,0,-1,43,8,51
523.0,2016-10-30 17:51:00,0,0,0,43,8,51
523.0,2016-10-30 17:54:00,1,0,-1,42,9,51
523.0,2016-10-30 17:57:00,0,0,0,42,9,51
523.0,2016-10-30 18:00:00,0,0,0,42,9,51
523.0,2016-10-30 18:03:00,0,0,0,42,9,51
523.0,2016-10-30 18:06:00,0,0,0,42,9,51
523.0,2016-10-30 18:09:00,0,0,0,42,9,51
523.0,2016-10-30 18:12:00,0,0,0,42,9,51
523.0,2016-10-30 18:15:00,1,0,-1,41,10,51
523.0,2016-10-30 18:18:00,0,0,0,41,10,51
523.0,2016-10-30 18:21:00,0,0,0,41,10,51
523.0,2016-10-30 18:24:00,1,0,-1,40,11,51
523.0,2016-10-30 18:27:00,0,0,0,40,11,51
523.0,2016-10-30 18:30:00,0,1,1,41,10,51
523.0,2016-10-30 18:33:00,0,0,0,41,10,51
523.0,2016-10-30 18:36:00,0,0,0,41,10,51
523.0,2016-10-30 18:39:00,0,0,0,41,10,51
523.0,2016-10-30 18:42:00,1,0,-1,40,11,51
523.0,2016-10-30 18:45:00,0,0,0,40,11,51
523.0,2016-10-30 18:48:00,0,0,0,40,11,51
523.0,2016-10-30 18:51:00,0,2,2,42,9,51
523.0,2016-10-30 18:54:00,0,0,0,42,9,51
523.0,2016-10-30 18:57:00,1,0,-1,41,10,51
523.0,2016-10-30 19:00:00,0,0,0,41,10,51
523.0,2016-10-30 19:03:00,0,0,0,41,10,51
523.0,2016-10-30 19:06:00,0,0,0,41,10,51
523.0,2016-10-30 19:09:00,0,0,0,41,10,51
523.0,2016-10-30 19:12:00,0,0,0,41,10,51
523.0,2016-10-30 19:15:00,0,0,0,41,10,51
523.0,2016-10-30 19:18:00,0,0,0,41,10,51
523.0,2016-10-30 19:21:00,0,0,0,41,10,51
523.0,2016-10-30 19:24:00,0,0,0,41,10,51
523.0,2016-10-30 19:27:00,0,0,0,41,10,51
523.0,2016-10-30 19:30:00,0,0,0,41,10,51
523.0,2016-10-30 19:33:00,0,0,0,41,10,51
523.0,2016-10-30 19:36:00,0,0,0,41,10,51
523.0,2016-10-30 19:39:00,0,0,0,41,10,51
523.0,2016-10-30 19:42:00,0,0,0,41,10,51
523.0,2016-10-30 19:45:00,0,0,0,41,10,51
523.0,2016-10-30 19:48:00,0,1,1,42,9,51
523.0,2016-10-30 19:51:00,0,0,0,42,9,51
523.0,2016-10-30 19:54:00,0,0,0,42,9,51
523.0,2016-10-30 19:57:00,0,1,1,43,8,51
523.0,2016-10-30 20:00:00,0,0,0,43,8,51
523.0,2016-10-30 20:03:00,0,0,0,43,8,51
523.0,2016-10-30 20:06:00,0,1,1,44,7,51
523.0,2016-10-30 20:09:00,0,0,0,44,7,51
523.0,2016-10-30 20:12:00,0,0,0,44,7,51
523.0,2016-10-30 20:15:00,0,0,0,44,7,51
523.0,2016-10-30 20:18:00,0,0,0,44,7,51
523.0,2016-10-30 20:21:00,0,0,0,44,7,51
523.0,2016-10-30 20:24:00,1,0,-1,43,8,51
523.0,2016-10-30 20:27:00,0,0,0,43,8,51
523.0,2016-10-30 20:30:00,0,0,0,43,8,51
523.0,2016-10-30 20:33:00,0,0,0,43,8,51
523.0,2016-10-30 20:36:00,1,1,0,43,8,51
523.0,2016-10-30 20:39:00,0,0,0,43,8,51
523.0,2016-10-30 20:42:00,0,0,0,43,8,51
523.0,2016-10-30 20:45:00,0,0,0,43,8,51
523.0,2016-10-30 20:48:00,1,0,-1,42,9,51
523.0,2016-10-30 20:51:00,0,0,0,42,9,51
523.0,2016-10-30 20:54:00,0,1,1,43,8,51
523.0,2016-10-30 20:57:00,0,0,0,43,8,51
523.0,2016-10-30 21:00:00,0,0,0,43,8,51
523.0,2016-10-30 21:03:00,1,0,-1,42,9,51
523.0,2016-10-30 21:06:00,0,0,0,42,9,51
523.0,2016-10-30 21:09:00,0,0,0,42,9,51
523.0,2016-10-30 21:12:00,0,0,0,42,9,51
523.0,2016-10-30 21:15:00,0,0,0,42,9,51
523.0,2016-10-30 21:18:00,0,0,0,42,9,51
523.0,2016-10-30 21:21:00,0,0,0,42,9,51
523.0,2016-10-30 21:24:00,0,0,0,42,9,51
523.0,2016-10-30 21:27:00,0,0,0,42,9,51
523.0,2016-10-30 21:30:00,0,1,1,43,8,51
523.0,2016-10-30 21:33:00,1,0,-1,42,9,51
523.0,2016-10-30 21:36:00,0,0,0,42,9,51
523.0,2016-10-30 21:39:00,0,0,0,42,9,51
523.0,2016-10-30 21:42:00,0,0,0,42,9,51
523.0,2016-10-30 21:45:00,0,0,0,42,9,51
523.0,2016-10-30 21:48:00,0,0,0,42,9,51
523.0,2016-10-30 21:51:00,0,0,0,42,9,51
523.0,2016-10-30 21:54:00,0,0,0,42,9,51
523.0,2016-10-30 21:57:00,0,0,0,42,9,51
523.0,2016-10-30 22:00:00,0,0,0,42,9,51
523.0,2016-10-30 22:03:00,0,0,0,42,9,51
523.0,2016-10-30 22:06:00,1,0,-1,41,10,51
523.0,2016-10-30 22:09:00,0,0,0,41,10,51
523.0,2016-10-30 22:12:00,0,0,0,41,10,51
523.0,2016-10-30 22:15:00,1,0,-1,40,11,51
523.0,2016-10-30 22:18:00,0,0,0,40,11,51
523.0,2016-10-30 22:21:00,0,0,0,40,11,51
523.0,2016-10-30 22:24:00,0,0,0,40,11,51
523.0,2016-10-30 22:27:00,0,0,0,40,11,51
523.0,2016-10-30 22:30:00,0,0,0,40,11,51
523.0,2016-10-30 22:33:00,0,0,0,40,11,51
523.0,2016-10-30 22:36:00,0,0,0,40,11,51
523.0,2016-10-30 22:39:00,0,0,0,40,11,51
523.0,2016-10-30 22:42:00,0,0,0,40,11,51
523.0,2016-10-30 22:45:00,0,0,0,40,11,51
523.0,2016-10-30 22:48:00,0,0,0,40,11,51
523.0,2016-10-30 22:51:00,0,0,0,40,11,51
523.0,2016-10-30 22:54:00,0,0,0,40,11,51
523.0,2016-10-30 22:57:00,0,0,0,40,11,51
523.0,2016-10-30 23:00:00,0,0,0,40,11,51
523.0,2016-10-30 23:03:00,0,0,0,40,11,51
523.0,2016-10-30 23:06:00,0,0,0,40,11,51
523.0,2016-10-30 23:09:00,0,0,0,40,11,51
523.0,2016-10-30 23:12:00,0,0,0,40,11,51
523.0,2016-10-30 23:15:00,0,0,0,40,11,51
523.0,2016-10-30 23:18:00,0,0,0,40,11,51
523.0,2016-10-30 23:21:00,0,0,0,40,11,51
523.0,2016-10-30 23:24:00,0,0,0,40,11,51
523.0,2016-10-30 23:27:00,1,0,-1,39,12,51
523.0,2016-10-30 23:30:00,0,0,0,39,12,51
523.0,2016-10-30 23:33:00,0,0,0,39,12,51
523.0,2016-10-30 23:36:00,0,2,2,41,10,51
523.0,2016-10-30 23:39:00,0,0,0,41,10,51
523.0,2016-10-30 23:42:00,0,0,0,41,10,51
523.0,2016-10-30 23:45:00,0,0,0,41,10,51
523.0,2016-10-30 23:48:00,0,1,1,42,9,51
523.0,2016-10-30 23:51:00,0,0,0,42,9,51
523.0,2016-10-30 23:54:00,0,0,0,42,9,51
523.0,2016-10-30 23:57:00,0,0,0,42,9,51
523.0,2016-10-31 00:00:00,0,0,0,42,9,51
523.0,2016-10-31 00:03:00,0,0,0,42,9,51
523.0,2016-10-31 00:06:00,0,0,0,42,9,51
523.0,2016-10-31 00:09:00,0,0,0,42,9,51
523.0,2016-10-31 00:12:00,0,0,0,42,9,51
523.0,2016-10-31 00:15:00,0,0,0,42,9,51
523.0,2016-10-31 00:18:00,0,0,0,42,9,51
523.0,2016-10-31 00:21:00,0,0,0,42,9,51
523.0,2016-10-31 00:24:00,0,0,0,42,9,51
523.0,2016-10-31 00:27:00,0,0,0,42,9,51
523.0,2016-10-31 00:30:00,0,0,0,42,9,51
523.0,2016-10-31 00:33:00,0,0,0,42,9,51
523.0,2016-10-31 00:36:00,0,0,0,42,9,51
523.0,2016-10-31 00:39:00,0,0,0,42,9,51
523.0,2016-10-31 00:42:00,0,0,0,42,9,51
523.0,2016-10-31 00:45:00,0,0,0,42,9,51
523.0,2016-10-31 00:48:00,0,0,0,42,9,51
523.0,2016-10-31 00:51:00,0,0,0,42,9,51
523.0,2016-10-31 00:54:00,0,0,0,42,9,51
523.0,2016-10-31 00:57:00,0,0,0,42,9,51
523.0,2016-10-31 01:00:00,0,0,0,42,9,51
523.0,2016-10-31 01:03:00,0,0,0,42,9,51
523.0,2016-10-31 01:06:00,0,0,0,42,9,51
523.0,2016-10-31 01:09:00,0,0,0,42,9,51
523.0,2016-10-31 01:12:00,1,0,-1,41,10,51
523.0,2016-10-31 01:15:00,0,0,0,41,10,51
523.0,2016-10-31 01:18:00,0,0,0,41,10,51
523.0,2016-10-31 01:21:00,0,0,0,41,10,51
523.0,2016-10-31 01:24:00,0,0,0,41,10,51
523.0,2016-10-31 01:27:00,0,0,0,41,10,51
523.0,2016-10-31 01:30:00,0,0,0,41,10,51
523.0,2016-10-31 01:33:00,0,0,0,41,10,51
523.0,2016-10-31 01:36:00,0,0,0,41,10,51
523.0,2016-10-31 01:39:00,0,0,0,41,10,51
523.0,2016-10-31 01:42:00,0,0,0,41,10,51
523.0,2016-10-31 01:45:00,0,0,0,41,10,51
523.0,2016-10-31 01:48:00,0,0,0,41,10,51
523.0,2016-10-31 01:51:00,0,0,0,41,10,51
523.0,2016-10-31 01:54:00,0,0,0,41,10,51
523.0,2016-10-31 01:57:00,0,0,0,41,10,51
523.0,2016-10-31 02:00:00,0,0,0,41,10,51
523.0,2016-10-31 02:03:00,0,0,0,41,10,51
523.0,2016-10-31 02:06:00,0,0,0,41,10,51
523.0,2016-10-31 02:09:00,0,0,0,41,10,51
523.0,2016-10-31 02:12:00,0,0,0,41,10,51
523.0,2016-10-31 02:15:00,0,0,0,41,10,51
523.0,2016-10-31 02:18:00,0,0,0,41,10,51
523.0,2016-10-31 02:21:00,0,0,0,41,10,51
523.0,2016-10-31 02:24:00,0,0,0,41,10,51
523.0,2016-10-31 02:27:00,0,0,0,41,10,51
523.0,2016-10-31 02:30:00,1,0,-1,40,11,51
523.0,2016-10-31 02:33:00,0,0,0,40,11,51
523.0,2016-10-31 02:36:00,0,0,0,40,11,51
523.0,2016-10-31 02:39:00,0,0,0,40,11,51
523.0,2016-10-31 02:42:00,0,0,0,40,11,51
523.0,2016-10-31 02:45:00,0,0,0,40,11,51
523.0,2016-10-31 02:48:00,0,0,0,40,11,51
523.0,2016-10-31 02:51:00,0,0,0,40,11,51
523.0,2016-10-31 02:54:00,0,0,0,40,11,51
523.0,2016-10-31 02:57:00,0,0,0,40,11,51
523.0,2016-10-31 03:00:00,0,0,0,40,11,51
523.0,2016-10-31 03:03:00,0,0,0,40,11,51
523.0,2016-10-31 03:06:00,0,0,0,40,11,51
523.0,2016-10-31 03:09:00,0,0,0,40,11,51
523.0,2016-10-31 03:12:00,0,0,0,40,11,51
523.0,2016-10-31 03:15:00,0,0,0,40,11,51
523.0,2016-10-31 03:18:00,0,0,0,40,11,51
523.0,2016-10-31 03:21:00,0,0,0,40,11,51
523.0,2016-10-31 03:24:00,0,0,0,40,11,51
523.0,2016-10-31 03:27:00,0,0,0,40,11,51
523.0,2016-10-31 03:30:00,0,0,0,40,11,51
523.0,2016-10-31 03:33:00,0,0,0,40,11,51
523.0,2016-10-31 03:36:00,0,0,0,40,11,51
523.0,2016-10-31 03:39:00,0,0,0,40,11,51
523.0,2016-10-31 03:42:00,0,0,0,40,11,51
523.0,2016-10-31 03:45:00,0,0,0,40,11,51
523.0,2016-10-31 03:48:00,0,0,0,40,11,51
523.0,2016-10-31 03:51:00,0,0,0,40,11,51
523.0,2016-10-31 03:54:00,0,0,0,40,11,51
523.0,2016-10-31 03:57:00,0,0,0,40,11,51
523.0,2016-10-31 04:00:00,0,0,0,40,11,51
523.0,2016-10-31 04:03:00,0,0,0,40,11,51
523.0,2016-10-31 04:06:00,0,0,0,40,11,51
523.0,2016-10-31 04:09:00,0,0,0,40,11,51
523.0,2016-10-31 04:12:00,0,0,0,40,11,51
523.0,2016-10-31 04:15:00,0,0,0,40,11,51
523.0,2016-10-31 04:18:00,0,0,0,40,11,51
523.0,2016-10-31 04:21:00,0,0,0,40,11,51
523.0,2016-10-31 04:24:00,0,0,0,40,11,51
523.0,2016-10-31 04:27:00,0,0,0,40,11,51
523.0,2016-10-31 04:30:00,0,0,0,40,11,51
523.0,2016-10-31 04:33:00,0,0,0,40,11,51
523.0,2016-10-31 04:36:00,0,0,0,40,11,51
523.0,2016-10-31 04:39:00,0,0,0,40,11,51
523.0,2016-10-31 04:42:00,0,0,0,40,11,51
523.0,2016-10-31 04:45:00,0,0,0,40,11,51
523.0,2016-10-31 04:48:00,0,0,0,40,11,51
523.0,2016-10-31 04:51:00,0,0,0,40,11,51
523.0,2016-10-31 04:54:00,0,0,0,40,11,51
523.0,2016-10-31 04:57:00,0,1,1,41,10,51
523.0,2016-10-31 05:00:00,0,0,0,41,10,51
523.0,2016-10-31 05:03:00,0,0,0,41,10,51
523.0,2016-10-31 05:06:00,0,0,0,41,10,51
523.0,2016-10-31 05:09:00,0,0,0,41,10,51
523.0,2016-10-31 05:12:00,0,0,0,41,10,51
523.0,2016-10-31 05:15:00,0,0,0,41,10,51
523.0,2016-10-31 05:18:00,0,0,0,41,10,51
523.0,2016-10-31 05:21:00,0,0,0,41,10,51
523.0,2016-10-31 05:24:00,0,0,0,41,10,51
523.0,2016-10-31 05:27:00,0,0,0,41,10,51
523.0,2016-10-31 05:30:00,0,0,0,41,10,51
523.0,2016-10-31 05:33:00,0,0,0,41,10,51
523.0,2016-10-31 05:36:00,0,0,0,41,10,51
523.0,2016-10-31 05:39:00,0,0,0,41,10,51
523.0,2016-10-31 05:42:00,0,0,0,41,10,51
523.0,2016-10-31 05:45:00,0,0,0,41,10,51
523.0,2016-10-31 05:48:00,1,0,-1,40,11,51
523.0,2016-10-31 05:51:00,0,0,0,40,11,51
523.0,2016-10-31 05:54:00,1,0,-1,39,12,51
523.0,2016-10-31 05:57:00,0,0,0,39,12,51
523.0,2016-10-31 06:00:00,0,0,0,39,12,51
523.0,2016-10-31 06:03:00,0,0,0,39,12,51
523.0,2016-10-31 06:06:00,0,0,0,39,12,51
523.0,2016-10-31 06:09:00,1,0,-1,38,13,51
523.0,2016-10-31 06:12:00,0,0,0,38,13,51
523.0,2016-10-31 06:15:00,0,0,0,38,13,51
523.0,2016-10-31 06:18:00,4,0,-4,34,17,51
523.0,2016-10-31 06:21:00,1,0,-1,33,18,51
523.0,2016-10-31 06:24:00,1,0,-1,32,19,51
523.0,2016-10-31 06:27:00,1,0,-1,31,20,51
523.0,2016-10-31 06:30:00,2,0,-2,29,22,51
523.0,2016-10-31 06:33:00,1,0,-1,28,23,51
523.0,2016-10-31 06:36:00,1,1,0,28,23,51
523.0,2016-10-31 06:39:00,1,0,-1,27,24,51
523.0,2016-10-31 06:42:00,2,0,-2,25,26,51
523.0,2016-10-31 06:45:00,1,0,-1,24,27,51
523.0,2016-10-31 06:48:00,3,0,-3,21,30,51
523.0,2016-10-31 06:51:00,3,0,-3,18,33,51
523.0,2016-10-31 06:54:00,0,0,0,18,33,51
523.0,2016-10-31 06:57:00,0,0,0,18,33,51
523.0,2016-10-31 07:00:00,1,0,-1,17,34,51
523.0,2016-10-31 07:03:00,1,0,-1,16,35,51
523.0,2016-10-31 07:06:00,2,0,-2,14,37,51
523.0,2016-10-31 07:09:00,0,1,1,15,36,51
523.0,2016-10-31 07:12:00,1,0,-1,14,37,51
523.0,2016-10-31 07:15:00,0,0,0,14,37,51
523.0,2016-10-31 07:18:00,0,0,0,14,37,51
523.0,2016-10-31 07:21:00,0,1,1,15,36,51
523.0,2016-10-31 07:24:00,1,0,-1,14,37,51
523.0,2016-10-31 07:27:00,2,1,-1,13,38,51
523.0,2016-10-31 07:30:00,0,0,0,13,38,51
523.0,2016-10-31 07:33:00,0,0,0,13,38,51
523.0,2016-10-31 07:36:00,0,0,0,13,38,51
523.0,2016-10-31 07:39:00,1,2,1,14,37,51
523.0,2016-10-31 07:42:00,0,1,1,15,36,51
523.0,2016-10-31 07:45:00,0,0,0,15,36,51
523.0,2016-10-31 07:48:00,1,0,-1,14,37,51
523.0,2016-10-31 07:51:00,0,0,0,14,37,51
523.0,2016-10-31 07:54:00,1,0,-1,13,38,51
523.0,2016-10-31 07:57:00,0,0,0,13,38,51
523.0,2016-10-31 08:00:00,0,0,0,13,38,51
523.0,2016-10-31 08:03:00,0,2,2,15,36,51
523.0,2016-10-31 08:06:00,1,0,-1,14,37,51
523.0,2016-10-31 08:09:00,0,2,2,16,35,51
523.0,2016-10-31 08:12:00,3,1,-2,14,37,51
523.0,2016-10-31 08:15:00,1,0,-1,13,38,51
523.0,2016-10-31 08:18:00,0,0,0,13,38,51
523.0,2016-10-31 08:21:00,2,4,2,15,36,51
523.0,2016-10-31 08:24:00,2,0,-2,13,38,51
523.0,2016-10-31 08:27:00,0,0,0,13,38,51
523.0,2016-10-31 08:30:00,0,0,0,13,38,51
523.0,2016-10-31 08:33:00,1,1,0,13,38,51
523.0,2016-10-31 08:36:00,1,1,0,13,38,51
523.0,2016-10-31 08:39:00,1,2,1,14,37,51
523.0,2016-10-31 08:42:00,1,0,-1,13,38,51
523.0,2016-10-31 08:45:00,0,1,1,14,37,51
523.0,2016-10-31 08:48:00,2,5,3,17,34,51
523.0,2016-10-31 08:51:00,0,1,1,18,33,51
523.0,2016-10-31 08:54:00,0,1,1,19,32,51
523.0,2016-10-31 08:57:00,2,2,0,19,32,51
523.0,2016-10-31 09:00:00,5,3,-2,17,34,51
523.0,2016-10-31 09:03:00,2,6,4,21,30,51
523.0,2016-10-31 09:06:00,4,4,0,21,30,51
523.0,2016-10-31 09:09:00,3,4,1,22,29,51
523.0,2016-10-31 09:12:00,1,3,2,24,27,51
523.0,2016-10-31 09:15:00,1,1,0,24,27,51
523.0,2016-10-31 09:18:00,5,2,-3,21,30,51
523.0,2016-10-31 09:21:00,3,1,-2,19,32,51
523.0,2016-10-31 09:24:00,1,3,2,21,30,51
523.0,2016-10-31 09:27:00,8,1,-7,14,37,51
523.0,2016-10-31 09:30:00,1,0,-1,13,38,51
523.0,2016-10-31 09:33:00,0,0,0,13,38,51
523.0,2016-10-31 09:36:00,1,1,0,13,38,51
523.0,2016-10-31 09:39:00,0,3,3,16,35,51
523.0,2016-10-31 09:42:00,3,2,-1,15,36,51
523.0,2016-10-31 09:45:00,3,1,-2,13,38,51
523.0,2016-10-31 09:48:00,1,1,0,13,38,51
523.0,2016-10-31 09:51:00,0,1,1,14,37,51
523.0,2016-10-31 09:54:00,3,2,-1,13,38,51
523.0,2016-10-31 09:57:00,0,1,1,14,37,51
523.0,2016-10-31 10:00:00,1,0,-1,13,38,51
523.0,2016-10-31 10:03:00,0,0,0,13,38,51
523.0,2016-10-31 10:06:00,0,0,0,13,38,51
523.0,2016-10-31 10:09:00,0,0,0,13,38,51
523.0,2016-10-31 10:12:00,1,1,0,13,38,51
523.0,2016-10-31 10:15:00,1,1,0,13,38,51
523.0,2016-10-31 10:18:00,0,0,0,13,38,51
523.0,2016-10-31 10:21:00,0,1,1,14,37,51
523.0,2016-10-31 10:24:00,0,1,1,15,36,51
523.0,2016-10-31 10:27:00,0,0,0,15,36,51
523.0,2016-10-31 10:30:00,0,2,2,17,34,51
523.0,2016-10-31 10:33:00,0,1,1,18,33,51
523.0,2016-10-31 10:36:00,0,1,1,19,32,51
523.0,2016-10-31 10:39:00,2,0,-2,17,34,51
523.0,2016-10-31 10:42:00,0,0,0,17,34,51
523.0,2016-10-31 10:45:00,0,0,0,17,34,51
523.0,2016-10-31 10:48:00,2,1,-1,16,35,51
523.0,2016-10-31 10:51:00,0,1,1,17,34,51
523.0,2016-10-31 10:54:00,1,0,-1,16,35,51
523.0,2016-10-31 10:57:00,0,1,1,17,34,51
523.0,2016-10-31 11:00:00,0,1,1,18,33,51
523.0,2016-10-31 11:03:00,1,0,-1,17,34,51
523.0,2016-10-31 11:06:00,3,1,-2,15,36,51
523.0,2016-10-31 11:09:00,0,0,0,15,36,51
523.0,2016-10-31 11:12:00,2,0,-2,13,38,51
523.0,2016-10-31 11:15:00,0,2,2,15,36,51
523.0,2016-10-31 11:18:00,0,1,1,16,35,51
523.0,2016-10-31 11:21:00,0,0,0,16,35,51
523.0,2016-10-31 11:24:00,1,1,0,16,35,51
523.0,2016-10-31 11:27:00,1,0,-1,15,36,51
523.0,2016-10-31 11:30:00,0,0,0,15,36,51
523.0,2016-10-31 11:33:00,0,0,0,15,36,51
523.0,2016-10-31 11:36:00,0,1,1,16,35,51
523.0,2016-10-31 11:39:00,2,0,-2,14,37,51
523.0,2016-10-31 11:42:00,2,0,-2,12,39,51
523.0,2016-10-31 11:45:00,0,0,0,12,39,51
523.0,2016-10-31 11:48:00,0,1,1,13,38,51
523.0,2016-10-31 11:51:00,0,1,1,14,37,51
523.0,2016-10-31 11:54:00,0,0,0,14,37,51
523.0,2016-10-31 11:57:00,0,1,1,15,36,51
523.0,2016-10-31 12:00:00,1,1,0,15,36,51
523.0,2016-10-31 12:03:00,0,1,1,16,35,51
523.0,2016-10-31 12:06:00,0,0,0,16,35,51
523.0,2016-10-31 12:09:00,0,0,0,16,35,51
523.0,2016-10-31 12:12:00,0,0,0,16,35,51
523.0,2016-10-31 12:15:00,0,3,3,19,32,51
523.0,2016-10-31 12:18:00,2,0,-2,17,34,51
523.0,2016-10-31 12:21:00,1,0,-1,16,35,51
523.0,2016-10-31 12:24:00,1,1,0,16,35,51
523.0,2016-10-31 12:27:00,1,0,-1,15,36,51
523.0,2016-10-31 12:30:00,1,0,-1,14,37,51
523.0,2016-10-31 12:33:00,1,1,0,14,37,51
523.0,2016-10-31 12:36:00,1,0,-1,13,38,51
523.0,2016-10-31 12:39:00,1,0,-1,12,39,51
523.0,2016-10-31 12:42:00,0,0,0,12,39,51
523.0,2016-10-31 12:45:00,0,0,0,12,39,51
523.0,2016-10-31 12:48:00,0,0,0,12,39,51
523.0,2016-10-31 12:51:00,0,0,0,12,39,51
523.0,2016-10-31 12:54:00,0,3,3,15,36,51
523.0,2016-10-31 12:57:00,1,0,-1,14,37,51
523.0,2016-10-31 13:00:00,0,0,0,14,37,51
523.0,2016-10-31 13:03:00,1,0,-1,13,38,51
523.0,2016-10-31 13:06:00,0,0,0,13,38,51
523.0,2016-10-31 13:09:00,0,1,1,14,37,51
523.0,2016-10-31 13:12:00,2,0,-2,12,39,51
523.0,2016-10-31 13:15:00,1,2,1,13,38,51
523.0,2016-10-31 13:18:00,1,0,-1,12,39,51
523.0,2016-10-31 13:21:00,0,0,0,12,39,51
523.0,2016-10-31 13:24:00,0,0,0,12,39,51
523.0,2016-10-31 13:27:00,0,0,0,12,39,51
523.0,2016-10-31 13:30:00,0,0,0,12,39,51
523.0,2016-10-31 13:33:00,0,0,0,12,39,51
523.0,2016-10-31 13:36:00,0,1,1,13,38,51
523.0,2016-10-31 13:39:00,0,0,0,13,38,51
523.0,2016-10-31 13:42:00,1,0,-1,12,39,51
523.0,2016-10-31 13:45:00,1,2,1,13,38,51
523.0,2016-10-31 13:48:00,0,1,1,14,37,51
523.0,2016-10-31 13:51:00,0,0,0,14,37,51
523.0,2016-10-31 13:54:00,0,0,0,14,37,51
523.0,2016-10-31 13:57:00,1,0,-1,13,38,51
523.0,2016-10-31 14:00:00,0,1,1,14,37,51
523.0,2016-10-31 14:03:00,0,1,1,15,36,51
523.0,2016-10-31 14:06:00,0,0,0,15,36,51
523.0,2016-10-31 14:09:00,0,1,1,16,35,51
523.0,2016-10-31 14:12:00,0,1,1,17,34,51
523.0,2016-10-31 14:15:00,0,0,0,17,34,51
523.0,2016-10-31 14:18:00,0,2,2,19,32,51
523.0,2016-10-31 14:21:00,1,1,0,19,32,51
523.0,2016-10-31 14:24:00,0,1,1,20,31,51
523.0,2016-10-31 14:27:00,1,1,0,20,31,51
523.0,2016-10-31 14:30:00,0,1,1,21,30,51
523.0,2016-10-31 14:33:00,3,0,-3,18,33,51
523.0,2016-10-31 14:36:00,1,0,-1,17,34,51
523.0,2016-10-31 14:39:00,1,0,-1,16,35,51
523.0,2016-10-31 14:42:00,2,1,-1,15,36,51
523.0,2016-10-31 14:45:00,1,0,-1,14,37,51
523.0,2016-10-31 14:48:00,1,2,1,15,36,51
523.0,2016-10-31 14:51:00,0,0,0,3,48,51
523.0,2016-10-31 14:54:00,3,1,-2,1,50,51
523.0,2016-10-31 14:57:00,0,1,1,2,49,51
523.0,2016-10-31 15:00:00,0,0,0,2,49,51
523.0,2016-10-31 15:03:00,0,0,0,2,49,51
523.0,2016-10-31 15:06:00,1,0,-1,1,50,51
523.0,2016-10-31 15:09:00,0,1,1,2,49,51
523.0,2016-10-31 15:12:00,0,2,2,4,47,51
523.0,2016-10-31 15:15:00,0,1,1,5,46,51
523.0,2016-10-31 15:18:00,0,1,1,6,45,51
523.0,2016-10-31 15:21:00,0,1,1,7,44,51
523.0,2016-10-31 15:24:00,2,0,-2,5,46,51
523.0,2016-10-31 15:27:00,0,0,0,5,46,51
523.0,2016-10-31 15:30:00,0,0,0,5,46,51
523.0,2016-10-31 15:33:00,0,0,0,5,46,51
523.0,2016-10-31 15:36:00,0,1,1,6,45,51
523.0,2016-10-31 15:39:00,0,0,0,6,45,51
523.0,2016-10-31 15:42:00,1,0,-1,5,46,51
523.0,2016-10-31 15:45:00,0,0,0,5,46,51
523.0,2016-10-31 15:48:00,0,0,0,5,46,51
523.0,2016-10-31 15:51:00,0,1,1,6,45,51
523.0,2016-10-31 15:54:00,1,1,0,6,45,51
523.0,2016-10-31 15:57:00,1,7,6,12,39,51
523.0,2016-10-31 16:00:00,1,2,1,13,38,51
523.0,2016-10-31 16:03:00,2,2,0,13,38,51
523.0,2016-10-31 16:06:00,1,1,0,13,38,51
523.0,2016-10-31 16:09:00,1,0,-1,12,39,51
523.0,2016-10-31 16:12:00,0,2,2,14,37,51
523.0,2016-10-31 16:15:00,2,2,0,14,37,51
523.0,2016-10-31 16:18:00,0,3,3,17,34,51
523.0,2016-10-31 16:21:00,0,1,1,18,33,51
523.0,2016-10-31 16:24:00,0,3,3,21,30,51
523.0,2016-10-31 16:27:00,0,4,4,25,26,51
523.0,2016-10-31 16:30:00,0,3,3,28,23,51
523.0,2016-10-31 16:33:00,1,3,2,30,21,51
523.0,2016-10-31 16:36:00,1,2,1,31,20,51
523.0,2016-10-31 16:39:00,2,3,1,31,20,51
523.0,2016-10-31 16:42:00,1,4,3,34,17,51
523.0,2016-10-31 16:45:00,0,5,5,39,12,51
523.0,2016-10-31 16:48:00,3,2,-1,38,13,51
523.0,2016-10-31 16:51:00,2,0,-2,36,15,51
523.0,2016-10-31 16:54:00,0,0,0,36,15,51
523.0,2016-10-31 16:57:00,2,1,-1,35,16,51
523.0,2016-10-31 17:00:00,0,0,0,35,16,51
523.0,2016-10-31 17:03:00,1,1,0,35,16,51
523.0,2016-10-31 17:06:00,3,4,1,36,15,51
523.0,2016-10-31 17:09:00,1,3,2,38,13,51
523.0,2016-10-31 17:12:00,5,3,-2,36,15,51
523.0,2016-10-31 17:15:00,1,2,1,39,12,51
523.0,2016-10-31 17:18:00,0,3,3,42,9,51
523.0,2016-10-31 17:21:00,1,7,6,48,3,51
523.0,2016-10-31 17:24:00,1,3,2,50,1,51
523.0,2016-10-31 17:27:00,2,2,0,50,1,51
523.0,2016-10-31 17:30:00,2,2,0,50,1,51
523.0,2016-10-31 17:33:00,2,2,0,50,1,51
523.0,2016-10-31 17:36:00,2,2,0,50,1,51
523.0,2016-10-31 17:39:00,1,1,0,50,1,51
523.0,2016-10-31 17:42:00,0,0,0,50,1,51
523.0,2016-10-31 17:45:00,2,2,0,50,1,51
523.0,2016-10-31 17:48:00,3,1,-2,48,3,51
523.0,2016-10-31 17:51:00,3,2,-1,47,4,51
523.0,2016-10-31 17:54:00,2,2,0,47,4,51
523.0,2016-10-31 17:57:00,3,4,1,48,3,51
523.0,2016-10-31 18:00:00,3,0,-3,45,6,51
523.0,2016-10-31 18:03:00,2,3,1,46,5,51
523.0,2016-10-31 18:06:00,4,1,-3,43,8,51
523.0,2016-10-31 18:09:00,3,2,-1,42,9,51
523.0,2016-10-31 18:12:00,2,1,-1,41,10,51
523.0,2016-10-31 18:15:00,3,3,0,41,10,51
523.0,2016-10-31 18:18:00,3,2,-1,40,11,51
523.0,2016-10-31 18:21:00,2,1,-1,39,12,51
523.0,2016-10-31 18:24:00,2,3,1,40,11,51
523.0,2016-10-31 18:27:00,5,3,-2,37,14,51
523.0,2016-10-31 18:30:00,2,2,0,37,14,51
523.0,2016-10-31 18:33:00,2,2,0,37,14,51
523.0,2016-10-31 18:36:00,2,0,-2,35,16,51
523.0,2016-10-31 18:39:00,3,0,-3,32,19,51
523.0,2016-10-31 18:42:00,1,1,0,32,19,51
523.0,2016-10-31 18:45:00,0,4,4,36,15,51
523.0,2016-10-31 18:48:00,0,2,2,38,13,51
523.0,2016-10-31 18:51:00,1,2,1,39,12,51
523.0,2016-10-31 18:54:00,2,2,0,39,12,51
523.0,2016-10-31 18:57:00,0,0,0,39,12,51
523.0,2016-10-31 19:00:00,0,0,0,39,12,51
523.0,2016-10-31 19:03:00,1,2,1,40,11,51
523.0,2016-10-31 19:04:00,0,1,1,39,12,51
523.0,2016-10-31 19:07:00,1,0,-1,38,13,51
523.0,2016-10-31 19:10:00,3,0,-3,35,16,51
523.0,2016-10-31 19:13:00,1,3,2,37,14,51
523.0,2016-10-31 19:16:00,3,1,-2,35,16,51
523.0,2016-10-31 19:19:00,1,1,0,35,16,51
523.0,2016-10-31 19:22:00,1,1,0,35,16,51
523.0,2016-10-31 19:25:00,1,1,0,35,16,51
523.0,2016-10-31 19:28:00,1,1,0,35,16,51
523.0,2016-10-31 19:31:00,0,0,0,35,16,51
523.0,2016-10-31 19:34:00,1,2,1,36,15,51
523.0,2016-10-31 19:37:00,3,1,-2,34,17,51
