target_station_id,nearby_station_id_1,nearby_station_id_2,date,hour,period,pickup,dropoff,"is_empty_(0, 0, 0)","is_empty_(0, 0, 1)","is_empty_(0, 1, 0)","is_empty_(0, 1, 1)","is_empty_(1, 0, 0)","is_empty_(1, 0, 1)","is_empty_(1, 1, 0)","is_empty_(1, 1, 1)","is_full_(0, 0, 0)","is_full_(0, 0, 1)","is_full_(0, 1, 0)","is_full_(0, 1, 1)","is_full_(1, 0, 0)","is_full_(1, 0, 1)","is_full_(1, 1, 0)","is_full_(1, 1, 1)",temperature,humidity,visibility,windspeed,condition,weekday
385,441,3223,2017-01-01,1,1,0,0,9,0,0,0,0,0,0,0,9,0,0,0,0,0,0,0,44.1,49.0,10.0,4.6,1.0,6
385,441,3223,2017-01-01,1,2,0,0,30,0,0,0,0,0,0,0,30,0,0,0,0,0,0,0,44.1,49.0,10.0,4.6,1.0,6
385,441,3223,2017-01-01,2,1,1,0,30,0,0,0,0,0,0,0,30,0,0,0,0,0,0,0,45.0,46.0,10.0,3.5,1.0,6
385,441,3223,2017-01-01,2,2,0,0,30,0,0,0,0,0,0,0,30,0,0,0,0,0,0,0,45.0,46.0,10.0,3.5,1.0,6
385,441,3223,2017-01-01,3,1,0,0,30,0,0,0,0,0,0,0,30,0,0,0,0,0,0,0,44.1,47.0,10.0,10.4,1.0,6
385,441,3223,2017-01-01,3,2,0,0,30,0,0,0,0,0,0,0,30,0,0,0,0,0,0,0,44.1,47.0,10.0,10.4,1.0,6
385,441,3223,2017-01-01,4,1,0,0,30,0,0,0,0,0,0,0,30,0,0,0,0,0,0,0,45.0,44.0,10.0,6.9,1.0,6
385,441,3223,2017-01-01,4,2,0,0,30,0,0,0,0,0,0,0,30,0,0,0,0,0,0,0,45.0,44.0,10.0,6.9,1.0,6
385,441,3223,2017-01-01,5,1,0,0,30,0,0,0,0,0,0,0,30,0,0,0,0,0,0,0,44.1,47.0,10.0,3.5,1.0,6
385,441,3223,2017-01-01,5,2,0,0,30,0,0,0,0,0,0,0,30,0,0,0,0,0,0,0,44.1,47.0,10.0,3.5,1.0,6
385,441,3223,2017-01-01,6,1,0,0,30,0,0,0,0,0,0,0,30,0,0,0,0,0,0,0,44.1,47.0,10.0,3.5,1.0,6
385,441,3223,2017-01-01,6,2,1,0,30,0,0,0,0,0,0,0,30,0,0,0,0,0,0,0,44.1,47.0,10.0,3.5,1.0,6
385,441,3223,2017-01-01,7,1,0,0,30,0,0,0,0,0,0,0,30,0,0,0,0,0,0,0,44.1,49.0,10.0,8.099999999999998,1.0,6
385,441,3223,2017-01-01,7,2,0,0,30,0,0,0,0,0,0,0,30,0,0,0,0,0,0,0,44.1,49.0,10.0,8.099999999999998,1.0,6
385,441,3223,2017-01-01,8,1,0,0,30,0,0,0,0,0,0,0,30,0,0,0,0,0,0,0,44.1,49.0,10.0,5.8,1.0,6
385,441,3223,2017-01-01,8,2,1,0,30,0,0,0,0,0,0,0,30,0,0,0,0,0,0,0,44.1,49.0,10.0,5.8,1.0,6
385,441,3223,2017-01-01,9,1,0,0,30,0,0,0,0,0,0,0,30,0,0,0,0,0,0,0,46.0,50.0,10.0,9.2,1.0,6
385,441,3223,2017-01-01,9,2,0,1,30,0,0,0,0,0,0,0,30,0,0,0,0,0,0,0,46.0,50.0,10.0,9.2,1.0,6
385,441,3223,2017-01-01,10,1,0,0,30,0,0,0,0,0,0,0,30,0,0,0,0,0,0,0,45.0,42.0,10.0,11.5,1.0,6
385,441,3223,2017-01-01,10,2,0,0,30,0,0,0,0,0,0,0,30,0,0,0,0,0,0,0,45.0,42.0,10.0,11.5,1.0,6
385,441,3223,2017-01-01,11,1,4,2,30,0,0,0,0,0,0,0,30,0,0,0,0,0,0,0,46.0,40.0,10.0,3.5,1.0,6
385,441,3223,2017-01-01,11,2,1,0,30,0,0,0,0,0,0,0,30,0,0,0,0,0,0,0,46.0,40.0,10.0,3.5,1.0,6
385,441,3223,2017-01-01,12,1,2,0,25,0,0,0,5,0,0,0,30,0,0,0,0,0,0,0,46.9,37.0,10.0,3.5,1.0,6
385,441,3223,2017-01-01,12,2,0,0,30,0,0,0,0,0,0,0,30,0,0,0,0,0,0,0,46.9,37.0,10.0,3.5,1.0,6
385,441,3223,2017-01-01,13,1,0,0,0,0,0,0,30,0,0,0,30,0,0,0,0,0,0,0,46.9,34.0,10.0,4.6,1.0,6
385,441,3223,2017-01-01,13,2,0,0,0,0,0,0,30,0,0,0,30,0,0,0,0,0,0,0,46.9,34.0,10.0,4.6,1.0,6
385,441,3223,2017-01-01,14,1,2,3,16,0,0,0,14,0,0,0,30,0,0,0,0,0,0,0,46.9,32.0,10.0,4.6,1.0,6
385,441,3223,2017-01-01,14,2,1,0,5,0,0,0,25,0,0,0,30,0,0,0,0,0,0,0,46.9,32.0,10.0,4.6,1.0,6
385,441,3223,2017-01-01,15,1,3,4,8,0,0,0,22,0,0,0,30,0,0,0,0,0,0,0,46.9,32.0,10.0,5.8,1.0,6
385,441,3223,2017-01-01,15,2,0,1,30,0,0,0,0,0,0,0,30,0,0,0,0,0,0,0,46.9,32.0,10.0,5.8,1.0,6
385,441,3223,2017-01-01,16,1,3,1,21,0,0,0,9,0,0,0,30,0,0,0,0,0,0,0,46.0,31.0,10.0,3.5,1.0,6
385,441,3223,2017-01-01,16,2,0,1,17,0,0,0,13,0,0,0,30,0,0,0,0,0,0,0,46.0,31.0,10.0,3.5,1.0,6
385,441,3223,2017-01-01,17,1,1,3,30,0,0,0,0,0,0,0,30,0,0,0,0,0,0,0,45.0,31.0,10.0,3.5,1.0,6
385,441,3223,2017-01-01,17,2,0,2,30,0,0,0,0,0,0,0,30,0,0,0,0,0,0,0,45.0,31.0,10.0,3.5,1.0,6
385,441,3223,2017-01-01,18,1,0,0,30,0,0,0,0,0,0,0,30,0,0,0,0,0,0,0,43.0,38.0,10.0,3.5,1.0,6
385,441,3223,2017-01-01,18,2,0,1,30,0,0,0,0,0,0,0,30,0,0,0,0,0,0,0,43.0,38.0,10.0,3.5,1.0,6
385,441,3223,2017-01-01,19,1,0,2,30,0,0,0,0,0,0,0,30,0,0,0,0,0,0,0,41.0,43.0,10.0,4.6,1.0,6
385,441,3223,2017-01-01,19,2,2,0,30,0,0,0,0,0,0,0,30,0,0,0,0,0,0,0,41.0,43.0,10.0,4.6,1.0,6
385,441,3223,2017-01-01,20,1,1,0,30,0,0,0,0,0,0,0,30,0,0,0,0,0,0,0,42.1,38.0,10.0,5.8,1.0,6
385,441,3223,2017-01-01,20,2,0,1,30,0,0,0,0,0,0,0,30,0,0,0,0,0,0,0,42.1,38.0,10.0,5.8,1.0,6
385,441,3223,2017-01-01,21,1,0,2,30,0,0,0,0,0,0,0,30,0,0,0,0,0,0,0,42.1,38.0,10.0,4.6,1.0,6
385,441,3223,2017-01-01,21,2,1,1,30,0,0,0,0,0,0,0,30,0,0,0,0,0,0,0,42.1,38.0,10.0,4.6,1.0,6
385,441,3223,2017-01-01,22,1,2,2,30,0,0,0,0,0,0,0,30,0,0,0,0,0,0,0,41.0,41.0,10.0,4.6,1.0,6
385,441,3223,2017-01-01,22,2,2,0,30,0,0,0,0,0,0,0,30,0,0,0,0,0,0,0,41.0,41.0,10.0,4.6,1.0,6
385,441,3223,2017-01-01,23,1,0,1,30,0,0,0,0,0,0,0,30,0,0,0,0,0,0,0,41.0,43.0,10.0,8.099999999999998,1.0,6
385,441,3223,2017-01-01,23,2,0,1,30,0,0,0,0,0,0,0,30,0,0,0,0,0,0,0,41.0,43.0,10.0,8.099999999999998,1.0,6
385,441,3223,2017-01-02,0,1,0,0,25,0,0,0,5,0,0,0,30,0,0,0,0,0,0,0,39.9,51.0,10.0,8.099999999999998,1.0,0
385,441,3223,2017-01-02,0,2,0,0,0,0,0,0,30,0,0,0,30,0,0,0,0,0,0,0,39.9,51.0,10.0,8.099999999999998,1.0,0
385,441,3223,2017-01-02,1,1,0,0,4,0,0,0,26,0,0,0,30,0,0,0,0,0,0,0,37.9,68.0,10.0,9.2,1.0,0
385,441,3223,2017-01-02,1,2,0,0,30,0,0,0,0,0,0,0,30,0,0,0,0,0,0,0,37.9,68.0,10.0,9.2,1.0,0
385,441,3223,2017-01-02,2,1,0,0,30,0,0,0,0,0,0,0,30,0,0,0,0,0,0,0,37.9,65.0,10.0,5.8,1.0,0
385,441,3223,2017-01-02,2,2,0,0,30,0,0,0,0,0,0,0,30,0,0,0,0,0,0,0,37.9,65.0,10.0,5.8,1.0,0
385,441,3223,2017-01-02,3,1,0,0,30,0,0,0,0,0,0,0,30,0,0,0,0,0,0,0,39.0,55.0,10.0,6.9,1.0,0
385,441,3223,2017-01-02,3,2,0,0,30,0,0,0,0,0,0,0,30,0,0,0,0,0,0,0,39.0,55.0,10.0,6.9,1.0,0
385,441,3223,2017-01-02,4,1,0,0,30,0,0,0,0,0,0,0,30,0,0,0,0,0,0,0,37.9,60.0,10.0,6.9,1.0,0
385,441,3223,2017-01-02,4,2,0,0,30,0,0,0,0,0,0,0,30,0,0,0,0,0,0,0,37.9,60.0,10.0,6.9,1.0,0
385,441,3223,2017-01-02,5,1,0,0,30,0,0,0,0,0,0,0,30,0,0,0,0,0,0,0,37.9,57.0,10.0,6.9,1.0,0
385,441,3223,2017-01-02,5,2,0,0,30,0,0,0,0,0,0,0,30,0,0,0,0,0,0,0,37.9,57.0,10.0,6.9,1.0,0
385,441,3223,2017-01-02,6,1,1,0,30,0,0,0,0,0,0,0,30,0,0,0,0,0,0,0,39.0,55.0,10.0,6.9,1.0,0
385,441,3223,2017-01-02,6,2,1,0,30,0,0,0,0,0,0,0,30,0,0,0,0,0,0,0,39.0,55.0,10.0,6.9,1.0,0
385,441,3223,2017-01-02,7,1,0,0,30,0,0,0,0,0,0,0,30,0,0,0,0,0,0,0,37.0,76.0,10.0,6.9,1.0,0
385,441,3223,2017-01-02,7,2,0,0,30,0,0,0,0,0,0,0,30,0,0,0,0,0,0,0,37.0,76.0,10.0,6.9,1.0,0
385,441,3223,2017-01-02,8,1,0,0,30,0,0,0,0,0,0,0,30,0,0,0,0,0,0,0,37.0,86.0,7.0,4.6,1.0,0
385,441,3223,2017-01-02,8,2,1,3,30,0,0,0,0,0,0,0,30,0,0,0,0,0,0,0,37.0,86.0,7.0,4.6,1.0,0
385,441,3223,2017-01-02,9,1,0,1,30,0,0,0,0,0,0,0,30,0,0,0,0,0,0,0,39.0,82.0,10.0,9.2,1.0,0
385,441,3223,2017-01-02,9,2,0,0,30,0,0,0,0,0,0,0,30,0,0,0,0,0,0,0,39.0,82.0,10.0,9.2,1.0,0
385,441,3223,2017-01-02,10,1,0,1,30,0,0,0,0,0,0,0,30,0,0,0,0,0,0,0,39.9,79.0,10.0,8.099999999999998,1.0,0
385,441,3223,2017-01-02,10,2,2,3,30,0,0,0,0,0,0,0,30,0,0,0,0,0,0,0,39.9,79.0,10.0,8.099999999999998,1.0,0
385,441,3223,2017-01-02,11,1,1,1,30,0,0,0,0,0,0,0,30,0,0,0,0,0,0,0,39.0,82.0,10.0,9.2,1.0,0
385,441,3223,2017-01-02,11,2,6,1,30,0,0,0,0,0,0,0,30,0,0,0,0,0,0,0,39.0,82.0,10.0,9.2,1.0,0
385,441,3223,2017-01-02,12,1,0,0,30,0,0,0,0,0,0,0,30,0,0,0,0,0,0,0,39.0,89.0,7.0,10.4,1.0,0
385,441,3223,2017-01-02,12,2,2,1,30,0,0,0,0,0,0,0,30,0,0,0,0,0,0,0,39.0,89.0,7.0,10.4,1.0,0
385,441,3223,2017-01-02,13,1,2,0,30,0,0,0,0,0,0,0,30,0,0,0,0,0,0,0,39.0,89.0,5.0,9.2,1.0,0
385,441,3223,2017-01-02,13,2,1,0,30,0,0,0,0,0,0,0,30,0,0,0,0,0,0,0,39.0,89.0,5.0,9.2,1.0,0
385,441,3223,2017-01-02,14,1,0,0,30,0,0,0,0,0,0,0,30,0,0,0,0,0,0,0,39.06666666666667,93.0,5.0,10.766666666666666,3.0,0
385,441,3223,2017-01-02,14,2,0,0,30,0,0,0,0,0,0,0,30,0,0,0,0,0,0,0,39.06666666666667,93.0,5.0,10.766666666666666,3.0,0
385,441,3223,2017-01-02,15,1,1,1,30,0,0,0,0,0,0,0,30,0,0,0,0,0,0,0,39.3,91.66666666666669,7.0,9.23333333333333,2.0,0
385,441,3223,2017-01-02,15,2,0,1,30,0,0,0,0,0,0,0,30,0,0,0,0,0,0,0,39.3,91.66666666666669,7.0,9.23333333333333,2.0,0
385,441,3223,2017-01-02,16,1,0,0,30,0,0,0,0,0,0,0,30,0,0,0,0,0,0,0,39.0,93.0,4.0,8.099999999999998,1.0,0
385,441,3223,2017-01-02,16,2,3,0,29,0,0,0,1,0,0,0,30,0,0,0,0,0,0,0,39.0,93.0,4.0,8.099999999999998,1.0,0
385,441,3223,2017-01-02,17,1,0,0,0,0,0,0,30,0,0,0,30,0,0,0,0,0,0,0,39.0,93.0,3.0,11.5,1.0,0
385,441,3223,2017-01-02,17,2,0,1,6,0,0,0,24,0,0,0,30,0,0,0,0,0,0,0,39.0,93.0,3.0,11.5,1.0,0
385,441,3223,2017-01-02,18,1,1,1,30,0,0,0,0,0,0,0,30,0,0,0,0,0,0,0,39.0,96.0,3.1666666666666665,10.766666666666666,2.0,0
385,441,3223,2017-01-02,18,2,0,0,30,0,0,0,0,0,0,0,30,0,0,0,0,0,0,0,39.0,96.0,3.1666666666666665,10.766666666666666,2.0,0
385,441,3223,2017-01-02,19,1,1,0,10,0,0,0,20,0,0,0,30,0,0,0,0,0,0,0,39.0,96.0,6.0,12.7,1.0,0
385,441,3223,2017-01-02,19,2,0,1,19,0,0,0,11,0,0,0,30,0,0,0,0,0,0,0,39.0,96.0,6.0,12.7,1.0,0
385,441,3223,2017-01-02,20,1,1,1,18,0,0,0,12,0,0,0,30,0,0,0,0,0,0,0,39.0,96.0,6.0,15.0,1.0,0
385,441,3223,2017-01-02,20,2,0,0,30,0,0,0,0,0,0,0,30,0,0,0,0,0,0,0,39.0,96.0,6.0,15.0,1.0,0
385,441,3223,2017-01-02,21,1,1,0,24,0,0,0,6,0,0,0,30,0,0,0,0,0,0,0,39.0,96.0,5.0,11.5,1.0,0
385,441,3223,2017-01-02,21,2,0,0,0,0,0,0,30,0,0,0,30,0,0,0,0,0,0,0,39.0,96.0,5.0,11.5,1.0,0
385,441,3223,2017-01-02,22,1,0,1,11,0,0,0,19,0,0,0,30,0,0,0,0,0,0,0,39.0,96.0,5.0,8.099999999999998,1.0,0
385,441,3223,2017-01-02,22,2,0,0,30,0,0,0,0,0,0,0,30,0,0,0,0,0,0,0,39.0,96.0,5.0,8.099999999999998,1.0,0
385,441,3223,2017-01-02,23,1,0,0,30,0,0,0,0,0,0,0,30,0,0,0,0,0,0,0,39.0,93.0,2.5,10.4,1.0,0
385,441,3223,2017-01-02,23,2,0,0,30,0,0,0,0,0,0,0,30,0,0,0,0,0,0,0,39.0,93.0,2.5,10.4,1.0,0
385,441,3223,2017-01-03,0,1,0,0,30,0,0,0,0,0,0,0,30,0,0,0,0,0,0,0,39.0,96.0,3.0,13.25,2.0,1
385,441,3223,2017-01-03,0,2,0,0,30,0,0,0,0,0,0,0,30,0,0,0,0,0,0,0,39.0,96.0,3.0,13.25,2.0,1
385,441,3223,2017-01-03,1,1,0,0,30,0,0,0,0,0,0,0,30,0,0,0,0,0,0,0,39.0,96.0,2.5,12.7,2.0,1
385,441,3223,2017-01-03,1,2,0,0,30,0,0,0,0,0,0,0,30,0,0,0,0,0,0,0,39.0,96.0,2.5,12.7,2.0,1
385,441,3223,2017-01-03,2,1,1,0,13,0,0,0,17,0,0,0,30,0,0,0,0,0,0,0,39.0,96.0,3.5,10.95,1.0,1
385,441,3223,2017-01-03,2,2,0,0,0,0,0,0,30,0,0,0,30,0,0,0,0,0,0,0,39.0,96.0,3.5,10.95,1.0,1
385,441,3223,2017-01-03,3,1,0,0,0,0,0,0,30,0,0,0,30,0,0,0,0,0,0,0,39.0,96.0,6.0,8.099999999999998,1.0,1
385,441,3223,2017-01-03,3,2,0,0,0,0,0,0,30,0,0,0,30,0,0,0,0,0,0,0,39.0,96.0,6.0,8.099999999999998,1.0,1
385,441,3223,2017-01-03,4,1,0,0,0,0,0,0,30,0,0,0,30,0,0,0,0,0,0,0,39.0,96.0,4.0,9.2,1.0,1
385,441,3223,2017-01-03,4,2,0,0,0,0,0,0,30,0,0,0,30,0,0,0,0,0,0,0,39.0,96.0,4.0,9.2,1.0,1
385,441,3223,2017-01-03,5,1,0,0,0,0,0,0,30,0,0,0,30,0,0,0,0,0,0,0,39.0,96.0,5.0,10.4,1.0,1
385,441,3223,2017-01-03,5,2,0,0,0,0,0,0,30,0,0,0,30,0,0,0,0,0,0,0,39.0,96.0,5.0,10.4,1.0,1
385,441,3223,2017-01-03,6,1,0,0,0,0,0,0,30,0,0,0,30,0,0,0,0,0,0,0,39.0,96.0,10.0,12.7,1.0,1
385,441,3223,2017-01-03,6,2,0,1,6,0,0,0,24,0,0,0,30,0,0,0,0,0,0,0,39.0,96.0,10.0,12.7,1.0,1
385,441,3223,2017-01-03,7,1,2,2,12,0,0,0,18,0,0,0,30,0,0,0,0,0,0,0,39.0,100.0,5.0,11.5,1.0,1
385,441,3223,2017-01-03,7,2,1,0,9,0,0,0,21,0,0,0,30,0,0,0,0,0,0,0,39.0,100.0,5.0,11.5,1.0,1
385,441,3223,2017-01-03,8,1,0,0,0,0,0,0,30,0,0,0,30,0,0,0,0,0,0,0,39.9,97.0,3.25,13.25,2.0,1
385,441,3223,2017-01-03,8,2,2,4,23,0,0,0,7,0,0,0,30,0,0,0,0,0,0,0,39.9,97.0,3.25,13.25,2.0,1
385,441,3223,2017-01-03,9,1,3,4,30,0,0,0,0,0,0,0,30,0,0,0,0,0,0,0,39.9,97.0,2.0,15.0,1.0,1
385,441,3223,2017-01-03,9,2,2,0,21,0,0,0,9,0,0,0,30,0,0,0,0,0,0,0,39.9,97.0,2.0,15.0,1.0,1
385,441,3223,2017-01-03,10,1,1,2,19,0,0,0,11,0,0,0,30,0,0,0,0,0,0,0,39.9,100.0,3.0,14.4,2.0,1
385,441,3223,2017-01-03,10,2,1,1,30,0,0,0,0,0,0,0,30,0,0,0,0,0,0,0,39.9,100.0,3.0,14.4,2.0,1
385,441,3223,2017-01-03,11,1,0,0,30,0,0,0,0,0,0,0,30,0,0,0,0,0,0,0,40.266666666666666,98.66666666666669,3.0,14.6,3.0,1
385,441,3223,2017-01-03,11,2,0,0,30,0,0,0,0,0,0,0,30,0,0,0,0,0,0,0,40.266666666666666,98.66666666666669,3.0,14.6,3.0,1
385,441,3223,2017-01-03,12,1,0,0,30,0,0,0,0,0,0,0,30,0,0,0,0,0,0,0,41.0,100.0,2.25,14.95,2.0,1
385,441,3223,2017-01-03,12,2,0,1,30,0,0,0,0,0,0,0,30,0,0,0,0,0,0,0,41.0,100.0,2.25,14.95,2.0,1
385,441,3223,2017-01-03,13,1,0,0,30,0,0,0,0,0,0,0,30,0,0,0,0,0,0,0,41.0,100.0,2.333333333333333,15.0,3.0,1
385,441,3223,2017-01-03,13,2,1,1,30,0,0,0,0,0,0,0,30,0,0,0,0,0,0,0,41.0,100.0,2.333333333333333,15.0,3.0,1
385,441,3223,2017-01-03,14,1,0,0,30,0,0,0,0,0,0,0,30,0,0,0,0,0,0,0,41.73333333333333,97.33333333333333,3.0,14.966666666666669,3.0,1
385,441,3223,2017-01-03,14,2,0,1,30,0,0,0,0,0,0,0,30,0,0,0,0,0,0,0,41.73333333333333,97.33333333333333,3.0,14.966666666666669,3.0,1
385,441,3223,2017-01-03,15,1,0,0,30,0,0,0,0,0,0,0,30,0,0,0,0,0,0,0,42.1,97.0,1.95,14.425,4.0,1
385,441,3223,2017-01-03,15,2,0,1,30,0,0,0,0,0,0,0,30,0,0,0,0,0,0,0,42.1,97.0,1.95,14.425,4.0,1
385,441,3223,2017-01-03,16,1,0,0,30,0,0,0,0,0,0,0,30,0,0,0,0,0,0,0,42.4,99.0,5.833333333333333,14.6,2.0,1
385,441,3223,2017-01-03,16,2,0,0,30,0,0,0,0,0,0,0,30,0,0,0,0,0,0,0,42.4,99.0,5.833333333333333,14.6,2.0,1
385,441,3223,2017-01-03,17,1,1,0,30,0,0,0,0,0,0,0,30,0,0,0,0,0,0,0,43.0,97.0,3.0,10.4,1.0,1
385,441,3223,2017-01-03,17,2,0,1,0,30,0,0,0,0,0,0,30,0,0,0,0,0,0,0,43.0,97.0,3.0,10.4,1.0,1
385,441,3223,2017-01-03,18,1,3,2,0,30,0,0,0,0,0,0,30,0,0,0,0,0,0,0,43.0,98.5,2.25,12.7,1.0,1
385,441,3223,2017-01-03,18,2,0,3,12,18,0,0,0,0,0,0,30,0,0,0,0,0,0,0,43.0,98.5,2.25,12.7,1.0,1
385,441,3223,2017-01-03,19,1,1,0,12,18,0,0,0,0,0,0,30,0,0,0,0,0,0,0,43.0,100.0,3.0,6.9,2.0,1
385,441,3223,2017-01-03,19,2,2,0,0,30,0,0,0,0,0,0,30,0,0,0,0,0,0,0,43.0,100.0,3.0,6.9,2.0,1
385,441,3223,2017-01-03,20,1,5,3,0,30,0,0,0,0,0,0,30,0,0,0,0,0,0,0,42.55,98.5,2.25,4.05,2.0,1
385,441,3223,2017-01-03,20,2,2,1,0,30,0,0,0,0,0,0,30,0,0,0,0,0,0,0,42.55,98.5,2.25,4.05,2.0,1
385,441,3223,2017-01-03,21,1,0,1,0,30,0,0,0,0,0,0,30,0,0,0,0,0,0,0,41.36666666666667,100.0,2.2666666666666666,3.5,3.0,1
385,441,3223,2017-01-03,21,2,0,0,0,30,0,0,0,0,0,0,30,0,0,0,0,0,0,0,41.36666666666667,100.0,2.2666666666666666,3.5,3.0,1
385,441,3223,2017-01-03,22,1,1,0,0,30,0,0,0,0,0,0,30,0,0,0,0,0,0,0,41.0,100.0,3.5,4.05,2.0,1
385,441,3223,2017-01-03,22,2,0,0,0,30,0,0,0,0,0,0,30,0,0,0,0,0,0,0,41.0,100.0,3.5,4.05,2.0,1
385,441,3223,2017-01-03,23,1,0,0,0,30,0,0,0,0,0,0,30,0,0,0,0,0,0,0,41.0,98.0,8.5,3.5,1.0,1
385,441,3223,2017-01-03,23,2,0,0,0,30,0,0,0,0,0,0,30,0,0,0,0,0,0,0,41.0,98.0,8.5,3.5,1.0,1
385,441,3223,2017-01-04,0,1,0,0,14,16,0,0,0,0,0,0,30,0,0,0,0,0,0,0,41.0,96.0,6.5,4.65,2.0,2
385,441,3223,2017-01-04,0,2,0,0,30,0,0,0,0,0,0,0,30,0,0,0,0,0,0,0,41.0,96.0,6.5,4.65,2.0,2
385,441,3223,2017-01-04,1,1,0,0,30,0,0,0,0,0,0,0,30,0,0,0,0,0,0,0,40.633333333333326,95.33333333333333,9.333333333333332,5.033333333333334,3.0,2
385,441,3223,2017-01-04,1,2,0,0,30,0,0,0,0,0,0,0,30,0,0,0,0,0,0,0,40.633333333333326,95.33333333333333,9.333333333333332,5.033333333333334,3.0,2
385,441,3223,2017-01-04,2,1,0,0,30,0,0,0,0,0,0,0,30,0,0,0,0,0,0,0,41.0,94.5,10.0,4.65,2.0,2
385,441,3223,2017-01-04,2,2,0,0,30,0,0,0,0,0,0,0,30,0,0,0,0,0,0,0,41.0,94.5,10.0,4.65,2.0,2
385,441,3223,2017-01-04,3,1,0,0,30,0,0,0,0,0,0,0,30,0,0,0,0,0,0,0,42.1,90.5,10.0,4.05,2.0,2
385,441,3223,2017-01-04,3,2,0,0,30,0,0,0,0,0,0,0,30,0,0,0,0,0,0,0,42.1,90.5,10.0,4.05,2.0,2
385,441,3223,2017-01-04,4,1,0,0,30,0,0,0,0,0,0,0,30,0,0,0,0,0,0,0,42.45,88.0,10.0,4.6,2.0,2
385,441,3223,2017-01-04,4,2,0,0,30,0,0,0,0,0,0,0,30,0,0,0,0,0,0,0,42.45,88.0,10.0,4.6,2.0,2
385,441,3223,2017-01-04,5,1,1,1,24,0,0,0,6,0,0,0,30,0,0,0,0,0,0,0,42.1,89.0,9.0,8.099999999999998,1.0,2
385,441,3223,2017-01-04,5,2,0,0,10,20,0,0,0,0,0,0,30,0,0,0,0,0,0,0,42.1,89.0,9.0,8.099999999999998,1.0,2
385,441,3223,2017-01-04,6,1,0,2,16,14,0,0,0,0,0,0,30,0,0,0,0,0,0,0,43.0,89.0,7.0,9.2,1.0,2
385,441,3223,2017-01-04,6,2,3,3,30,0,0,0,0,0,0,0,30,0,0,0,0,0,0,0,43.0,89.0,7.0,9.2,1.0,2
385,441,3223,2017-01-04,7,1,2,2,30,0,0,0,0,0,0,0,30,0,0,0,0,0,0,0,43.0,93.0,5.0,4.6,1.0,2
385,441,3223,2017-01-04,7,2,3,3,30,0,0,0,0,0,0,0,30,0,0,0,0,0,0,0,43.0,93.0,5.0,4.6,1.0,2
385,441,3223,2017-01-04,8,1,3,4,27,0,0,0,3,0,0,0,30,0,0,0,0,0,0,0,44.55,87.5,5.5,5.75,4.0,2
385,441,3223,2017-01-04,8,2,4,2,27,0,0,0,3,0,0,0,24,6,0,0,0,0,0,0,44.55,87.5,5.5,5.75,4.0,2
385,441,3223,2017-01-04,9,1,10,13,30,0,0,0,0,0,0,0,6,24,0,0,0,0,0,0,45.66666666666666,85.0,6.666666666666667,10.4,3.0,2
385,441,3223,2017-01-04,9,2,1,13,30,0,0,0,0,0,0,0,0,30,0,0,0,0,0,0,45.66666666666666,85.0,6.666666666666667,10.4,3.0,2
385,441,3223,2017-01-04,10,1,1,8,30,0,0,0,0,0,0,0,0,30,0,0,0,0,0,0,47.45,78.5,10.0,4.6,2.0,2
385,441,3223,2017-01-04,10,2,2,2,30,0,0,0,0,0,0,0,0,30,0,0,0,0,0,0,47.45,78.5,10.0,4.6,2.0,2
385,441,3223,2017-01-04,11,1,1,0,30,0,0,0,0,0,0,0,30,0,0,0,0,0,0,0,48.0,77.0,10.0,6.9,2.0,2
385,441,3223,2017-01-04,11,2,2,0,30,0,0,0,0,0,0,0,10,20,0,0,0,0,0,0,48.0,77.0,10.0,6.9,2.0,2
385,441,3223,2017-01-04,12,1,1,1,27,3,0,0,0,0,0,0,30,0,0,0,0,0,0,0,50.0,72.5,10.0,4.6,2.0,2
385,441,3223,2017-01-04,12,2,2,2,14,16,0,0,0,0,0,0,30,0,0,0,0,0,0,0,50.0,72.5,10.0,4.6,2.0,2
385,441,3223,2017-01-04,13,1,1,2,4,26,0,0,0,0,0,0,30,0,0,0,0,0,0,0,51.1,61.0,10.0,11.5,1.0,2
385,441,3223,2017-01-04,13,2,2,3,30,0,0,0,0,0,0,0,30,0,0,0,0,0,0,0,51.1,61.0,10.0,11.5,1.0,2
385,441,3223,2017-01-04,14,1,3,1,30,0,0,0,0,0,0,0,23,7,0,0,0,0,0,0,52.0,50.0,10.0,4.65,1.0,2
385,441,3223,2017-01-04,14,2,1,2,30,0,0,0,0,0,0,0,16,14,0,0,0,0,0,0,52.0,50.0,10.0,4.65,1.0,2
385,441,3223,2017-01-04,15,1,4,2,30,0,0,0,0,0,0,0,30,0,0,0,0,0,0,0,50.0,39.0,10.0,11.5,1.0,2
385,441,3223,2017-01-04,15,2,0,3,30,0,0,0,0,0,0,0,30,0,0,0,0,0,0,0,50.0,39.0,10.0,11.5,1.0,2
385,441,3223,2017-01-04,16,1,3,1,30,0,0,0,0,0,0,0,30,0,0,0,0,0,0,0,46.9,41.0,10.0,16.1,1.0,2
385,441,3223,2017-01-04,16,2,3,1,30,0,0,0,0,0,0,0,30,0,0,0,0,0,0,0,46.9,41.0,10.0,16.1,1.0,2
385,441,3223,2017-01-04,17,1,5,3,30,0,0,0,0,0,0,0,30,0,0,0,0,0,0,0,45.0,42.0,10.0,12.7,1.0,2
385,441,3223,2017-01-04,17,2,0,7,30,0,0,0,0,0,0,0,30,0,0,0,0,0,0,0,45.0,42.0,10.0,12.7,1.0,2
385,441,3223,2017-01-04,18,1,6,3,30,0,0,0,0,0,0,0,30,0,0,0,0,0,0,0,44.1,37.0,10.0,17.3,1.0,2
385,441,3223,2017-01-04,18,2,6,5,14,16,0,0,0,0,0,0,30,0,0,0,0,0,0,0,44.1,37.0,10.0,17.3,1.0,2
385,441,3223,2017-01-04,19,1,5,5,8,22,0,0,0,0,0,0,30,0,0,0,0,0,0,0,41.0,32.0,10.0,12.7,1.0,2
385,441,3223,2017-01-04,19,2,4,1,14,16,0,0,0,0,0,0,30,0,0,0,0,0,0,0,41.0,32.0,10.0,12.7,1.0,2
385,441,3223,2017-01-04,20,1,7,0,6,24,0,0,0,0,0,0,30,0,0,0,0,0,0,0,39.0,30.0,10.0,4.65,1.0,2
385,441,3223,2017-01-04,20,2,6,2,0,30,0,0,0,0,0,0,30,0,0,0,0,0,0,0,39.0,30.0,10.0,4.65,1.0,2
385,441,3223,2017-01-04,21,1,0,2,0,30,0,0,0,0,0,0,30,0,0,0,0,0,0,0,37.0,37.0,10.0,10.4,1.0,2
385,441,3223,2017-01-04,21,2,1,0,0,30,0,0,0,0,0,0,30,0,0,0,0,0,0,0,37.0,37.0,10.0,10.4,1.0,2
385,441,3223,2017-01-04,22,1,2,0,9,21,0,0,0,0,0,0,30,0,0,0,0,0,0,0,35.1,37.0,10.0,5.8,1.0,2
385,441,3223,2017-01-04,22,2,1,0,30,0,0,0,0,0,0,0,30,0,0,0,0,0,0,0,35.1,37.0,10.0,5.8,1.0,2
385,441,3223,2017-01-04,23,1,1,0,30,0,0,0,0,0,0,0,30,0,0,0,0,0,0,0,34.0,38.0,10.0,4.65,1.0,2
385,441,3223,2017-01-04,23,2,0,0,30,0,0,0,0,0,0,0,30,0,0,0,0,0,0,0,34.0,38.0,10.0,4.65,1.0,2
385,441,3223,2017-01-05,0,1,0,0,30,0,0,0,0,0,0,0,19,11,0,0,0,0,0,0,33.1,40.0,10.0,6.9,1.0,3
385,441,3223,2017-01-05,0,2,0,0,30,0,0,0,0,0,0,0,6,24,0,0,0,0,0,0,33.1,40.0,10.0,6.9,1.0,3
385,441,3223,2017-01-05,1,1,0,0,30,0,0,0,0,0,0,0,30,0,0,0,0,0,0,0,30.9,42.0,10.0,4.6,1.0,3
385,441,3223,2017-01-05,1,2,0,0,30,0,0,0,0,0,0,0,30,0,0,0,0,0,0,0,30.9,42.0,10.0,4.6,1.0,3
385,441,3223,2017-01-05,2,1,0,0,30,0,0,0,0,0,0,0,30,0,0,0,0,0,0,0,30.0,43.0,10.0,9.2,1.0,3
385,441,3223,2017-01-05,2,2,0,0,30,0,0,0,0,0,0,0,30,0,0,0,0,0,0,0,30.0,43.0,10.0,9.2,1.0,3
385,441,3223,2017-01-05,3,1,0,0,30,0,0,0,0,0,0,0,30,0,0,0,0,0,0,0,28.9,45.0,10.0,6.9,1.0,3
385,441,3223,2017-01-05,3,2,0,0,30,0,0,0,0,0,0,0,30,0,0,0,0,0,0,0,28.9,45.0,10.0,6.9,1.0,3
385,441,3223,2017-01-05,4,1,0,0,30,0,0,0,0,0,0,0,30,0,0,0,0,0,0,0,28.0,45.0,10.0,9.2,1.0,3
385,441,3223,2017-01-05,4,2,0,0,30,0,0,0,0,0,0,0,30,0,0,0,0,0,0,0,28.0,45.0,10.0,9.2,1.0,3
385,441,3223,2017-01-05,5,1,1,0,30,0,0,0,0,0,0,0,30,0,0,0,0,0,0,0,28.0,43.0,10.0,6.9,1.0,3
385,441,3223,2017-01-05,5,2,0,1,30,0,0,0,0,0,0,0,30,0,0,0,0,0,0,0,28.0,43.0,10.0,6.9,1.0,3
385,441,3223,2017-01-05,6,1,1,1,30,0,0,0,0,0,0,0,30,0,0,0,0,0,0,0,27.0,43.0,10.0,11.5,1.0,3
385,441,3223,2017-01-05,6,2,4,3,30,0,0,0,0,0,0,0,30,0,0,0,0,0,0,0,27.0,43.0,10.0,11.5,1.0,3
385,441,3223,2017-01-05,7,1,3,5,30,0,0,0,0,0,0,0,30,0,0,0,0,0,0,0,27.0,45.0,10.0,12.7,1.0,3
385,441,3223,2017-01-05,7,2,4,3,30,0,0,0,0,0,0,0,30,0,0,0,0,0,0,0,27.0,45.0,10.0,12.7,1.0,3
385,441,3223,2017-01-05,8,1,4,3,30,0,0,0,0,0,0,0,30,0,0,0,0,0,0,0,27.0,43.0,10.0,9.2,1.0,3
385,441,3223,2017-01-05,8,2,2,3,30,0,0,0,0,0,0,0,30,0,0,0,0,0,0,0,27.0,43.0,10.0,9.2,1.0,3
385,441,3223,2017-01-05,9,1,6,3,27,0,0,0,3,0,0,0,30,0,0,0,0,0,0,0,28.0,41.0,10.0,8.099999999999998,1.0,3
385,441,3223,2017-01-05,9,2,1,2,11,0,0,0,19,0,0,0,30,0,0,0,0,0,0,0,28.0,41.0,10.0,8.099999999999998,1.0,3
385,441,3223,2017-01-05,10,1,1,2,30,0,0,0,0,0,0,0,30,0,0,0,0,0,0,0,28.9,40.0,10.0,10.4,1.0,3
385,441,3223,2017-01-05,10,2,2,2,27,0,3,0,0,0,0,0,30,0,0,0,0,0,0,0,28.9,40.0,10.0,10.4,1.0,3
385,441,3223,2017-01-05,11,1,0,2,24,0,6,0,0,0,0,0,30,0,0,0,0,0,0,0,28.9,40.0,10.0,8.099999999999998,1.0,3
385,441,3223,2017-01-05,11,2,1,0,30,0,0,0,0,0,0,0,30,0,0,0,0,0,0,0,28.9,40.0,10.0,8.099999999999998,1.0,3
385,441,3223,2017-01-05,12,1,1,0,30,0,0,0,0,0,0,0,30,0,0,0,0,0,0,0,30.9,38.0,10.0,9.2,1.0,3
385,441,3223,2017-01-05,12,2,0,2,30,0,0,0,0,0,0,0,30,0,0,0,0,0,0,0,30.9,38.0,10.0,9.2,1.0,3
385,441,3223,2017-01-05,13,1,0,0,30,0,0,0,0,0,0,0,30,0,0,0,0,0,0,0,30.9,38.0,10.0,9.2,1.0,3
385,441,3223,2017-01-05,13,2,2,0,30,0,0,0,0,0,0,0,30,0,0,0,0,0,0,0,30.9,38.0,10.0,9.2,1.0,3
385,441,3223,2017-01-05,14,1,0,0,30,0,0,0,0,0,0,0,30,0,0,0,0,0,0,0,32.0,38.0,10.0,6.9,1.0,3
385,441,3223,2017-01-05,14,2,2,2,30,0,0,0,0,0,0,0,30,0,0,0,0,0,0,0,32.0,38.0,10.0,6.9,1.0,3
385,441,3223,2017-01-05,15,1,1,3,27,0,0,0,3,0,0,0,30,0,0,0,0,0,0,0,32.0,38.0,10.0,6.9,1.0,3
385,441,3223,2017-01-05,15,2,0,1,30,0,0,0,0,0,0,0,30,0,0,0,0,0,0,0,32.0,38.0,10.0,6.9,1.0,3
385,441,3223,2017-01-05,16,1,2,0,30,0,0,0,0,0,0,0,30,0,0,0,0,0,0,0,32.0,38.0,10.0,4.6,1.0,3
385,441,3223,2017-01-05,16,2,2,2,30,0,0,0,0,0,0,0,30,0,0,0,0,0,0,0,32.0,38.0,10.0,4.6,1.0,3
385,441,3223,2017-01-05,17,1,1,3,21,0,0,0,9,0,0,0,30,0,0,0,0,0,0,0,30.9,42.0,10.0,6.9,1.0,3
385,441,3223,2017-01-05,17,2,3,6,30,0,0,0,0,0,0,0,30,0,0,0,0,0,0,0,30.9,42.0,10.0,6.9,1.0,3
385,441,3223,2017-01-05,18,1,1,4,30,0,0,0,0,0,0,0,30,0,0,0,0,0,0,0,32.0,42.0,10.0,12.7,1.0,3
385,441,3223,2017-01-05,18,2,3,4,30,0,0,0,0,0,0,0,30,0,0,0,0,0,0,0,32.0,42.0,10.0,12.7,1.0,3
385,441,3223,2017-01-05,19,1,3,3,30,0,0,0,0,0,0,0,30,0,0,0,0,0,0,0,32.0,44.0,10.0,9.2,1.0,3
385,441,3223,2017-01-05,19,2,2,2,30,0,0,0,0,0,0,0,30,0,0,0,0,0,0,0,32.0,44.0,10.0,9.2,1.0,3
385,441,3223,2017-01-05,20,1,3,3,30,0,0,0,0,0,0,0,30,0,0,0,0,0,0,0,32.0,44.0,10.0,8.099999999999998,1.0,3
385,441,3223,2017-01-05,20,2,4,0,30,0,0,0,0,0,0,0,30,0,0,0,0,0,0,0,32.0,44.0,10.0,8.099999999999998,1.0,3
385,441,3223,2017-01-05,21,1,2,1,30,0,0,0,0,0,0,0,30,0,0,0,0,0,0,0,32.0,44.0,10.0,5.8,1.0,3
385,441,3223,2017-01-05,21,2,0,1,30,0,0,0,0,0,0,0,30,0,0,0,0,0,0,0,32.0,44.0,10.0,5.8,1.0,3
385,441,3223,2017-01-05,22,1,0,0,30,0,0,0,0,0,0,0,30,0,0,0,0,0,0,0,30.9,50.0,10.0,6.9,1.0,3
385,441,3223,2017-01-05,22,2,2,1,30,0,0,0,0,0,0,0,30,0,0,0,0,0,0,0,30.9,50.0,10.0,6.9,1.0,3
385,441,3223,2017-01-05,23,1,0,0,30,0,0,0,0,0,0,0,30,0,0,0,0,0,0,0,30.9,52.0,10.0,8.099999999999998,1.0,3
385,441,3223,2017-01-05,23,2,1,0,30,0,0,0,0,0,0,0,30,0,0,0,0,0,0,0,30.9,52.0,10.0,8.099999999999998,1.0,3
385,441,3223,2017-01-06,0,1,0,1,30,0,0,0,0,0,0,0,30,0,0,0,0,0,0,0,28.96666666666667,75.33333333333333,1.0333333333333334,6.166666666666667,2.0,4
385,441,3223,2017-01-06,0,2,0,0,30,0,0,0,0,0,0,0,30,0,0,0,0,0,0,0,28.96666666666667,75.33333333333333,1.0333333333333334,6.166666666666667,2.0,4
385,441,3223,2017-01-06,1,1,1,0,30,0,0,0,0,0,0,0,30,0,0,0,0,0,0,0,28.0,85.0,1.0,4.633333333333333,4.0,4
385,441,3223,2017-01-06,1,2,0,0,30,0,0,0,0,0,0,0,30,0,0,0,0,0,0,0,28.0,85.0,1.0,4.633333333333333,4.0,4
385,441,3223,2017-01-06,2,1,0,0,30,0,0,0,0,0,0,0,30,0,0,0,0,0,0,0,27.33333333333333,87.66666666666667,1.0666666666666669,5.75,3.0,4
385,441,3223,2017-01-06,2,2,1,0,30,0,0,0,0,0,0,0,30,0,0,0,0,0,0,0,27.33333333333333,87.66666666666667,1.0666666666666669,5.75,3.0,4
385,441,3223,2017-01-06,3,1,0,0,30,0,0,0,0,0,0,0,30,0,0,0,0,0,0,0,27.666666666666668,87.0,4.666666666666667,6.166666666666667,2.0,4
385,441,3223,2017-01-06,3,2,0,0,30,0,0,0,0,0,0,0,30,0,0,0,0,0,0,0,27.666666666666668,87.0,4.666666666666667,6.166666666666667,2.0,4
385,441,3223,2017-01-06,4,1,0,0,30,0,0,0,0,0,0,0,30,0,0,0,0,0,0,0,28.0,81.0,6.0,3.5,1.0,4
385,441,3223,2017-01-06,4,2,0,0,30,0,0,0,0,0,0,0,30,0,0,0,0,0,0,0,28.0,81.0,6.0,3.5,1.0,4
385,441,3223,2017-01-06,5,1,1,0,30,0,0,0,0,0,0,0,30,0,0,0,0,0,0,0,28.0,78.0,8.0,6.166666666666667,1.0,4
385,441,3223,2017-01-06,5,2,0,0,30,0,0,0,0,0,0,0,30,0,0,0,0,0,0,0,28.0,78.0,8.0,6.166666666666667,1.0,4
385,441,3223,2017-01-06,6,1,0,2,30,0,0,0,0,0,0,0,30,0,0,0,0,0,0,0,28.0,78.0,6.0,6.166666666666667,1.0,4
385,441,3223,2017-01-06,6,2,2,4,30,0,0,0,0,0,0,0,30,0,0,0,0,0,0,0,28.0,78.0,6.0,6.166666666666667,1.0,4
385,441,3223,2017-01-06,7,1,2,1,30,0,0,0,0,0,0,0,30,0,0,0,0,0,0,0,28.0,78.75,3.325,4.2333333333333325,3.0,4
385,441,3223,2017-01-06,7,2,4,1,30,0,0,0,0,0,0,0,30,0,0,0,0,0,0,0,28.0,78.75,3.325,4.2333333333333325,3.0,4
385,441,3223,2017-01-06,8,1,5,7,27,0,0,0,3,0,0,0,30,0,0,0,0,0,0,0,28.9,67.0,10.0,6.166666666666667,1.0,4
385,441,3223,2017-01-06,8,2,5,3,30,0,0,0,0,0,0,0,30,0,0,0,0,0,0,0,28.9,67.0,10.0,6.166666666666667,1.0,4
385,441,3223,2017-01-06,9,1,1,0,7,0,0,0,23,0,0,0,30,0,0,0,0,0,0,0,28.9,56.0,9.0,8.099999999999998,1.0,4
385,441,3223,2017-01-06,9,2,0,1,8,0,0,0,22,0,0,0,30,0,0,0,0,0,0,0,28.9,56.0,9.0,8.099999999999998,1.0,4
385,441,3223,2017-01-06,10,1,1,0,5,0,0,0,25,0,0,0,30,0,0,0,0,0,0,0,30.9,54.0,10.0,6.9,1.0,4
385,441,3223,2017-01-06,10,2,0,1,30,0,0,0,0,0,0,0,30,0,0,0,0,0,0,0,30.9,54.0,10.0,6.9,1.0,4
385,441,3223,2017-01-06,11,1,0,2,30,0,0,0,0,0,0,0,30,0,0,0,0,0,0,0,30.9,52.0,10.0,4.6,1.0,4
385,441,3223,2017-01-06,11,2,0,2,30,0,0,0,0,0,0,0,30,0,0,0,0,0,0,0,30.9,52.0,10.0,4.6,1.0,4
385,441,3223,2017-01-06,12,1,0,0,30,0,0,0,0,0,0,0,30,0,0,0,0,0,0,0,33.1,46.0,10.0,3.5,1.0,4
385,441,3223,2017-01-06,12,2,4,2,30,0,0,0,0,0,0,0,30,0,0,0,0,0,0,0,33.1,46.0,10.0,3.5,1.0,4
385,441,3223,2017-01-06,13,1,0,1,30,0,0,0,0,0,0,0,30,0,0,0,0,0,0,0,32.0,42.0,10.0,4.6,1.0,4
385,441,3223,2017-01-06,13,2,1,1,30,0,0,0,0,0,0,0,30,0,0,0,0,0,0,0,32.0,42.0,10.0,4.6,1.0,4
385,441,3223,2017-01-06,14,1,3,1,30,0,0,0,0,0,0,0,30,0,0,0,0,0,0,0,32.0,40.0,10.0,3.5,1.0,4
385,441,3223,2017-01-06,14,2,0,5,30,0,0,0,0,0,0,0,30,0,0,0,0,0,0,0,32.0,40.0,10.0,3.5,1.0,4
385,441,3223,2017-01-06,15,1,4,2,30,0,0,0,0,0,0,0,30,0,0,0,0,0,0,0,32.0,40.0,10.0,8.099999999999998,1.0,4
385,441,3223,2017-01-06,15,2,2,1,30,0,0,0,0,0,0,0,30,0,0,0,0,0,0,0,32.0,40.0,10.0,8.099999999999998,1.0,4
385,441,3223,2017-01-06,16,1,1,1,30,0,0,0,0,0,0,0,30,0,0,0,0,0,0,0,32.0,40.0,10.0,5.8,1.0,4
385,441,3223,2017-01-06,16,2,1,1,30,0,0,0,0,0,0,0,30,0,0,0,0,0,0,0,32.0,40.0,10.0,5.8,1.0,4
385,441,3223,2017-01-06,17,1,0,5,30,0,0,0,0,0,0,0,30,0,0,0,0,0,0,0,30.9,40.0,10.0,9.2,1.0,4
385,441,3223,2017-01-06,17,2,1,2,30,0,0,0,0,0,0,0,30,0,0,0,0,0,0,0,30.9,40.0,10.0,9.2,1.0,4
385,441,3223,2017-01-06,18,1,3,2,9,21,0,0,0,0,0,0,30,0,0,0,0,0,0,0,30.0,40.0,10.0,8.099999999999998,1.0,4
385,441,3223,2017-01-06,18,2,4,2,0,22,0,8,0,0,0,0,30,0,0,0,0,0,0,0,30.0,40.0,10.0,8.099999999999998,1.0,4
385,441,3223,2017-01-06,19,1,7,3,4,26,0,0,0,0,0,0,30,0,0,0,0,0,0,0,28.9,43.0,10.0,4.6,1.0,4
385,441,3223,2017-01-06,19,2,4,2,0,16,0,11,3,0,0,0,30,0,0,0,0,0,0,0,28.9,43.0,10.0,4.6,1.0,4
385,441,3223,2017-01-06,20,1,2,2,0,23,0,0,7,0,0,0,30,0,0,0,0,0,0,0,28.0,43.0,10.0,9.2,1.0,4
385,441,3223,2017-01-06,20,2,0,0,0,0,0,0,30,0,0,0,30,0,0,0,0,0,0,0,28.0,43.0,10.0,9.2,1.0,4
385,441,3223,2017-01-06,21,1,0,0,0,0,0,0,30,0,0,0,30,0,0,0,0,0,0,0,27.0,45.0,10.0,4.6,1.0,4
385,441,3223,2017-01-06,21,2,0,0,0,0,0,0,30,0,0,0,30,0,0,0,0,0,0,0,27.0,45.0,10.0,4.6,1.0,4
385,441,3223,2017-01-06,22,1,0,0,0,0,0,0,30,0,0,0,30,0,0,0,0,0,0,0,26.1,44.0,10.0,6.9,1.0,4
385,441,3223,2017-01-06,22,2,0,3,0,13,0,0,17,0,0,0,30,0,0,0,0,0,0,0,26.1,44.0,10.0,6.9,1.0,4
385,441,3223,2017-01-06,23,1,0,0,0,14,0,16,0,0,0,0,30,0,0,0,0,0,0,0,25.0,46.0,10.0,3.5,1.0,4
385,441,3223,2017-01-06,23,2,0,0,0,30,0,0,0,0,0,0,30,0,0,0,0,0,0,0,25.0,46.0,10.0,3.5,1.0,4
385,441,3223,2017-01-07,0,1,0,1,8,22,0,0,0,0,0,0,30,0,0,0,0,0,0,0,25.0,51.0,10.0,3.5,1.0,5
385,441,3223,2017-01-07,0,2,0,0,30,0,0,0,0,0,0,0,30,0,0,0,0,0,0,0,25.0,51.0,10.0,3.5,1.0,5
385,441,3223,2017-01-07,1,1,0,0,30,0,0,0,0,0,0,0,30,0,0,0,0,0,0,0,25.0,53.0,10.0,5.8,1.0,5
385,441,3223,2017-01-07,1,2,0,0,30,0,0,0,0,0,0,0,30,0,0,0,0,0,0,0,25.0,53.0,10.0,5.8,1.0,5
385,441,3223,2017-01-07,2,1,0,0,30,0,0,0,0,0,0,0,30,0,0,0,0,0,0,0,25.0,49.0,10.0,9.2,1.0,5
385,441,3223,2017-01-07,2,2,0,0,30,0,0,0,0,0,0,0,30,0,0,0,0,0,0,0,25.0,49.0,10.0,9.2,1.0,5
385,441,3223,2017-01-07,3,1,0,0,30,0,0,0,0,0,0,0,30,0,0,0,0,0,0,0,24.1,53.0,10.0,5.8,1.0,5
385,441,3223,2017-01-07,3,2,0,0,30,0,0,0,0,0,0,0,30,0,0,0,0,0,0,0,24.1,53.0,10.0,5.8,1.0,5
385,441,3223,2017-01-07,4,1,0,0,30,0,0,0,0,0,0,0,30,0,0,0,0,0,0,0,24.1,44.0,10.0,9.2,1.0,5
385,441,3223,2017-01-07,4,2,0,0,30,0,0,0,0,0,0,0,30,0,0,0,0,0,0,0,24.1,44.0,10.0,9.2,1.0,5
385,441,3223,2017-01-07,5,1,0,0,30,0,0,0,0,0,0,0,30,0,0,0,0,0,0,0,23.0,44.0,10.0,11.5,1.0,5
385,441,3223,2017-01-07,5,2,0,0,30,0,0,0,0,0,0,0,30,0,0,0,0,0,0,0,23.0,44.0,10.0,11.5,1.0,5
385,441,3223,2017-01-07,6,1,0,0,30,0,0,0,0,0,0,0,30,0,0,0,0,0,0,0,23.0,46.0,10.0,5.8,1.0,5
385,441,3223,2017-01-07,6,2,1,1,30,0,0,0,0,0,0,0,30,0,0,0,0,0,0,0,23.0,46.0,10.0,5.8,1.0,5
385,441,3223,2017-01-07,7,1,0,0,30,0,0,0,0,0,0,0,30,0,0,0,0,0,0,0,23.0,46.0,10.0,10.4,1.0,5
385,441,3223,2017-01-07,7,2,0,0,30,0,0,0,0,0,0,0,30,0,0,0,0,0,0,0,23.0,46.0,10.0,10.4,1.0,5
385,441,3223,2017-01-07,8,1,2,0,30,0,0,0,0,0,0,0,30,0,0,0,0,0,0,0,21.9,58.0,3.0,9.2,1.0,5
385,441,3223,2017-01-07,8,2,0,0,30,0,0,0,0,0,0,0,30,0,0,0,0,0,0,0,21.9,58.0,3.0,9.2,1.0,5
385,441,3223,2017-01-07,9,1,1,1,30,0,0,0,0,0,0,0,30,0,0,0,0,0,0,0,21.5,71.5,0.95,7.774999999999999,2.0,5
385,441,3223,2017-01-07,9,2,1,1,30,0,0,0,0,0,0,0,30,0,0,0,0,0,0,0,21.5,71.5,0.95,7.774999999999999,2.0,5
385,441,3223,2017-01-07,10,1,0,0,30,0,0,0,0,0,0,0,30,0,0,0,0,0,0,0,20.45,85.0,0.2,9.2,2.0,5
385,441,3223,2017-01-07,10,2,1,1,30,0,0,0,0,0,0,0,30,0,0,0,0,0,0,0,20.45,85.0,0.2,9.2,2.0,5
385,441,3223,2017-01-07,11,1,0,0,30,0,0,0,0,0,0,0,30,0,0,0,0,0,0,0,21.0,85.0,0.2,8.099999999999998,1.0,5
385,441,3223,2017-01-07,11,2,1,0,30,0,0,0,0,0,0,0,30,0,0,0,0,0,0,0,21.0,85.0,0.2,8.099999999999998,1.0,5
385,441,3223,2017-01-07,12,1,0,0,14,16,0,0,0,0,0,0,30,0,0,0,0,0,0,0,21.0,85.0,0.2999999999999999,7.7,2.0,5
385,441,3223,2017-01-07,12,2,0,0,0,30,0,0,0,0,0,0,30,0,0,0,0,0,0,0,21.0,85.0,0.2999999999999999,7.7,2.0,5
385,441,3223,2017-01-07,13,1,0,0,0,30,0,0,0,0,0,0,30,0,0,0,0,0,0,0,20.266666666666666,85.0,0.2999999999999999,9.23333333333333,3.0,5
385,441,3223,2017-01-07,13,2,0,0,20,0,0,10,0,0,0,0,30,0,0,0,0,0,0,0,20.266666666666666,85.0,0.2999999999999999,9.23333333333333,3.0,5
385,441,3223,2017-01-07,14,1,1,1,13,0,0,0,17,0,0,0,30,0,0,0,0,0,0,0,19.9,89.0,0.2,3.5,1.0,5
385,441,3223,2017-01-07,14,2,0,0,30,0,0,0,0,0,0,0,30,0,0,0,0,0,0,0,19.9,89.0,0.2,3.5,1.0,5
385,441,3223,2017-01-07,15,1,1,0,6,0,0,0,24,0,0,0,30,0,0,0,0,0,0,0,19.9,92.0,0.2,5.8,1.0,5
385,441,3223,2017-01-07,15,2,0,0,0,0,0,0,30,0,0,0,30,0,0,0,0,0,0,0,19.9,92.0,0.2,5.8,1.0,5
385,441,3223,2017-01-07,16,1,0,0,0,0,0,0,30,0,0,0,30,0,0,0,0,0,0,0,19.9,89.0,0.2999999999999999,5.766666666666666,3.0,5
385,441,3223,2017-01-07,16,2,0,0,0,0,0,0,30,0,0,0,30,0,0,0,0,0,0,0,19.9,89.0,0.2999999999999999,5.766666666666666,3.0,5
385,441,3223,2017-01-07,17,1,0,0,0,0,0,0,30,0,0,0,30,0,0,0,0,0,0,0,19.9,89.0,0.2,10.4,1.0,5
385,441,3223,2017-01-07,17,2,0,0,0,0,0,0,30,0,0,0,30,0,0,0,0,0,0,0,19.9,89.0,0.2,10.4,1.0,5
385,441,3223,2017-01-07,18,1,0,0,0,0,0,0,30,0,0,0,30,0,0,0,0,0,0,0,19.733333333333327,90.33333333333333,0.9333333333333332,6.166666666666667,3.0,5
385,441,3223,2017-01-07,18,2,0,0,0,0,0,0,30,0,0,0,30,0,0,0,0,0,0,0,19.733333333333327,90.33333333333333,0.9333333333333332,6.166666666666667,3.0,5
385,441,3223,2017-01-07,19,1,0,0,0,0,0,0,30,0,0,0,30,0,0,0,0,0,0,0,21.0,85.0,1.1666666666666667,9.8,3.0,5
385,441,3223,2017-01-07,19,2,0,0,0,0,0,0,30,0,0,0,30,0,0,0,0,0,0,0,21.0,85.0,1.1666666666666667,9.8,3.0,5
385,441,3223,2017-01-07,20,1,0,0,0,0,0,0,30,0,0,0,30,0,0,0,0,0,0,0,21.0,83.0,1.775,6.05,4.0,5
385,441,3223,2017-01-07,20,2,0,0,0,0,0,0,30,0,0,0,30,0,0,0,0,0,0,0,21.0,83.0,1.775,6.05,4.0,5
385,441,3223,2017-01-07,21,1,0,0,0,0,0,0,30,0,0,0,30,0,0,0,0,0,0,0,21.0,81.0,4.0,4.05,2.0,5
385,441,3223,2017-01-07,21,2,0,0,0,0,0,0,30,0,0,0,30,0,0,0,0,0,0,0,21.0,81.0,4.0,4.05,2.0,5
385,441,3223,2017-01-07,22,1,0,1,0,15,0,0,15,0,0,0,30,0,0,0,0,0,0,0,21.0,78.0,7.0,3.5,1.0,5
385,441,3223,2017-01-07,22,2,0,0,0,30,0,0,0,0,0,0,30,0,0,0,0,0,0,0,21.0,78.0,7.0,3.5,1.0,5
385,441,3223,2017-01-07,23,1,0,0,0,30,0,0,0,0,0,0,30,0,0,0,0,0,0,0,21.0,68.0,7.0,12.7,1.0,5
385,441,3223,2017-01-07,23,2,0,0,0,30,0,0,0,0,0,0,30,0,0,0,0,0,0,0,21.0,68.0,7.0,12.7,1.0,5
385,441,3223,2017-01-08,0,1,0,0,0,30,0,0,0,0,0,0,30,0,0,0,0,0,0,0,19.9,60.0,8.0,8.099999999999998,1.0,6
385,441,3223,2017-01-08,0,2,0,0,0,30,0,0,0,0,0,0,30,0,0,0,0,0,0,0,19.9,60.0,8.0,8.099999999999998,1.0,6
385,441,3223,2017-01-08,1,1,0,0,0,30,0,0,0,0,0,0,30,0,0,0,0,0,0,0,19.0,62.0,9.0,11.5,1.0,6
385,441,3223,2017-01-08,1,2,0,0,0,30,0,0,0,0,0,0,30,0,0,0,0,0,0,0,19.0,62.0,9.0,11.5,1.0,6
385,441,3223,2017-01-08,2,1,0,0,0,30,0,0,0,0,0,0,30,0,0,0,0,0,0,0,19.0,57.0,9.0,9.2,1.0,6
385,441,3223,2017-01-08,2,2,0,0,0,30,0,0,0,0,0,0,30,0,0,0,0,0,0,0,19.0,57.0,9.0,9.2,1.0,6
385,441,3223,2017-01-08,3,1,0,0,0,30,0,0,0,0,0,0,30,0,0,0,0,0,0,0,18.0,62.0,9.0,6.9,1.0,6
385,441,3223,2017-01-08,3,2,0,0,0,30,0,0,0,0,0,0,30,0,0,0,0,0,0,0,18.0,62.0,9.0,6.9,1.0,6
385,441,3223,2017-01-08,4,1,0,0,0,30,0,0,0,0,0,0,30,0,0,0,0,0,0,0,18.0,60.0,9.0,3.5,1.0,6
385,441,3223,2017-01-08,4,2,0,0,0,30,0,0,0,0,0,0,30,0,0,0,0,0,0,0,18.0,60.0,9.0,3.5,1.0,6
385,441,3223,2017-01-08,5,1,0,0,0,30,0,0,0,0,0,0,30,0,0,0,0,0,0,0,17.1,62.0,9.0,8.099999999999998,1.0,6
385,441,3223,2017-01-08,5,2,0,0,0,30,0,0,0,0,0,0,30,0,0,0,0,0,0,0,17.1,62.0,9.0,8.099999999999998,1.0,6
385,441,3223,2017-01-08,6,1,0,0,0,30,0,0,0,0,0,0,30,0,0,0,0,0,0,0,17.1,59.0,10.0,6.9,1.0,6
385,441,3223,2017-01-08,6,2,0,0,0,30,0,0,0,0,0,0,30,0,0,0,0,0,0,0,17.1,59.0,10.0,6.9,1.0,6
385,441,3223,2017-01-08,7,1,0,0,0,30,0,0,0,0,0,0,30,0,0,0,0,0,0,0,17.1,59.0,8.0,9.2,1.0,6
385,441,3223,2017-01-08,7,2,0,0,0,30,0,0,0,0,0,0,30,0,0,0,0,0,0,0,17.1,59.0,8.0,9.2,1.0,6
385,441,3223,2017-01-08,8,1,0,0,0,30,0,0,0,0,0,0,30,0,0,0,0,0,0,0,17.1,54.0,8.0,12.7,1.0,6
385,441,3223,2017-01-08,8,2,1,0,0,11,0,0,19,0,0,0,30,0,0,0,0,0,0,0,17.1,54.0,8.0,12.7,1.0,6
385,441,3223,2017-01-08,9,1,0,0,0,0,0,0,30,0,0,0,30,0,0,0,0,0,0,0,18.0,52.0,8.0,15.0,1.0,6
385,441,3223,2017-01-08,9,2,0,0,0,0,0,0,30,0,0,0,30,0,0,0,0,0,0,0,18.0,52.0,8.0,15.0,1.0,6
385,441,3223,2017-01-08,10,1,0,0,0,0,0,0,30,0,0,0,30,0,0,0,0,0,0,0,19.0,50.0,10.0,13.8,1.0,6
385,441,3223,2017-01-08,10,2,0,0,0,0,0,0,30,0,0,0,30,0,0,0,0,0,0,0,19.0,50.0,10.0,13.8,1.0,6
385,441,3223,2017-01-08,11,1,0,2,0,8,0,0,22,0,0,0,30,0,0,0,0,0,0,0,19.9,50.0,10.0,6.9,1.0,6
385,441,3223,2017-01-08,11,2,1,0,0,23,0,0,7,0,0,0,30,0,0,0,0,0,0,0,19.9,50.0,10.0,6.9,1.0,6
385,441,3223,2017-01-08,12,1,0,1,0,10,0,0,20,0,0,0,30,0,0,0,0,0,0,0,21.9,48.0,10.0,9.2,1.0,6
385,441,3223,2017-01-08,12,2,0,1,0,30,0,0,0,0,0,0,30,0,0,0,0,0,0,0,21.9,48.0,10.0,9.2,1.0,6
385,441,3223,2017-01-08,13,1,1,2,0,30,0,0,0,0,0,0,30,0,0,0,0,0,0,0,23.0,46.0,10.0,9.2,1.0,6
385,441,3223,2017-01-08,13,2,0,1,0,30,0,0,0,0,0,0,30,0,0,0,0,0,0,0,23.0,46.0,10.0,9.2,1.0,6
385,441,3223,2017-01-08,14,1,0,0,0,30,0,0,0,0,0,0,30,0,0,0,0,0,0,0,24.1,40.0,10.0,9.2,1.0,6
385,441,3223,2017-01-08,14,2,0,0,0,30,0,0,0,0,0,0,30,0,0,0,0,0,0,0,24.1,40.0,10.0,9.2,1.0,6
385,441,3223,2017-01-08,15,1,2,0,0,30,0,0,0,0,0,0,30,0,0,0,0,0,0,0,24.1,35.0,10.0,5.8,1.0,6
385,441,3223,2017-01-08,15,2,1,0,0,30,0,0,0,0,0,0,30,0,0,0,0,0,0,0,24.1,35.0,10.0,5.8,1.0,6
385,441,3223,2017-01-08,16,1,0,1,4,26,0,0,0,0,0,0,30,0,0,0,0,0,0,0,23.0,37.0,10.0,8.099999999999998,1.0,6
385,441,3223,2017-01-08,16,2,0,0,30,0,0,0,0,0,0,0,30,0,0,0,0,0,0,0,23.0,37.0,10.0,8.099999999999998,1.0,6
385,441,3223,2017-01-08,17,1,0,0,30,0,0,0,0,0,0,0,30,0,0,0,0,0,0,0,21.9,42.0,10.0,10.4,1.0,6
385,441,3223,2017-01-08,17,2,1,0,30,0,0,0,0,0,0,0,30,0,0,0,0,0,0,0,21.9,42.0,10.0,10.4,1.0,6
385,441,3223,2017-01-08,18,1,0,2,30,0,0,0,0,0,0,0,30,0,0,0,0,0,0,0,21.9,42.0,10.0,9.2,1.0,6
385,441,3223,2017-01-08,18,2,0,0,30,0,0,0,0,0,0,0,30,0,0,0,0,0,0,0,21.9,42.0,10.0,9.2,1.0,6
385,441,3223,2017-01-08,19,1,0,0,30,0,0,0,0,0,0,0,30,0,0,0,0,0,0,0,21.0,44.0,10.0,9.2,1.0,6
385,441,3223,2017-01-08,19,2,1,0,30,0,0,0,0,0,0,0,30,0,0,0,0,0,0,0,21.0,44.0,10.0,9.2,1.0,6
385,441,3223,2017-01-08,20,1,0,0,4,26,0,0,0,0,0,0,30,0,0,0,0,0,0,0,19.9,50.0,10.0,6.9,1.0,6
385,441,3223,2017-01-08,20,2,1,0,0,30,0,0,0,0,0,0,30,0,0,0,0,0,0,0,19.9,50.0,10.0,6.9,1.0,6
385,441,3223,2017-01-08,21,1,0,0,0,30,0,0,0,0,0,0,30,0,0,0,0,0,0,0,19.0,46.0,10.0,9.2,1.0,6
385,441,3223,2017-01-08,21,2,0,0,0,30,0,0,0,0,0,0,30,0,0,0,0,0,0,0,19.0,46.0,10.0,9.2,1.0,6
385,441,3223,2017-01-08,22,1,0,0,0,30,0,0,0,0,0,0,30,0,0,0,0,0,0,0,19.0,46.0,10.0,6.9,1.0,6
385,441,3223,2017-01-08,22,2,0,0,0,30,0,0,0,0,0,0,30,0,0,0,0,0,0,0,19.0,46.0,10.0,6.9,1.0,6
385,441,3223,2017-01-08,23,1,0,0,0,30,0,0,0,0,0,0,30,0,0,0,0,0,0,0,18.0,50.0,10.0,3.5,1.0,6
385,441,3223,2017-01-08,23,2,0,1,0,30,0,0,0,0,0,0,30,0,0,0,0,0,0,0,18.0,50.0,10.0,3.5,1.0,6
385,441,3223,2017-01-09,0,1,0,0,0,30,0,0,0,0,0,0,30,0,0,0,0,0,0,0,17.1,50.0,10.0,4.6,1.0,0
385,441,3223,2017-01-09,0,2,0,0,0,30,0,0,0,0,0,0,30,0,0,0,0,0,0,0,17.1,50.0,10.0,4.6,1.0,0
385,441,3223,2017-01-09,1,1,0,0,0,30,0,0,0,0,0,0,30,0,0,0,0,0,0,0,16.0,49.0,10.0,4.6,1.0,0
385,441,3223,2017-01-09,1,2,0,0,0,30,0,0,0,0,0,0,30,0,0,0,0,0,0,0,16.0,49.0,10.0,4.6,1.0,0
385,441,3223,2017-01-09,2,1,0,0,0,30,0,0,0,0,0,0,30,0,0,0,0,0,0,0,16.0,52.0,10.0,4.6,1.0,0
385,441,3223,2017-01-09,2,2,0,0,0,30,0,0,0,0,0,0,30,0,0,0,0,0,0,0,16.0,52.0,10.0,4.6,1.0,0
385,441,3223,2017-01-09,3,1,0,0,0,30,0,0,0,0,0,0,30,0,0,0,0,0,0,0,15.1,54.0,10.0,4.6,1.0,0
385,441,3223,2017-01-09,3,2,0,0,0,30,0,0,0,0,0,0,30,0,0,0,0,0,0,0,15.1,54.0,10.0,4.6,1.0,0
385,441,3223,2017-01-09,4,1,0,0,0,30,0,0,0,0,0,0,30,0,0,0,0,0,0,0,15.1,54.0,10.0,9.2,1.0,0
385,441,3223,2017-01-09,4,2,0,0,0,30,0,0,0,0,0,0,30,0,0,0,0,0,0,0,15.1,54.0,10.0,9.2,1.0,0
385,441,3223,2017-01-09,5,1,0,0,0,30,0,0,0,0,0,0,30,0,0,0,0,0,0,0,15.1,56.0,10.0,8.099999999999998,1.0,0
385,441,3223,2017-01-09,5,2,0,0,0,30,0,0,0,0,0,0,30,0,0,0,0,0,0,0,15.1,56.0,10.0,8.099999999999998,1.0,0
385,441,3223,2017-01-09,6,1,2,0,0,9,0,0,21,0,0,0,30,0,0,0,0,0,0,0,15.1,54.0,10.0,3.5,1.0,0
385,441,3223,2017-01-09,6,2,0,3,20,0,0,0,10,0,0,0,30,0,0,0,0,0,0,0,15.1,54.0,10.0,3.5,1.0,0
385,441,3223,2017-01-09,7,1,2,1,30,0,0,0,0,0,0,0,30,0,0,0,0,0,0,0,15.1,56.0,10.0,4.6,1.0,0
385,441,3223,2017-01-09,7,2,0,2,30,0,0,0,0,0,0,0,30,0,0,0,0,0,0,0,15.1,56.0,10.0,4.6,1.0,0
385,441,3223,2017-01-09,8,1,2,2,30,0,0,0,0,0,0,0,30,0,0,0,0,0,0,0,16.0,57.0,10.0,4.6,1.0,0
385,441,3223,2017-01-09,8,2,4,5,30,0,0,0,0,0,0,0,30,0,0,0,0,0,0,0,16.0,57.0,10.0,4.6,1.0,0
385,441,3223,2017-01-09,9,1,2,0,30,0,0,0,0,0,0,0,30,0,0,0,0,0,0,0,17.1,54.0,10.0,5.8,1.0,0
385,441,3223,2017-01-09,9,2,3,1,14,0,16,0,0,0,0,0,30,0,0,0,0,0,0,0,17.1,54.0,10.0,5.8,1.0,0
385,441,3223,2017-01-09,10,1,0,0,0,0,30,0,0,0,0,0,30,0,0,0,0,0,0,0,19.0,50.0,10.0,4.6,1.0,0
385,441,3223,2017-01-09,10,2,2,1,6,0,21,0,3,0,0,0,30,0,0,0,0,0,0,0,19.0,50.0,10.0,4.6,1.0,0
385,441,3223,2017-01-09,11,1,0,0,0,0,0,0,30,0,0,0,30,0,0,0,0,0,0,0,19.9,50.0,10.0,4.6,1.0,0
385,441,3223,2017-01-09,11,2,0,0,0,0,0,0,30,0,0,0,30,0,0,0,0,0,0,0,19.9,50.0,10.0,4.6,1.0,0
385,441,3223,2017-01-09,12,1,1,1,0,20,0,0,10,0,0,0,30,0,0,0,0,0,0,0,19.9,48.0,10.0,6.9,1.0,0
385,441,3223,2017-01-09,12,2,0,0,0,30,0,0,0,0,0,0,30,0,0,0,0,0,0,0,19.9,48.0,10.0,6.9,1.0,0
385,441,3223,2017-01-09,13,1,0,0,17,13,0,0,0,0,0,0,30,0,0,0,0,0,0,0,21.0,46.0,10.0,8.099999999999998,1.0,0
385,441,3223,2017-01-09,13,2,0,1,4,3,8,0,15,0,0,0,30,0,0,0,0,0,0,0,21.0,46.0,10.0,8.099999999999998,1.0,0
385,441,3223,2017-01-09,14,1,1,0,6,0,4,0,20,0,0,0,30,0,0,0,0,0,0,0,21.9,48.0,10.0,5.8,1.0,0
385,441,3223,2017-01-09,14,2,0,1,17,0,0,0,13,0,0,0,30,0,0,0,0,0,0,0,21.9,48.0,10.0,5.8,1.0,0
385,441,3223,2017-01-09,15,1,1,0,22,0,0,0,8,0,0,0,30,0,0,0,0,0,0,0,23.0,50.0,10.0,3.5,1.0,0
385,441,3223,2017-01-09,15,2,0,1,17,0,0,0,13,0,0,0,30,0,0,0,0,0,0,0,23.0,50.0,10.0,3.5,1.0,0
385,441,3223,2017-01-09,16,1,1,0,9,0,0,0,21,0,0,0,30,0,0,0,0,0,0,0,21.9,53.0,10.0,8.099999999999998,1.0,0
385,441,3223,2017-01-09,16,2,0,0,0,0,0,0,30,0,0,0,30,0,0,0,0,0,0,0,21.9,53.0,10.0,8.099999999999998,1.0,0
385,441,3223,2017-01-09,17,1,0,3,25,0,0,0,5,0,0,0,30,0,0,0,0,0,0,0,21.9,58.0,10.0,4.6,1.0,0
385,441,3223,2017-01-09,17,2,1,2,4,26,0,0,0,0,0,0,30,0,0,0,0,0,0,0,21.9,58.0,10.0,4.6,1.0,0
385,441,3223,2017-01-09,18,1,1,1,15,15,0,0,0,0,0,0,30,0,0,0,0,0,0,0,23.0,53.0,10.0,4.6,1.0,0
385,441,3223,2017-01-09,18,2,2,2,0,30,0,0,0,0,0,0,30,0,0,0,0,0,0,0,23.0,53.0,10.0,4.6,1.0,0
385,441,3223,2017-01-09,19,1,0,3,0,30,0,0,0,0,0,0,30,0,0,0,0,0,0,0,23.0,55.0,10.0,4.6,1.0,0
385,441,3223,2017-01-09,19,2,3,2,0,30,0,0,0,0,0,0,30,0,0,0,0,0,0,0,23.0,55.0,10.0,4.6,1.0,0
385,441,3223,2017-01-09,20,1,1,3,0,30,0,0,0,0,0,0,30,0,0,0,0,0,0,0,23.0,53.0,10.0,4.6,1.0,0
385,441,3223,2017-01-09,20,2,1,0,0,30,0,0,0,0,0,0,30,0,0,0,0,0,0,0,23.0,53.0,10.0,4.6,1.0,0
385,441,3223,2017-01-09,21,1,0,0,0,30,0,0,0,0,0,0,30,0,0,0,0,0,0,0,21.9,53.0,10.0,4.6,1.0,0
385,441,3223,2017-01-09,21,2,1,0,0,30,0,0,0,0,0,0,30,0,0,0,0,0,0,0,21.9,53.0,10.0,4.6,1.0,0
385,441,3223,2017-01-09,22,1,1,0,0,30,0,0,0,0,0,0,30,0,0,0,0,0,0,0,21.0,60.0,10.0,9.2,1.0,0
385,441,3223,2017-01-09,22,2,0,0,0,30,0,0,0,0,0,0,30,0,0,0,0,0,0,0,21.0,60.0,10.0,9.2,1.0,0
385,441,3223,2017-01-09,23,1,1,1,0,30,0,0,0,0,0,0,30,0,0,0,0,0,0,0,21.9,58.0,10.0,6.9,1.0,0
385,441,3223,2017-01-09,23,2,0,0,0,30,0,0,0,0,0,0,30,0,0,0,0,0,0,0,21.9,58.0,10.0,6.9,1.0,0
385,441,3223,2017-01-10,0,1,0,0,11,19,0,0,0,0,0,0,30,0,0,0,0,0,0,0,21.9,58.0,10.0,4.6,1.0,1
385,441,3223,2017-01-10,0,2,0,0,25,0,0,0,5,0,0,0,30,0,0,0,0,0,0,0,21.9,58.0,10.0,4.6,1.0,1
385,441,3223,2017-01-10,1,1,0,0,0,8,0,0,22,0,0,0,30,0,0,0,0,0,0,0,21.9,58.0,10.0,4.6,1.0,1
385,441,3223,2017-01-10,1,2,0,0,0,30,0,0,0,0,0,0,30,0,0,0,0,0,0,0,21.9,58.0,10.0,4.6,1.0,1
385,441,3223,2017-01-10,2,1,0,0,0,30,0,0,0,0,0,0,30,0,0,0,0,0,0,0,21.9,60.0,10.0,5.8,1.0,1
385,441,3223,2017-01-10,2,2,0,0,0,30,0,0,0,0,0,0,30,0,0,0,0,0,0,0,21.9,60.0,10.0,5.8,1.0,1
385,441,3223,2017-01-10,3,1,0,0,0,30,0,0,0,0,0,0,30,0,0,0,0,0,0,0,21.9,60.0,10.0,4.6,1.0,1
385,441,3223,2017-01-10,3,2,0,0,0,30,0,0,0,0,0,0,30,0,0,0,0,0,0,0,21.9,60.0,10.0,4.6,1.0,1
385,441,3223,2017-01-10,4,1,0,0,21,9,0,0,0,0,0,0,30,0,0,0,0,0,0,0,23.0,63.0,10.0,8.099999999999998,1.0,1
385,441,3223,2017-01-10,4,2,0,0,30,0,0,0,0,0,0,0,30,0,0,0,0,0,0,0,23.0,63.0,10.0,8.099999999999998,1.0,1
385,441,3223,2017-01-10,5,1,0,0,30,0,0,0,0,0,0,0,30,0,0,0,0,0,0,0,23.0,60.0,10.0,3.5,1.0,1
385,441,3223,2017-01-10,5,2,0,0,30,0,0,0,0,0,0,0,30,0,0,0,0,0,0,0,23.0,60.0,10.0,3.5,1.0,1
385,441,3223,2017-01-10,6,1,1,0,30,0,0,0,0,0,0,0,30,0,0,0,0,0,0,0,24.1,53.0,10.0,4.6,1.0,1
385,441,3223,2017-01-10,6,2,0,4,30,0,0,0,0,0,0,0,30,0,0,0,0,0,0,0,24.1,53.0,10.0,4.6,1.0,1
385,441,3223,2017-01-10,7,1,4,1,30,0,0,0,0,0,0,0,30,0,0,0,0,0,0,0,25.0,58.0,10.0,4.6,1.0,1
385,441,3223,2017-01-10,7,2,1,2,8,0,22,0,0,0,0,0,30,0,0,0,0,0,0,0,25.0,58.0,10.0,4.6,1.0,1
385,441,3223,2017-01-10,8,1,3,3,26,0,4,0,0,0,0,0,30,0,0,0,0,0,0,0,27.0,56.0,10.0,3.5,1.0,1
385,441,3223,2017-01-10,8,2,5,3,14,0,8,0,8,0,0,0,30,0,0,0,0,0,0,0,27.0,56.0,10.0,3.5,1.0,1
385,441,3223,2017-01-10,9,1,2,2,0,0,9,0,21,0,0,0,30,0,0,0,0,0,0,0,28.9,51.0,10.0,3.5,1.0,1
385,441,3223,2017-01-10,9,2,1,1,0,0,6,0,24,0,0,0,30,0,0,0,0,0,0,0,28.9,51.0,10.0,3.5,1.0,1
385,441,3223,2017-01-10,10,1,0,3,25,0,0,0,5,0,0,0,30,0,0,0,0,0,0,0,30.9,42.0,10.0,8.099999999999998,1.0,1
385,441,3223,2017-01-10,10,2,0,1,30,0,0,0,0,0,0,0,30,0,0,0,0,0,0,0,30.9,42.0,10.0,8.099999999999998,1.0,1
385,441,3223,2017-01-10,11,1,1,1,30,0,0,0,0,0,0,0,30,0,0,0,0,0,0,0,33.1,46.0,10.0,8.099999999999998,1.0,1
385,441,3223,2017-01-10,11,2,2,2,30,0,0,0,0,0,0,0,30,0,0,0,0,0,0,0,33.1,46.0,10.0,8.099999999999998,1.0,1
385,441,3223,2017-01-10,12,1,1,1,18,12,0,0,0,0,0,0,30,0,0,0,0,0,0,0,34.0,56.0,10.0,3.5,1.0,1
385,441,3223,2017-01-10,12,2,1,1,24,6,0,0,0,0,0,0,30,0,0,0,0,0,0,0,34.0,56.0,10.0,3.5,1.0,1
385,441,3223,2017-01-10,13,1,1,0,30,0,0,0,0,0,0,0,30,0,0,0,0,0,0,0,34.0,67.0,10.0,4.6,1.0,1
385,441,3223,2017-01-10,13,2,2,2,30,0,0,0,0,0,0,0,30,0,0,0,0,0,0,0,34.0,67.0,10.0,4.6,1.0,1
385,441,3223,2017-01-10,14,1,0,0,30,0,0,0,0,0,0,0,30,0,0,0,0,0,0,0,35.1,72.0,10.0,3.5,1.0,1
385,441,3223,2017-01-10,14,2,2,1,30,0,0,0,0,0,0,0,30,0,0,0,0,0,0,0,35.1,72.0,10.0,3.5,1.0,1
385,441,3223,2017-01-10,15,1,1,0,30,0,0,0,0,0,0,0,30,0,0,0,0,0,0,0,36.0,76.0,10.0,3.5,1.0,1
385,441,3223,2017-01-10,15,2,1,2,24,0,0,0,6,0,0,0,30,0,0,0,0,0,0,0,36.0,76.0,10.0,3.5,1.0,1
385,441,3223,2017-01-10,16,1,0,1,30,0,0,0,0,0,0,0,30,0,0,0,0,0,0,0,37.0,76.0,10.0,6.9,1.0,1
385,441,3223,2017-01-10,16,2,1,2,30,0,0,0,0,0,0,0,30,0,0,0,0,0,0,0,37.0,76.0,10.0,6.9,1.0,1
385,441,3223,2017-01-10,17,1,2,2,30,0,0,0,0,0,0,0,30,0,0,0,0,0,0,0,37.0,79.0,10.0,4.6,1.0,1
385,441,3223,2017-01-10,17,2,2,2,30,0,0,0,0,0,0,0,30,0,0,0,0,0,0,0,37.0,79.0,10.0,4.6,1.0,1
385,441,3223,2017-01-10,18,1,2,2,30,0,0,0,0,0,0,0,30,0,0,0,0,0,0,0,37.9,79.0,10.0,4.6,1.0,1
385,441,3223,2017-01-10,18,2,2,6,30,0,0,0,0,0,0,0,30,0,0,0,0,0,0,0,37.9,79.0,10.0,4.6,1.0,1
385,441,3223,2017-01-10,19,1,5,1,30,0,0,0,0,0,0,0,30,0,0,0,0,0,0,0,39.9,79.0,10.0,4.6,1.0,1
385,441,3223,2017-01-10,19,2,1,2,30,0,0,0,0,0,0,0,30,0,0,0,0,0,0,0,39.9,79.0,10.0,4.6,1.0,1
385,441,3223,2017-01-10,20,1,3,1,27,3,0,0,0,0,0,0,30,0,0,0,0,0,0,0,41.0,79.0,10.0,5.8,1.0,1
385,441,3223,2017-01-10,20,2,0,3,30,0,0,0,0,0,0,0,30,0,0,0,0,0,0,0,41.0,79.0,10.0,5.8,1.0,1
385,441,3223,2017-01-10,21,1,3,1,11,19,0,0,0,0,0,0,30,0,0,0,0,0,0,0,44.1,76.0,10.0,8.099999999999998,1.0,1
385,441,3223,2017-01-10,21,2,2,1,0,30,0,0,0,0,0,0,30,0,0,0,0,0,0,0,44.1,76.0,10.0,8.099999999999998,1.0,1
385,441,3223,2017-01-10,22,1,1,0,15,15,0,0,0,0,0,0,30,0,0,0,0,0,0,0,44.1,76.0,10.0,6.9,1.0,1
385,441,3223,2017-01-10,22,2,0,0,0,30,0,0,0,0,0,0,30,0,0,0,0,0,0,0,44.1,76.0,10.0,6.9,1.0,1
385,441,3223,2017-01-10,23,1,1,0,0,30,0,0,0,0,0,0,30,0,0,0,0,0,0,0,44.55,78.0,10.0,6.9,2.0,1
385,441,3223,2017-01-10,23,2,0,0,0,30,0,0,0,0,0,0,30,0,0,0,0,0,0,0,44.55,78.0,10.0,6.9,2.0,1
385,441,3223,2017-01-11,0,1,0,0,0,30,0,0,0,0,0,0,30,0,0,0,0,0,0,0,45.0,76.0,10.0,5.8,1.0,2
385,441,3223,2017-01-11,0,2,0,0,30,0,0,0,0,0,0,0,30,0,0,0,0,0,0,0,45.0,76.0,10.0,5.8,1.0,2
385,441,3223,2017-01-11,1,1,0,0,18,12,0,0,0,0,0,0,30,0,0,0,0,0,0,0,42.9,86.5,3.5,6.9,2.0,2
385,441,3223,2017-01-11,1,2,0,0,0,30,0,0,0,0,0,0,30,0,0,0,0,0,0,0,42.9,86.5,3.5,6.9,2.0,2
385,441,3223,2017-01-11,2,1,0,0,0,30,0,0,0,0,0,0,30,0,0,0,0,0,0,0,43.45,89.25,2.875,4.2333333333333325,4.0,2
385,441,3223,2017-01-11,2,2,0,0,0,30,0,0,0,0,0,0,30,0,0,0,0,0,0,0,43.45,89.25,2.875,4.2333333333333325,4.0,2
385,441,3223,2017-01-11,3,1,0,0,0,30,0,0,0,0,0,0,30,0,0,0,0,0,0,0,44.36666666666667,90.66666666666669,5.5,6.533333333333334,2.0,2
385,441,3223,2017-01-11,3,2,0,0,0,30,0,0,0,0,0,0,30,0,0,0,0,0,0,0,44.36666666666667,90.66666666666669,5.5,6.533333333333334,2.0,2
385,441,3223,2017-01-11,4,1,0,0,0,30,0,0,0,0,0,0,30,0,0,0,0,0,0,0,45.5,86.5,10.0,7.5,2.0,2
385,441,3223,2017-01-11,4,2,0,0,0,30,0,0,0,0,0,0,30,0,0,0,0,0,0,0,45.5,86.5,10.0,7.5,2.0,2
385,441,3223,2017-01-11,5,1,1,1,0,30,0,0,0,0,0,0,30,0,0,0,0,0,0,0,45.0,82.0,10.0,13.8,1.0,2
385,441,3223,2017-01-11,5,2,0,0,2,28,0,0,0,0,0,0,30,0,0,0,0,0,0,0,45.0,82.0,10.0,13.8,1.0,2
385,441,3223,2017-01-11,6,1,0,1,30,0,0,0,0,0,0,0,30,0,0,0,0,0,0,0,43.55,80.5,10.0,9.2,2.0,2
385,441,3223,2017-01-11,6,2,2,2,30,0,0,0,0,0,0,0,30,0,0,0,0,0,0,0,43.55,80.5,10.0,9.2,2.0,2
385,441,3223,2017-01-11,7,1,1,3,30,0,0,0,0,0,0,0,30,0,0,0,0,0,0,0,43.0,80.0,10.0,5.8,1.0,2
385,441,3223,2017-01-11,7,2,7,2,13,0,7,0,10,0,0,0,30,0,0,0,0,0,0,0,43.0,80.0,10.0,5.8,1.0,2
385,441,3223,2017-01-11,8,1,4,4,7,0,12,0,11,0,0,0,30,0,0,0,0,0,0,0,43.0,76.0,10.0,5.8,1.0,2
385,441,3223,2017-01-11,8,2,1,1,9,0,0,0,21,0,0,0,30,0,0,0,0,0,0,0,43.0,76.0,10.0,5.8,1.0,2
385,441,3223,2017-01-11,9,1,1,2,0,0,10,0,20,0,0,0,30,0,0,0,0,0,0,0,44.1,73.0,10.0,5.8,1.0,2
385,441,3223,2017-01-11,9,2,0,2,2,0,18,0,10,0,0,0,30,0,0,0,0,0,0,0,44.1,73.0,10.0,5.8,1.0,2
385,441,3223,2017-01-11,10,1,0,2,30,0,0,0,0,0,0,0,30,0,0,0,0,0,0,0,46.9,66.0,10.0,4.6,1.0,2
385,441,3223,2017-01-11,10,2,3,7,30,0,0,0,0,0,0,0,30,0,0,0,0,0,0,0,46.9,66.0,10.0,4.6,1.0,2
385,441,3223,2017-01-11,11,1,1,3,27,0,3,0,0,0,0,0,30,0,0,0,0,0,0,0,48.0,66.0,10.0,5.8,1.0,2
385,441,3223,2017-01-11,11,2,2,2,30,0,0,0,0,0,0,0,30,0,0,0,0,0,0,0,48.0,66.0,10.0,5.8,1.0,2
385,441,3223,2017-01-11,12,1,0,0,7,14,0,9,0,0,0,0,30,0,0,0,0,0,0,0,50.0,61.0,10.0,5.8,1.0,2
385,441,3223,2017-01-11,12,2,0,1,0,30,0,0,0,0,0,0,30,0,0,0,0,0,0,0,50.0,61.0,10.0,5.8,1.0,2
385,441,3223,2017-01-11,13,1,2,1,7,23,0,0,0,0,0,0,30,0,0,0,0,0,0,0,50.0,61.0,10.0,5.8,1.0,2
385,441,3223,2017-01-11,13,2,3,2,30,0,0,0,0,0,0,0,30,0,0,0,0,0,0,0,50.0,61.0,10.0,5.8,1.0,2
385,441,3223,2017-01-11,14,1,2,1,30,0,0,0,0,0,0,0,30,0,0,0,0,0,0,0,51.1,59.0,10.0,5.8,1.0,2
385,441,3223,2017-01-11,14,2,3,2,30,0,0,0,0,0,0,0,30,0,0,0,0,0,0,0,51.1,59.0,10.0,5.8,1.0,2
385,441,3223,2017-01-11,15,1,2,1,30,0,0,0,0,0,0,0,30,0,0,0,0,0,0,0,51.1,56.0,10.0,3.5,1.0,2
385,441,3223,2017-01-11,15,2,0,1,30,0,0,0,0,0,0,0,30,0,0,0,0,0,0,0,51.1,56.0,10.0,3.5,1.0,2
385,441,3223,2017-01-11,16,1,4,2,30,0,0,0,0,0,0,0,30,0,0,0,0,0,0,0,50.0,63.0,10.0,5.8,1.0,2
385,441,3223,2017-01-11,16,2,0,2,30,0,0,0,0,0,0,0,30,0,0,0,0,0,0,0,50.0,63.0,10.0,5.8,1.0,2
385,441,3223,2017-01-11,17,1,3,4,30,0,0,0,0,0,0,0,30,0,0,0,0,0,0,0,46.9,74.0,10.0,3.5,1.0,2
385,441,3223,2017-01-11,17,2,1,3,30,0,0,0,0,0,0,0,30,0,0,0,0,0,0,0,46.9,74.0,10.0,3.5,1.0,2
385,441,3223,2017-01-11,18,1,6,6,28,2,0,0,0,0,0,0,30,0,0,0,0,0,0,0,48.0,77.0,10.0,9.2,1.0,2
385,441,3223,2017-01-11,18,2,7,7,12,18,0,0,0,0,0,0,30,0,0,0,0,0,0,0,48.0,77.0,10.0,9.2,1.0,2
385,441,3223,2017-01-11,19,1,6,4,6,24,0,0,0,0,0,0,30,0,0,0,0,0,0,0,48.0,77.0,10.0,5.8,1.0,2
385,441,3223,2017-01-11,19,2,7,1,21,9,0,0,0,0,0,0,30,0,0,0,0,0,0,0,48.0,77.0,10.0,5.8,1.0,2
385,441,3223,2017-01-11,20,1,4,1,3,24,0,0,3,0,0,0,30,0,0,0,0,0,0,0,50.0,68.0,10.0,3.5,1.0,2
385,441,3223,2017-01-11,20,2,1,2,0,5,0,10,15,0,0,0,30,0,0,0,0,0,0,0,50.0,68.0,10.0,3.5,1.0,2
385,441,3223,2017-01-11,21,1,1,0,0,0,0,30,0,0,0,0,30,0,0,0,0,0,0,0,48.0,83.0,5.0,5.8,1.0,2
385,441,3223,2017-01-11,21,2,1,0,0,0,0,25,5,0,0,0,30,0,0,0,0,0,0,0,48.0,83.0,5.0,5.8,1.0,2
385,441,3223,2017-01-11,22,1,0,0,0,0,0,0,30,0,0,0,30,0,0,0,0,0,0,0,46.0,93.0,3.0,6.9,1.0,2
385,441,3223,2017-01-11,22,2,0,2,0,4,0,7,19,0,0,0,30,0,0,0,0,0,0,0,46.0,93.0,3.0,6.9,1.0,2
385,441,3223,2017-01-11,23,1,1,0,0,0,0,5,25,0,0,0,30,0,0,0,0,0,0,0,46.225,93.75,2.75,5.775,4.0,2
385,441,3223,2017-01-11,23,2,0,0,0,0,0,0,30,0,0,0,30,0,0,0,0,0,0,0,46.225,93.75,2.75,5.775,4.0,2
385,441,3223,2017-01-12,0,1,0,0,22,0,0,0,8,0,0,0,30,0,0,0,0,0,0,0,48.0,93.0,5.0,4.6,1.0,3
385,441,3223,2017-01-12,0,2,0,0,30,0,0,0,0,0,0,0,30,0,0,0,0,0,0,0,48.0,93.0,5.0,4.6,1.0,3
385,441,3223,2017-01-12,1,1,0,0,6,0,0,0,24,0,0,0,30,0,0,0,0,0,0,0,50.0,89.0,8.0,10.4,1.0,3
385,441,3223,2017-01-12,1,2,0,0,0,0,0,0,30,0,0,0,30,0,0,0,0,0,0,0,50.0,89.0,8.0,10.4,1.0,3
385,441,3223,2017-01-12,2,1,0,0,0,0,0,0,30,0,0,0,30,0,0,0,0,0,0,0,51.1,89.0,9.0,9.2,1.0,3
385,441,3223,2017-01-12,2,2,0,0,0,0,0,0,30,0,0,0,30,0,0,0,0,0,0,0,51.1,89.0,9.0,9.2,1.0,3
385,441,3223,2017-01-12,3,1,0,0,0,0,0,0,30,0,0,0,30,0,0,0,0,0,0,0,51.55,89.0,10.0,5.8,2.0,3
385,441,3223,2017-01-12,3,2,0,0,0,0,0,0,30,0,0,0,30,0,0,0,0,0,0,0,51.55,89.0,10.0,5.8,2.0,3
385,441,3223,2017-01-12,4,1,0,0,0,0,0,0,30,0,0,0,30,0,0,0,0,0,0,0,53.1,86.0,10.0,4.6,1.0,3
385,441,3223,2017-01-12,4,2,0,0,0,0,0,0,30,0,0,0,30,0,0,0,0,0,0,0,53.1,86.0,10.0,4.6,1.0,3
385,441,3223,2017-01-12,5,1,0,0,0,0,0,0,30,0,0,0,30,0,0,0,0,0,0,0,53.1,86.0,10.0,7.5,2.0,3
385,441,3223,2017-01-12,5,2,0,0,0,0,0,0,30,0,0,0,30,0,0,0,0,0,0,0,53.1,86.0,10.0,7.5,2.0,3
385,441,3223,2017-01-12,6,1,0,2,19,0,0,0,11,0,0,0,30,0,0,0,0,0,0,0,54.0,83.0,10.0,7.5,2.0,3
385,441,3223,2017-01-12,6,2,0,1,27,0,3,0,0,0,0,0,30,0,0,0,0,0,0,0,54.0,83.0,10.0,7.5,2.0,3
385,441,3223,2017-01-12,7,1,4,3,30,0,0,0,0,0,0,0,30,0,0,0,0,0,0,0,54.0,86.0,10.0,9.2,1.0,3
385,441,3223,2017-01-12,7,2,2,4,12,0,18,0,0,0,0,0,30,0,0,0,0,0,0,0,54.0,86.0,10.0,9.2,1.0,3
385,441,3223,2017-01-12,8,1,7,5,18,0,12,0,0,0,0,0,30,0,0,0,0,0,0,0,54.5,84.5,10.0,9.25,2.0,3
385,441,3223,2017-01-12,8,2,2,2,11,0,10,0,9,0,0,0,30,0,0,0,0,0,0,0,54.5,84.5,10.0,9.25,2.0,3
385,441,3223,2017-01-12,9,1,3,1,8,0,9,0,13,0,0,0,30,0,0,0,0,0,0,0,55.9,84.0,10.0,9.2,1.0,3
385,441,3223,2017-01-12,9,2,2,2,12,0,3,0,15,0,0,0,30,0,0,0,0,0,0,0,55.9,84.0,10.0,9.2,1.0,3
385,441,3223,2017-01-12,10,1,2,10,30,0,0,0,0,0,0,0,8,22,0,0,0,0,0,0,57.9,78.0,10.0,6.9,1.0,3
385,441,3223,2017-01-12,10,2,2,4,30,0,0,0,0,0,0,0,3,27,0,0,0,0,0,0,57.9,78.0,10.0,6.9,1.0,3
385,441,3223,2017-01-12,11,1,0,6,30,0,0,0,0,0,0,0,0,30,0,0,0,0,0,0,60.1,75.0,10.0,5.8,1.0,3
385,441,3223,2017-01-12,11,2,2,4,30,0,0,0,0,0,0,0,3,27,0,0,0,0,0,0,60.1,75.0,10.0,5.8,1.0,3
385,441,3223,2017-01-12,12,1,1,2,0,30,0,0,0,0,0,0,30,0,0,0,0,0,0,0,63.0,67.0,10.0,10.4,1.0,3
385,441,3223,2017-01-12,12,2,2,2,0,18,0,0,12,0,0,0,30,0,0,0,0,0,0,0,63.0,67.0,10.0,10.4,1.0,3
385,441,3223,2017-01-12,13,1,1,2,24,0,0,0,6,0,0,0,30,0,0,0,0,0,0,0,64.9,63.0,10.0,8.099999999999998,1.0,3
385,441,3223,2017-01-12,13,2,3,1,30,0,0,0,0,0,0,0,30,0,0,0,0,0,0,0,64.9,63.0,10.0,8.099999999999998,1.0,3
385,441,3223,2017-01-12,14,1,4,4,30,0,0,0,0,0,0,0,25,5,0,0,0,0,0,0,64.9,61.0,10.0,8.099999999999998,1.0,3
385,441,3223,2017-01-12,14,2,0,1,30,0,0,0,0,0,0,0,30,0,0,0,0,0,0,0,64.9,61.0,10.0,8.099999999999998,1.0,3
385,441,3223,2017-01-12,15,1,3,1,30,0,0,0,0,0,0,0,30,0,0,0,0,0,0,0,64.9,61.0,10.0,9.2,1.0,3
385,441,3223,2017-01-12,15,2,1,4,30,0,0,0,0,0,0,0,30,0,0,0,0,0,0,0,64.9,61.0,10.0,9.2,1.0,3
385,441,3223,2017-01-12,16,1,0,1,30,0,0,0,0,0,0,0,30,0,0,0,0,0,0,0,64.0,63.0,10.0,4.6,1.0,3
385,441,3223,2017-01-12,16,2,2,1,30,0,0,0,0,0,0,0,30,0,0,0,0,0,0,0,64.0,63.0,10.0,4.6,1.0,3
385,441,3223,2017-01-12,17,1,5,2,30,0,0,0,0,0,0,0,30,0,0,0,0,0,0,0,64.0,63.0,10.0,4.6,1.0,3
385,441,3223,2017-01-12,17,2,1,7,30,0,0,0,0,0,0,0,30,0,0,0,0,0,0,0,64.0,63.0,10.0,4.6,1.0,3
385,441,3223,2017-01-12,18,1,4,5,30,0,0,0,0,0,0,0,30,0,0,0,0,0,0,0,64.9,61.0,10.0,4.6,1.0,3
385,441,3223,2017-01-12,18,2,8,8,30,0,0,0,0,0,0,0,30,0,0,0,0,0,0,0,64.9,61.0,10.0,4.6,1.0,3
385,441,3223,2017-01-12,19,1,8,6,10,15,0,5,0,0,0,0,30,0,0,0,0,0,0,0,64.0,63.0,10.0,5.8,1.0,3
385,441,3223,2017-01-12,19,2,11,3,11,12,0,7,0,0,0,0,30,0,0,0,0,0,0,0,64.0,63.0,10.0,5.8,1.0,3
385,441,3223,2017-01-12,20,1,8,2,19,3,2,6,0,0,0,0,30,0,0,0,0,0,0,0,64.9,61.0,10.0,11.5,1.0,3
385,441,3223,2017-01-12,20,2,4,3,14,3,0,13,0,0,0,0,30,0,0,0,0,0,0,0,64.9,61.0,10.0,11.5,1.0,3
385,441,3223,2017-01-12,21,1,2,6,0,25,0,5,0,0,0,0,30,0,0,0,0,0,0,0,64.0,63.0,10.0,9.2,1.0,3
385,441,3223,2017-01-12,21,2,4,2,0,9,0,21,0,0,0,0,30,0,0,0,0,0,0,0,64.0,63.0,10.0,9.2,1.0,3
385,441,3223,2017-01-12,22,1,3,1,0,26,0,4,0,0,0,0,30,0,0,0,0,0,0,0,63.0,65.0,10.0,6.9,1.0,3
385,441,3223,2017-01-12,22,2,0,2,7,23,0,0,0,0,0,0,30,0,0,0,0,0,0,0,63.0,65.0,10.0,6.9,1.0,3
385,441,3223,2017-01-12,23,1,1,0,30,0,0,0,0,0,0,0,30,0,0,0,0,0,0,0,48.0,93.0,5.0,4.6,1.0,3
385,441,3223,2017-01-12,23,2,0,0,30,0,0,0,0,0,0,0,30,0,0,0,0,0,0,0,48.0,93.0,5.0,4.6,1.0,3
385,441,3223,2017-01-13,0,1,0,1,30,0,0,0,0,0,0,0,30,0,0,0,0,0,0,0,61.0,75.0,10.0,10.4,1.0,4
385,441,3223,2017-01-13,0,2,1,0,30,0,0,0,0,0,0,0,30,0,0,0,0,0,0,0,61.0,75.0,10.0,10.4,1.0,4
385,441,3223,2017-01-13,1,1,0,0,29,1,0,0,0,0,0,0,30,0,0,0,0,0,0,0,60.1,78.0,10.0,4.6,1.0,4
385,441,3223,2017-01-13,1,2,0,0,0,30,0,0,0,0,0,0,30,0,0,0,0,0,0,0,60.1,78.0,10.0,4.6,1.0,4
385,441,3223,2017-01-13,2,1,0,0,0,30,0,0,0,0,0,0,30,0,0,0,0,0,0,0,59.0,81.0,10.0,5.8,1.0,4
385,441,3223,2017-01-13,2,2,0,0,0,30,0,0,0,0,0,0,30,0,0,0,0,0,0,0,59.0,81.0,10.0,5.8,1.0,4
385,441,3223,2017-01-13,3,1,0,0,0,30,0,0,0,0,0,0,30,0,0,0,0,0,0,0,57.9,75.0,10.0,5.8,1.0,4
385,441,3223,2017-01-13,3,2,0,0,0,30,0,0,0,0,0,0,30,0,0,0,0,0,0,0,57.9,75.0,10.0,5.8,1.0,4
385,441,3223,2017-01-13,4,1,0,0,0,30,0,0,0,0,0,0,30,0,0,0,0,0,0,0,55.9,75.0,10.0,10.4,1.0,4
385,441,3223,2017-01-13,4,2,0,0,0,30,0,0,0,0,0,0,30,0,0,0,0,0,0,0,55.9,75.0,10.0,10.4,1.0,4
385,441,3223,2017-01-13,5,1,0,2,0,30,0,0,0,0,0,0,30,0,0,0,0,0,0,0,53.5,72.5,10.0,9.25,2.0,4
385,441,3223,2017-01-13,5,2,1,0,0,30,0,0,0,0,0,0,30,0,0,0,0,0,0,0,53.5,72.5,10.0,9.25,2.0,4
385,441,3223,2017-01-13,6,1,0,0,27,3,0,0,0,0,0,0,30,0,0,0,0,0,0,0,50.0,72.5,10.0,6.35,2.0,4
385,441,3223,2017-01-13,6,2,0,3,30,0,0,0,0,0,0,0,30,0,0,0,0,0,0,0,50.0,72.5,10.0,6.35,2.0,4
385,441,3223,2017-01-13,7,1,5,2,30,0,0,0,0,0,0,0,30,0,0,0,0,0,0,0,46.9,66.0,10.0,3.5,1.0,4
385,441,3223,2017-01-13,7,2,7,3,28,0,0,0,2,0,0,0,30,0,0,0,0,0,0,0,46.9,66.0,10.0,3.5,1.0,4
385,441,3223,2017-01-13,8,1,3,6,20,0,0,0,10,0,0,0,30,0,0,0,0,0,0,0,46.0,56.0,10.0,12.7,1.0,4
385,441,3223,2017-01-13,8,2,6,2,15,0,0,0,15,0,0,0,30,0,0,0,0,0,0,0,46.0,56.0,10.0,12.7,1.0,4
385,441,3223,2017-01-13,9,1,3,3,18,0,6,0,6,0,0,0,30,0,0,0,0,0,0,0,45.0,52.0,10.0,8.099999999999998,1.0,4
385,441,3223,2017-01-13,9,2,3,4,14,0,0,0,16,0,0,0,30,0,0,0,0,0,0,0,45.0,52.0,10.0,8.099999999999998,1.0,4
385,441,3223,2017-01-13,10,1,2,5,27,0,0,0,3,0,0,0,30,0,0,0,0,0,0,0,45.0,46.0,10.0,6.9,1.0,4
385,441,3223,2017-01-13,10,2,2,2,30,0,0,0,0,0,0,0,30,0,0,0,0,0,0,0,45.0,46.0,10.0,6.9,1.0,4
385,441,3223,2017-01-13,11,1,4,3,30,0,0,0,0,0,0,0,30,0,0,0,0,0,0,0,46.0,46.0,10.0,10.4,1.0,4
385,441,3223,2017-01-13,11,2,5,5,30,0,0,0,0,0,0,0,30,0,0,0,0,0,0,0,46.0,46.0,10.0,10.4,1.0,4
385,441,3223,2017-01-13,12,1,0,5,30,0,0,0,0,0,0,0,30,0,0,0,0,0,0,0,46.0,39.0,10.0,3.5,1.0,4
385,441,3223,2017-01-13,12,2,3,3,9,21,0,0,0,0,0,0,30,0,0,0,0,0,0,0,46.0,39.0,10.0,3.5,1.0,4
385,441,3223,2017-01-13,13,1,0,2,30,0,0,0,0,0,0,0,30,0,0,0,0,0,0,0,45.0,39.0,10.0,8.099999999999998,1.0,4
385,441,3223,2017-01-13,13,2,1,2,30,0,0,0,0,0,0,0,30,0,0,0,0,0,0,0,45.0,39.0,10.0,8.099999999999998,1.0,4
385,441,3223,2017-01-13,14,1,2,2,30,0,0,0,0,0,0,0,30,0,0,0,0,0,0,0,44.1,37.0,10.0,10.4,1.0,4
385,441,3223,2017-01-13,14,2,1,0,30,0,0,0,0,0,0,0,30,0,0,0,0,0,0,0,44.1,37.0,10.0,10.4,1.0,4
385,441,3223,2017-01-13,15,1,2,2,30,0,0,0,0,0,0,0,30,0,0,0,0,0,0,0,42.1,32.0,10.0,8.099999999999998,1.0,4
385,441,3223,2017-01-13,15,2,3,3,30,0,0,0,0,0,0,0,30,0,0,0,0,0,0,0,42.1,32.0,10.0,8.099999999999998,1.0,4
385,441,3223,2017-01-13,16,1,0,3,30,0,0,0,0,0,0,0,30,0,0,0,0,0,0,0,39.9,35.0,10.0,6.9,1.0,4
385,441,3223,2017-01-13,16,2,3,0,30,0,0,0,0,0,0,0,30,0,0,0,0,0,0,0,39.9,35.0,10.0,6.9,1.0,4
385,441,3223,2017-01-13,17,1,4,3,30,0,0,0,0,0,0,0,30,0,0,0,0,0,0,0,37.9,38.0,10.0,9.2,1.0,4
385,441,3223,2017-01-13,17,2,5,6,30,0,0,0,0,0,0,0,30,0,0,0,0,0,0,0,37.9,38.0,10.0,9.2,1.0,4
385,441,3223,2017-01-13,18,1,3,5,30,0,0,0,0,0,0,0,30,0,0,0,0,0,0,0,36.0,41.0,10.0,4.6,1.0,4
385,441,3223,2017-01-13,18,2,3,3,30,0,0,0,0,0,0,0,30,0,0,0,0,0,0,0,36.0,41.0,10.0,4.6,1.0,4
385,441,3223,2017-01-13,19,1,2,2,30,0,0,0,0,0,0,0,30,0,0,0,0,0,0,0,35.1,42.0,10.0,4.6,1.0,4
385,441,3223,2017-01-13,19,2,0,6,30,0,0,0,0,0,0,0,30,0,0,0,0,0,0,0,35.1,42.0,10.0,4.6,1.0,4
385,441,3223,2017-01-13,20,1,0,1,30,0,0,0,0,0,0,0,30,0,0,0,0,0,0,0,34.0,46.0,10.0,9.2,1.0,4
385,441,3223,2017-01-13,20,2,1,2,30,0,0,0,0,0,0,0,30,0,0,0,0,0,0,0,34.0,46.0,10.0,9.2,1.0,4
385,441,3223,2017-01-13,21,1,0,0,30,0,0,0,0,0,0,0,30,0,0,0,0,0,0,0,33.1,46.0,10.0,6.9,1.0,4
385,441,3223,2017-01-13,21,2,0,0,30,0,0,0,0,0,0,0,30,0,0,0,0,0,0,0,33.1,46.0,10.0,6.9,1.0,4
385,441,3223,2017-01-13,22,1,1,1,30,0,0,0,0,0,0,0,30,0,0,0,0,0,0,0,32.0,45.0,10.0,8.099999999999998,1.0,4
385,441,3223,2017-01-13,22,2,0,0,30,0,0,0,0,0,0,0,30,0,0,0,0,0,0,0,32.0,45.0,10.0,8.099999999999998,1.0,4
385,441,3223,2017-01-13,23,1,0,1,30,0,0,0,0,0,0,0,30,0,0,0,0,0,0,0,32.0,48.0,10.0,5.8,1.0,4
385,441,3223,2017-01-13,23,2,0,0,30,0,0,0,0,0,0,0,30,0,0,0,0,0,0,0,32.0,48.0,10.0,5.8,1.0,4
385,441,3223,2017-01-14,0,1,0,0,30,0,0,0,0,0,0,0,30,0,0,0,0,0,0,0,32.0,48.0,10.0,3.5,1.0,5
385,441,3223,2017-01-14,0,2,0,0,30,0,0,0,0,0,0,0,30,0,0,0,0,0,0,0,32.0,48.0,10.0,3.5,1.0,5
385,441,3223,2017-01-14,1,1,0,0,30,0,0,0,0,0,0,0,30,0,0,0,0,0,0,0,32.0,52.0,10.0,9.2,1.0,5
385,441,3223,2017-01-14,1,2,1,0,30,0,0,0,0,0,0,0,30,0,0,0,0,0,0,0,32.0,52.0,10.0,9.2,1.0,5
385,441,3223,2017-01-14,2,1,0,0,30,0,0,0,0,0,0,0,30,0,0,0,0,0,0,0,30.9,50.0,10.0,6.9,1.0,5
385,441,3223,2017-01-14,2,2,0,0,30,0,0,0,0,0,0,0,30,0,0,0,0,0,0,0,30.9,50.0,10.0,6.9,1.0,5
385,441,3223,2017-01-14,3,1,0,0,30,0,0,0,0,0,0,0,30,0,0,0,0,0,0,0,30.0,49.0,10.0,9.2,1.0,5
385,441,3223,2017-01-14,3,2,0,0,30,0,0,0,0,0,0,0,30,0,0,0,0,0,0,0,30.0,49.0,10.0,9.2,1.0,5
385,441,3223,2017-01-14,4,1,0,0,30,0,0,0,0,0,0,0,30,0,0,0,0,0,0,0,30.0,51.0,10.0,3.5,1.0,5
385,441,3223,2017-01-14,4,2,0,0,30,0,0,0,0,0,0,0,30,0,0,0,0,0,0,0,30.0,51.0,10.0,3.5,1.0,5
385,441,3223,2017-01-14,5,1,1,0,30,0,0,0,0,0,0,0,30,0,0,0,0,0,0,0,28.9,51.0,10.0,6.9,1.0,5
385,441,3223,2017-01-14,5,2,1,0,30,0,0,0,0,0,0,0,30,0,0,0,0,0,0,0,28.9,51.0,10.0,6.9,1.0,5
385,441,3223,2017-01-14,6,1,1,0,30,0,0,0,0,0,0,0,30,0,0,0,0,0,0,0,28.0,53.0,10.0,5.8,1.0,5
385,441,3223,2017-01-14,6,2,1,1,30,0,0,0,0,0,0,0,30,0,0,0,0,0,0,0,28.0,53.0,10.0,5.8,1.0,5
385,441,3223,2017-01-14,7,1,0,0,30,0,0,0,0,0,0,0,30,0,0,0,0,0,0,0,28.0,53.0,10.0,5.8,1.0,5
385,441,3223,2017-01-14,7,2,0,0,30,0,0,0,0,0,0,0,30,0,0,0,0,0,0,0,28.0,53.0,10.0,5.8,1.0,5
385,441,3223,2017-01-14,8,1,1,2,30,0,0,0,0,0,0,0,30,0,0,0,0,0,0,0,28.9,49.0,10.0,4.6,1.0,5
385,441,3223,2017-01-14,8,2,1,1,30,0,0,0,0,0,0,0,30,0,0,0,0,0,0,0,28.9,49.0,10.0,4.6,1.0,5
385,441,3223,2017-01-14,9,1,3,1,30,0,0,0,0,0,0,0,30,0,0,0,0,0,0,0,30.9,47.0,10.0,3.5,1.0,5
385,441,3223,2017-01-14,9,2,1,2,30,0,0,0,0,0,0,0,30,0,0,0,0,0,0,0,30.9,47.0,10.0,3.5,1.0,5
385,441,3223,2017-01-14,10,1,1,2,30,0,0,0,0,0,0,0,30,0,0,0,0,0,0,0,32.0,50.0,10.0,8.099999999999998,1.0,5
385,441,3223,2017-01-14,10,2,3,4,30,0,0,0,0,0,0,0,30,0,0,0,0,0,0,0,32.0,50.0,10.0,8.099999999999998,1.0,5
385,441,3223,2017-01-14,11,1,3,2,30,0,0,0,0,0,0,0,30,0,0,0,0,0,0,0,32.0,50.0,10.0,3.5,1.0,5
385,441,3223,2017-01-14,11,2,2,6,30,0,0,0,0,0,0,0,30,0,0,0,0,0,0,0,32.0,50.0,10.0,3.5,1.0,5
385,441,3223,2017-01-14,12,1,7,2,30,0,0,0,0,0,0,0,30,0,0,0,0,0,0,0,33.1,48.0,10.0,3.5,1.0,5
385,441,3223,2017-01-14,12,2,1,3,30,0,0,0,0,0,0,0,30,0,0,0,0,0,0,0,33.1,48.0,10.0,3.5,1.0,5
385,441,3223,2017-01-14,13,1,5,2,30,0,0,0,0,0,0,0,30,0,0,0,0,0,0,0,33.1,50.0,10.0,3.5,1.0,5
385,441,3223,2017-01-14,13,2,4,4,30,0,0,0,0,0,0,0,30,0,0,0,0,0,0,0,33.1,50.0,10.0,3.5,1.0,5
385,441,3223,2017-01-14,14,1,1,4,30,0,0,0,0,0,0,0,30,0,0,0,0,0,0,0,32.0,61.0,5.0,3.5,1.0,5
385,441,3223,2017-01-14,14,2,1,2,30,0,0,0,0,0,0,0,30,0,0,0,0,0,0,0,32.0,61.0,5.0,3.5,1.0,5
385,441,3223,2017-01-14,15,1,0,1,30,0,0,0,0,0,0,0,30,0,0,0,0,0,0,0,29.175,82.0,0.6,4.625,3.0,5
385,441,3223,2017-01-14,15,2,2,3,30,0,0,0,0,0,0,0,30,0,0,0,0,0,0,0,29.175,82.0,0.6,4.625,3.0,5
385,441,3223,2017-01-14,16,1,2,2,30,0,0,0,0,0,0,0,30,0,0,0,0,0,0,0,28.9,90.5,0.8499999999999999,3.5,1.0,5
385,441,3223,2017-01-14,16,2,2,3,30,0,0,0,0,0,0,0,30,0,0,0,0,0,0,0,28.9,90.5,0.8499999999999999,3.5,1.0,5
385,441,3223,2017-01-14,17,1,0,0,30,0,0,0,0,0,0,0,30,0,0,0,0,0,0,0,30.18,91.4,1.98,4.05,5.0,5
385,441,3223,2017-01-14,17,2,1,1,30,0,0,0,0,0,0,0,30,0,0,0,0,0,0,0,30.18,91.4,1.98,4.05,5.0,5
385,441,3223,2017-01-14,18,1,2,1,30,0,0,0,0,0,0,0,30,0,0,0,0,0,0,0,30.45,90.5,1.9,3.5,2.0,5
385,441,3223,2017-01-14,18,2,0,0,30,0,0,0,0,0,0,0,30,0,0,0,0,0,0,0,30.45,90.5,1.9,3.5,2.0,5
385,441,3223,2017-01-14,19,1,0,1,30,0,0,0,0,0,0,0,30,0,0,0,0,0,0,0,30.9,89.0,3.5,3.5,1.0,5
385,441,3223,2017-01-14,19,2,0,1,30,0,0,0,0,0,0,0,30,0,0,0,0,0,0,0,30.9,89.0,3.5,3.5,1.0,5
385,441,3223,2017-01-14,20,1,0,0,30,0,0,0,0,0,0,0,30,0,0,0,0,0,0,0,31.266666666666666,89.66666666666667,5.0,3.5,3.0,5
385,441,3223,2017-01-14,20,2,1,0,30,0,0,0,0,0,0,0,30,0,0,0,0,0,0,0,31.266666666666666,89.66666666666667,5.0,3.5,3.0,5
385,441,3223,2017-01-14,21,1,0,0,30,0,0,0,0,0,0,0,30,0,0,0,0,0,0,0,31.266666666666666,89.66666666666667,3.1666666666666665,4.05,2.0,5
385,441,3223,2017-01-14,21,2,0,1,30,0,0,0,0,0,0,0,30,0,0,0,0,0,0,0,31.266666666666666,89.66666666666667,3.1666666666666665,4.05,2.0,5
385,441,3223,2017-01-14,22,1,0,0,30,0,0,0,0,0,0,0,30,0,0,0,0,0,0,0,30.899999999999995,89.0,4.5,4.633333333333333,2.0,5
385,441,3223,2017-01-14,22,2,0,0,30,0,0,0,0,0,0,0,30,0,0,0,0,0,0,0,30.899999999999995,89.0,4.5,4.633333333333333,2.0,5
385,441,3223,2017-01-14,23,1,0,0,30,0,0,0,0,0,0,0,30,0,0,0,0,0,0,0,32.0,85.0,8.0,6.9,1.0,5
385,441,3223,2017-01-14,23,2,0,1,30,0,0,0,0,0,0,0,30,0,0,0,0,0,0,0,32.0,85.0,8.0,6.9,1.0,5
385,441,3223,2017-01-15,0,1,0,1,30,0,0,0,0,0,0,0,30,0,0,0,0,0,0,0,32.0,85.0,8.0,8.649999999999999,2.0,6
385,441,3223,2017-01-15,0,2,1,0,30,0,0,0,0,0,0,0,30,0,0,0,0,0,0,0,32.0,85.0,8.0,8.649999999999999,2.0,6
385,441,3223,2017-01-15,1,1,0,0,30,0,0,0,0,0,0,0,30,0,0,0,0,0,0,0,32.0,81.33333333333333,9.666666666666666,5.0,3.0,6
385,441,3223,2017-01-15,1,2,0,1,30,0,0,0,0,0,0,0,30,0,0,0,0,0,0,0,32.0,81.33333333333333,9.666666666666666,5.0,3.0,6
385,441,3223,2017-01-15,2,1,0,0,30,0,0,0,0,0,0,0,30,0,0,0,0,0,0,0,32.0,82.0,9.0,8.649999999999999,1.0,6
385,441,3223,2017-01-15,2,2,0,0,30,0,0,0,0,0,0,0,30,0,0,0,0,0,0,0,32.0,82.0,9.0,8.649999999999999,1.0,6
385,441,3223,2017-01-15,3,1,0,0,30,0,0,0,0,0,0,0,30,0,0,0,0,0,0,0,30.9,82.0,9.0,5.8,1.0,6
385,441,3223,2017-01-15,3,2,0,0,30,0,0,0,0,0,0,0,30,0,0,0,0,0,0,0,30.9,82.0,9.0,5.8,1.0,6
385,441,3223,2017-01-15,4,1,0,0,30,0,0,0,0,0,0,0,30,0,0,0,0,0,0,0,30.9,79.0,10.0,6.9,1.0,6
385,441,3223,2017-01-15,4,2,0,0,30,0,0,0,0,0,0,0,30,0,0,0,0,0,0,0,30.9,79.0,10.0,6.9,1.0,6
385,441,3223,2017-01-15,5,1,0,0,30,0,0,0,0,0,0,0,30,0,0,0,0,0,0,0,30.0,79.0,10.0,5.8,1.0,6
385,441,3223,2017-01-15,5,2,0,0,30,0,0,0,0,0,0,0,30,0,0,0,0,0,0,0,30.0,79.0,10.0,5.8,1.0,6
385,441,3223,2017-01-15,6,1,0,0,30,0,0,0,0,0,0,0,30,0,0,0,0,0,0,0,30.0,75.0,10.0,9.2,1.0,6
385,441,3223,2017-01-15,6,2,1,0,30,0,0,0,0,0,0,0,30,0,0,0,0,0,0,0,30.0,75.0,10.0,9.2,1.0,6
385,441,3223,2017-01-15,7,1,0,0,30,0,0,0,0,0,0,0,30,0,0,0,0,0,0,0,30.0,69.0,10.0,4.6,1.0,6
385,441,3223,2017-01-15,7,2,0,0,30,0,0,0,0,0,0,0,30,0,0,0,0,0,0,0,30.0,69.0,10.0,4.6,1.0,6
385,441,3223,2017-01-15,8,1,0,0,30,0,0,0,0,0,0,0,30,0,0,0,0,0,0,0,30.9,64.0,10.0,3.5,1.0,6
385,441,3223,2017-01-15,8,2,0,1,30,0,0,0,0,0,0,0,30,0,0,0,0,0,0,0,30.9,64.0,10.0,3.5,1.0,6
385,441,3223,2017-01-15,9,1,0,0,30,0,0,0,0,0,0,0,30,0,0,0,0,0,0,0,33.1,61.0,10.0,3.5,1.0,6
385,441,3223,2017-01-15,9,2,2,0,30,0,0,0,0,0,0,0,30,0,0,0,0,0,0,0,33.1,61.0,10.0,3.5,1.0,6
385,441,3223,2017-01-15,10,1,0,0,30,0,0,0,0,0,0,0,30,0,0,0,0,0,0,0,34.0,56.0,10.0,8.649999999999999,1.0,6
385,441,3223,2017-01-15,10,2,0,3,30,0,0,0,0,0,0,0,30,0,0,0,0,0,0,0,34.0,56.0,10.0,8.649999999999999,1.0,6
385,441,3223,2017-01-15,11,1,3,2,30,0,0,0,0,0,0,0,30,0,0,0,0,0,0,0,36.0,55.0,10.0,8.649999999999999,1.0,6
385,441,3223,2017-01-15,11,2,2,2,30,0,0,0,0,0,0,0,30,0,0,0,0,0,0,0,36.0,55.0,10.0,8.649999999999999,1.0,6
385,441,3223,2017-01-15,12,1,6,2,30,0,0,0,0,0,0,0,30,0,0,0,0,0,0,0,37.0,50.0,10.0,8.099999999999998,1.0,6
385,441,3223,2017-01-15,12,2,0,0,30,0,0,0,0,0,0,0,30,0,0,0,0,0,0,0,37.0,50.0,10.0,8.099999999999998,1.0,6
385,441,3223,2017-01-15,13,1,2,1,30,0,0,0,0,0,0,0,30,0,0,0,0,0,0,0,37.0,50.0,10.0,3.5,1.0,6
385,441,3223,2017-01-15,13,2,1,3,30,0,0,0,0,0,0,0,30,0,0,0,0,0,0,0,37.0,50.0,10.0,3.5,1.0,6
385,441,3223,2017-01-15,14,1,3,0,30,0,0,0,0,0,0,0,30,0,0,0,0,0,0,0,37.9,48.0,10.0,6.9,1.0,6
385,441,3223,2017-01-15,14,2,4,2,30,0,0,0,0,0,0,0,30,0,0,0,0,0,0,0,37.9,48.0,10.0,6.9,1.0,6
385,441,3223,2017-01-15,15,1,5,2,30,0,0,0,0,0,0,0,30,0,0,0,0,0,0,0,37.9,48.0,10.0,3.5,1.0,6
385,441,3223,2017-01-15,15,2,1,0,30,0,0,0,0,0,0,0,30,0,0,0,0,0,0,0,37.9,48.0,10.0,3.5,1.0,6
385,441,3223,2017-01-15,16,1,1,2,30,0,0,0,0,0,0,0,30,0,0,0,0,0,0,0,37.0,50.0,10.0,4.6,1.0,6
385,441,3223,2017-01-15,16,2,6,6,30,0,0,0,0,0,0,0,30,0,0,0,0,0,0,0,37.0,50.0,10.0,4.6,1.0,6
385,441,3223,2017-01-15,17,1,3,2,30,0,0,0,0,0,0,0,30,0,0,0,0,0,0,0,37.0,50.0,10.0,8.649999999999999,1.0,6
385,441,3223,2017-01-15,17,2,0,1,30,0,0,0,0,0,0,0,30,0,0,0,0,0,0,0,37.0,50.0,10.0,8.649999999999999,1.0,6
385,441,3223,2017-01-15,18,1,0,1,30,0,0,0,0,0,0,0,30,0,0,0,0,0,0,0,36.0,52.0,10.0,3.5,1.0,6
385,441,3223,2017-01-15,18,2,2,3,30,0,0,0,0,0,0,0,30,0,0,0,0,0,0,0,36.0,52.0,10.0,3.5,1.0,6
385,441,3223,2017-01-15,19,1,0,2,30,0,0,0,0,0,0,0,30,0,0,0,0,0,0,0,35.1,52.0,10.0,4.6,1.0,6
385,441,3223,2017-01-15,19,2,2,2,30,0,0,0,0,0,0,0,30,0,0,0,0,0,0,0,35.1,52.0,10.0,4.6,1.0,6
385,441,3223,2017-01-15,20,1,1,0,30,0,0,0,0,0,0,0,30,0,0,0,0,0,0,0,34.0,54.0,10.0,3.5,1.0,6
385,441,3223,2017-01-15,20,2,0,0,30,0,0,0,0,0,0,0,30,0,0,0,0,0,0,0,34.0,54.0,10.0,3.5,1.0,6
385,441,3223,2017-01-15,21,1,1,3,30,0,0,0,0,0,0,0,30,0,0,0,0,0,0,0,33.1,56.0,10.0,8.649999999999999,1.0,6
385,441,3223,2017-01-15,21,2,1,0,30,0,0,0,0,0,0,0,30,0,0,0,0,0,0,0,33.1,56.0,10.0,8.649999999999999,1.0,6
385,441,3223,2017-01-15,22,1,0,1,30,0,0,0,0,0,0,0,30,0,0,0,0,0,0,0,32.0,59.0,10.0,3.5,1.0,6
385,441,3223,2017-01-15,22,2,0,1,30,0,0,0,0,0,0,0,30,0,0,0,0,0,0,0,32.0,59.0,10.0,3.5,1.0,6
385,441,3223,2017-01-15,23,1,1,1,30,0,0,0,0,0,0,0,30,0,0,0,0,0,0,0,32.0,59.0,10.0,8.649999999999999,1.0,6
385,441,3223,2017-01-15,23,2,0,1,30,0,0,0,0,0,0,0,30,0,0,0,0,0,0,0,32.0,59.0,10.0,8.649999999999999,1.0,6
385,441,3223,2017-01-16,0,1,1,0,30,0,0,0,0,0,0,0,30,0,0,0,0,0,0,0,30.9,61.0,10.0,3.5,1.0,0
385,441,3223,2017-01-16,0,2,0,1,30,0,0,0,0,0,0,0,30,0,0,0,0,0,0,0,30.9,61.0,10.0,3.5,1.0,0
385,441,3223,2017-01-16,1,1,0,0,30,0,0,0,0,0,0,0,30,0,0,0,0,0,0,0,30.9,64.0,10.0,3.5,1.0,0
385,441,3223,2017-01-16,1,2,0,0,30,0,0,0,0,0,0,0,30,0,0,0,0,0,0,0,30.9,64.0,10.0,3.5,1.0,0
385,441,3223,2017-01-16,2,1,0,0,30,0,0,0,0,0,0,0,30,0,0,0,0,0,0,0,30.9,64.0,10.0,3.5,1.0,0
385,441,3223,2017-01-16,2,2,0,0,30,0,0,0,0,0,0,0,30,0,0,0,0,0,0,0,30.9,64.0,10.0,3.5,1.0,0
385,441,3223,2017-01-16,3,1,0,0,30,0,0,0,0,0,0,0,30,0,0,0,0,0,0,0,30.9,57.0,10.0,4.6,1.0,0
385,441,3223,2017-01-16,3,2,0,0,30,0,0,0,0,0,0,0,30,0,0,0,0,0,0,0,30.9,57.0,10.0,4.6,1.0,0
385,441,3223,2017-01-16,4,1,0,0,30,0,0,0,0,0,0,0,30,0,0,0,0,0,0,0,30.0,56.0,10.0,4.6,1.0,0
385,441,3223,2017-01-16,4,2,0,0,30,0,0,0,0,0,0,0,30,0,0,0,0,0,0,0,30.0,56.0,10.0,4.6,1.0,0
385,441,3223,2017-01-16,5,1,0,1,30,0,0,0,0,0,0,0,30,0,0,0,0,0,0,0,30.0,59.0,10.0,4.6,1.0,0
385,441,3223,2017-01-16,5,2,1,0,30,0,0,0,0,0,0,0,30,0,0,0,0,0,0,0,30.0,59.0,10.0,4.6,1.0,0
385,441,3223,2017-01-16,6,1,0,0,30,0,0,0,0,0,0,0,30,0,0,0,0,0,0,0,30.0,64.0,10.0,3.5,1.0,0
385,441,3223,2017-01-16,6,2,0,2,30,0,0,0,0,0,0,0,30,0,0,0,0,0,0,0,30.0,64.0,10.0,3.5,1.0,0
385,441,3223,2017-01-16,7,1,1,0,30,0,0,0,0,0,0,0,30,0,0,0,0,0,0,0,30.9,59.0,10.0,3.5,1.0,0
385,441,3223,2017-01-16,7,2,0,1,30,0,0,0,0,0,0,0,30,0,0,0,0,0,0,0,30.9,59.0,10.0,3.5,1.0,0
385,441,3223,2017-01-16,8,1,1,1,30,0,0,0,0,0,0,0,30,0,0,0,0,0,0,0,32.0,61.0,10.0,3.5,1.0,0
385,441,3223,2017-01-16,8,2,4,1,30,0,0,0,0,0,0,0,30,0,0,0,0,0,0,0,32.0,61.0,10.0,3.5,1.0,0
385,441,3223,2017-01-16,9,1,4,2,30,0,0,0,0,0,0,0,30,0,0,0,0,0,0,0,34.0,56.0,10.0,3.5,1.0,0
385,441,3223,2017-01-16,9,2,4,4,30,0,0,0,0,0,0,0,30,0,0,0,0,0,0,0,34.0,56.0,10.0,3.5,1.0,0
385,441,3223,2017-01-16,10,1,3,3,30,0,0,0,0,0,0,0,30,0,0,0,0,0,0,0,36.0,55.0,10.0,3.5,1.0,0
385,441,3223,2017-01-16,10,2,2,3,30,0,0,0,0,0,0,0,30,0,0,0,0,0,0,0,36.0,55.0,10.0,3.5,1.0,0
385,441,3223,2017-01-16,11,1,5,2,30,0,0,0,0,0,0,0,30,0,0,0,0,0,0,0,37.9,51.0,10.0,3.5,1.0,0
385,441,3223,2017-01-16,11,2,2,2,30,0,0,0,0,0,0,0,30,0,0,0,0,0,0,0,37.9,51.0,10.0,3.5,1.0,0
385,441,3223,2017-01-16,12,1,1,3,30,0,0,0,0,0,0,0,30,0,0,0,0,0,0,0,39.9,47.0,10.0,6.9,1.0,0
385,441,3223,2017-01-16,12,2,2,2,30,0,0,0,0,0,0,0,30,0,0,0,0,0,0,0,39.9,47.0,10.0,6.9,1.0,0
385,441,3223,2017-01-16,13,1,1,1,30,0,0,0,0,0,0,0,30,0,0,0,0,0,0,0,41.0,45.0,10.0,3.5,1.0,0
385,441,3223,2017-01-16,13,2,5,1,30,0,0,0,0,0,0,0,30,0,0,0,0,0,0,0,41.0,45.0,10.0,3.5,1.0,0
385,441,3223,2017-01-16,14,1,2,1,30,0,0,0,0,0,0,0,30,0,0,0,0,0,0,0,43.0,42.0,10.0,4.6,1.0,0
385,441,3223,2017-01-16,14,2,5,4,30,0,0,0,0,0,0,0,30,0,0,0,0,0,0,0,43.0,42.0,10.0,4.6,1.0,0
385,441,3223,2017-01-16,15,1,2,4,30,0,0,0,0,0,0,0,30,0,0,0,0,0,0,0,42.1,45.0,10.0,8.099999999999998,1.0,0
385,441,3223,2017-01-16,15,2,4,3,30,0,0,0,0,0,0,0,30,0,0,0,0,0,0,0,42.1,45.0,10.0,8.099999999999998,1.0,0
385,441,3223,2017-01-16,16,1,2,1,30,0,0,0,0,0,0,0,30,0,0,0,0,0,0,0,41.0,49.0,10.0,4.6,1.0,0
385,441,3223,2017-01-16,16,2,3,4,30,0,0,0,0,0,0,0,30,0,0,0,0,0,0,0,41.0,49.0,10.0,4.6,1.0,0
385,441,3223,2017-01-16,17,1,4,5,30,0,0,0,0,0,0,0,30,0,0,0,0,0,0,0,41.0,51.0,10.0,4.6,1.0,0
385,441,3223,2017-01-16,17,2,1,4,30,0,0,0,0,0,0,0,30,0,0,0,0,0,0,0,41.0,51.0,10.0,4.6,1.0,0
385,441,3223,2017-01-16,18,1,2,5,30,0,0,0,0,0,0,0,30,0,0,0,0,0,0,0,41.0,51.0,10.0,4.6,1.0,0
385,441,3223,2017-01-16,18,2,2,3,30,0,0,0,0,0,0,0,30,0,0,0,0,0,0,0,41.0,51.0,10.0,4.6,1.0,0
385,441,3223,2017-01-16,19,1,3,3,30,0,0,0,0,0,0,0,30,0,0,0,0,0,0,0,41.0,51.0,10.0,3.5,1.0,0
385,441,3223,2017-01-16,19,2,4,3,30,0,0,0,0,0,0,0,30,0,0,0,0,0,0,0,41.0,51.0,10.0,3.5,1.0,0
385,441,3223,2017-01-16,20,1,1,1,30,0,0,0,0,0,0,0,30,0,0,0,0,0,0,0,41.0,51.0,10.0,11.5,1.0,0
385,441,3223,2017-01-16,20,2,2,1,30,0,0,0,0,0,0,0,30,0,0,0,0,0,0,0,41.0,51.0,10.0,11.5,1.0,0
385,441,3223,2017-01-16,21,1,2,1,30,0,0,0,0,0,0,0,30,0,0,0,0,0,0,0,41.0,51.0,10.0,9.2,1.0,0
385,441,3223,2017-01-16,21,2,2,0,30,0,0,0,0,0,0,0,30,0,0,0,0,0,0,0,41.0,51.0,10.0,9.2,1.0,0
385,441,3223,2017-01-16,22,1,0,0,30,0,0,0,0,0,0,0,30,0,0,0,0,0,0,0,41.0,51.0,10.0,5.8,1.0,0
385,441,3223,2017-01-16,22,2,2,0,30,0,0,0,0,0,0,0,30,0,0,0,0,0,0,0,41.0,51.0,10.0,5.8,1.0,0
385,441,3223,2017-01-16,23,1,0,0,30,0,0,0,0,0,0,0,30,0,0,0,0,0,0,0,39.9,55.0,10.0,4.6,1.0,0
385,441,3223,2017-01-16,23,2,0,1,30,0,0,0,0,0,0,0,30,0,0,0,0,0,0,0,39.9,55.0,10.0,4.6,1.0,0
385,441,3223,2017-01-17,0,1,0,0,30,0,0,0,0,0,0,0,30,0,0,0,0,0,0,0,39.9,55.0,10.0,6.9,1.0,1
385,441,3223,2017-01-17,0,2,0,0,30,0,0,0,0,0,0,0,30,0,0,0,0,0,0,0,39.9,55.0,10.0,6.9,1.0,1
385,441,3223,2017-01-17,1,1,0,0,30,0,0,0,0,0,0,0,30,0,0,0,0,0,0,0,39.9,58.0,10.0,4.6,1.0,1
385,441,3223,2017-01-17,1,2,0,0,30,0,0,0,0,0,0,0,30,0,0,0,0,0,0,0,39.9,58.0,10.0,4.6,1.0,1
385,441,3223,2017-01-17,2,1,0,0,30,0,0,0,0,0,0,0,30,0,0,0,0,0,0,0,39.9,58.0,10.0,4.6,1.0,1
385,441,3223,2017-01-17,2,2,0,0,30,0,0,0,0,0,0,0,30,0,0,0,0,0,0,0,39.9,58.0,10.0,4.6,1.0,1
385,441,3223,2017-01-17,3,1,0,0,30,0,0,0,0,0,0,0,30,0,0,0,0,0,0,0,39.9,60.0,9.0,5.8,1.0,1
385,441,3223,2017-01-17,3,2,0,0,30,0,0,0,0,0,0,0,30,0,0,0,0,0,0,0,39.9,60.0,9.0,5.8,1.0,1
385,441,3223,2017-01-17,4,1,0,0,30,0,0,0,0,0,0,0,30,0,0,0,0,0,0,0,39.9,60.0,9.0,5.8,1.0,1
385,441,3223,2017-01-17,4,2,0,0,30,0,0,0,0,0,0,0,30,0,0,0,0,0,0,0,39.9,60.0,9.0,5.8,1.0,1
385,441,3223,2017-01-17,5,1,1,0,30,0,0,0,0,0,0,0,30,0,0,0,0,0,0,0,39.9,60.0,9.0,5.8,1.0,1
385,441,3223,2017-01-17,5,2,1,0,30,0,0,0,0,0,0,0,30,0,0,0,0,0,0,0,39.9,60.0,9.0,5.8,1.0,1
385,441,3223,2017-01-17,6,1,0,0,30,0,0,0,0,0,0,0,30,0,0,0,0,0,0,0,39.9,63.0,9.0,6.9,1.0,1
385,441,3223,2017-01-17,6,2,3,4,30,0,0,0,0,0,0,0,30,0,0,0,0,0,0,0,39.9,63.0,9.0,6.9,1.0,1
385,441,3223,2017-01-17,7,1,4,1,30,0,0,0,0,0,0,0,30,0,0,0,0,0,0,0,39.9,61.5,8.0,3.5,2.0,1
385,441,3223,2017-01-17,7,2,3,2,30,0,0,0,0,0,0,0,30,0,0,0,0,0,0,0,39.9,61.5,8.0,3.5,2.0,1
385,441,3223,2017-01-17,8,1,5,5,30,0,0,0,0,0,0,0,30,0,0,0,0,0,0,0,41.55,59.0,7.0,6.9,2.0,1
385,441,3223,2017-01-17,8,2,10,5,30,0,0,0,0,0,0,0,30,0,0,0,0,0,0,0,41.55,59.0,7.0,6.9,2.0,1
385,441,3223,2017-01-17,9,1,4,4,23,0,0,0,7,0,0,0,20,10,0,0,0,0,0,0,41.0,67.5,5.0,3.5,1.0,1
385,441,3223,2017-01-17,9,2,3,3,30,0,0,0,0,0,0,0,30,0,0,0,0,0,0,0,41.0,67.5,5.0,3.5,1.0,1
385,441,3223,2017-01-17,10,1,0,3,30,0,0,0,0,0,0,0,30,0,0,0,0,0,0,0,39.9,81.5,4.5,6.9,2.0,1
385,441,3223,2017-01-17,10,2,1,0,30,0,0,0,0,0,0,0,30,0,0,0,0,0,0,0,39.9,81.5,4.5,6.9,2.0,1
385,441,3223,2017-01-17,11,1,0,0,30,0,0,0,0,0,0,0,30,0,0,0,0,0,0,0,39.9,88.0,2.333333333333333,3.5,3.0,1
385,441,3223,2017-01-17,11,2,0,0,30,0,0,0,0,0,0,0,30,0,0,0,0,0,0,0,39.9,88.0,2.333333333333333,3.5,3.0,1
385,441,3223,2017-01-17,12,1,1,1,30,0,0,0,0,0,0,0,30,0,0,0,0,0,0,0,39.9,93.0,1.65,4.05,2.0,1
385,441,3223,2017-01-17,12,2,1,1,30,0,0,0,0,0,0,0,30,0,0,0,0,0,0,0,39.9,93.0,1.65,4.05,2.0,1
385,441,3223,2017-01-17,13,1,1,2,30,0,0,0,0,0,0,0,30,0,0,0,0,0,0,0,39.0,92.66666666666669,2.4333333333333327,4.633333333333333,2.0,1
385,441,3223,2017-01-17,13,2,1,1,30,0,0,0,0,0,0,0,30,0,0,0,0,0,0,0,39.0,92.66666666666669,2.4333333333333327,4.633333333333333,2.0,1
385,441,3223,2017-01-17,14,1,0,2,30,0,0,0,0,0,0,0,30,0,0,0,0,0,0,0,39.0,94.0,2.1,5.8,2.0,1
385,441,3223,2017-01-17,14,2,1,1,30,0,0,0,0,0,0,0,30,0,0,0,0,0,0,0,39.0,94.0,2.1,5.8,2.0,1
385,441,3223,2017-01-17,15,1,2,2,30,0,0,0,0,0,0,0,30,0,0,0,0,0,0,0,39.400000000000006,91.4,2.9,6.7,4.0,1
385,441,3223,2017-01-17,15,2,1,1,30,0,0,0,0,0,0,0,30,0,0,0,0,0,0,0,39.400000000000006,91.4,2.9,6.7,4.0,1
385,441,3223,2017-01-17,16,1,0,0,30,0,0,0,0,0,0,0,30,0,0,0,0,0,0,0,39.9,89.0,4.0,6.9,1.0,1
385,441,3223,2017-01-17,16,2,2,3,30,0,0,0,0,0,0,0,30,0,0,0,0,0,0,0,39.9,89.0,4.0,6.9,1.0,1
385,441,3223,2017-01-17,17,1,3,1,30,0,0,0,0,0,0,0,30,0,0,0,0,0,0,0,39.0,94.5,2.75,5.8,2.0,1
385,441,3223,2017-01-17,17,2,2,1,30,0,0,0,0,0,0,0,30,0,0,0,0,0,0,0,39.0,94.5,2.75,5.8,2.0,1
385,441,3223,2017-01-17,18,1,1,1,30,0,0,0,0,0,0,0,30,0,0,0,0,0,0,0,39.0,93.0,2.8,5.080000000000001,5.0,1
385,441,3223,2017-01-17,18,2,0,0,30,0,0,0,0,0,0,0,30,0,0,0,0,0,0,0,39.0,93.0,2.8,5.080000000000001,5.0,1
385,441,3223,2017-01-17,19,1,0,0,30,0,0,0,0,0,0,0,30,0,0,0,0,0,0,0,39.0,93.75,2.075,6.625,4.0,1
385,441,3223,2017-01-17,19,2,0,0,30,0,0,0,0,0,0,0,30,0,0,0,0,0,0,0,39.0,93.75,2.075,6.625,4.0,1
385,441,3223,2017-01-17,20,1,1,0,30,0,0,0,0,0,0,0,30,0,0,0,0,0,0,0,39.0,96.0,2.6666666666666665,6.533333333333334,3.0,1
385,441,3223,2017-01-17,20,2,0,1,30,0,0,0,0,0,0,0,30,0,0,0,0,0,0,0,39.0,96.0,2.6666666666666665,6.533333333333334,3.0,1
385,441,3223,2017-01-17,21,1,0,1,30,0,0,0,0,0,0,0,30,0,0,0,0,0,0,0,39.0,94.5,4.0,6.949999999999999,1.0,1
385,441,3223,2017-01-17,21,2,0,2,30,0,0,0,0,0,0,0,30,0,0,0,0,0,0,0,39.0,94.5,4.0,6.949999999999999,1.0,1
385,441,3223,2017-01-17,22,1,0,0,30,0,0,0,0,0,0,0,30,0,0,0,0,0,0,0,38.26666666666667,96.66666666666669,2.833333333333333,7.7,2.0,1
385,441,3223,2017-01-17,22,2,0,0,30,0,0,0,0,0,0,0,30,0,0,0,0,0,0,0,38.26666666666667,96.66666666666669,2.833333333333333,7.7,2.0,1
385,441,3223,2017-01-17,23,1,1,0,30,0,0,0,0,0,0,0,30,0,0,0,0,0,0,0,37.9,97.0,2.1,6.900000000000001,2.0,1
385,441,3223,2017-01-17,23,2,0,0,30,0,0,0,0,0,0,0,30,0,0,0,0,0,0,0,37.9,97.0,2.1,6.900000000000001,2.0,1
385,441,3223,2017-01-18,0,1,0,0,30,0,0,0,0,0,0,0,30,0,0,0,0,0,0,0,37.73333333333333,98.0,4.0,8.83333333333333,3.0,2
385,441,3223,2017-01-18,0,2,0,0,30,0,0,0,0,0,0,0,30,0,0,0,0,0,0,0,37.73333333333333,98.0,4.0,8.83333333333333,3.0,2
385,441,3223,2017-01-18,1,1,0,0,30,0,0,0,0,0,0,0,30,0,0,0,0,0,0,0,37.9,97.0,3.5,6.949999999999999,2.0,2
385,441,3223,2017-01-18,1,2,0,0,30,0,0,0,0,0,0,0,30,0,0,0,0,0,0,0,37.9,97.0,3.5,6.949999999999999,2.0,2
385,441,3223,2017-01-18,2,1,0,0,30,0,0,0,0,0,0,0,30,0,0,0,0,0,0,0,37.9,100.0,3.1666666666666665,8.433333333333332,2.0,2
385,441,3223,2017-01-18,2,2,0,0,30,0,0,0,0,0,0,0,30,0,0,0,0,0,0,0,37.9,100.0,3.1666666666666665,8.433333333333332,2.0,2
385,441,3223,2017-01-18,3,1,0,0,30,0,0,0,0,0,0,0,30,0,0,0,0,0,0,0,39.06666666666667,98.66666666666669,3.333333333333333,3.8666666666666663,2.0,2
385,441,3223,2017-01-18,3,2,0,0,30,0,0,0,0,0,0,0,30,0,0,0,0,0,0,0,39.06666666666667,98.66666666666669,3.333333333333333,3.8666666666666663,2.0,2
385,441,3223,2017-01-18,4,1,0,0,30,0,0,0,0,0,0,0,30,0,0,0,0,0,0,0,39.45,96.5,7.0,5.75,2.0,2
385,441,3223,2017-01-18,4,2,0,0,30,0,0,0,0,0,0,0,30,0,0,0,0,0,0,0,39.45,96.5,7.0,5.75,2.0,2
385,441,3223,2017-01-18,5,1,0,1,30,0,0,0,0,0,0,0,30,0,0,0,0,0,0,0,39.9,97.0,10.0,8.099999999999998,1.0,2
385,441,3223,2017-01-18,5,2,0,0,30,0,0,0,0,0,0,0,30,0,0,0,0,0,0,0,39.9,97.0,10.0,8.099999999999998,1.0,2
385,441,3223,2017-01-18,6,1,1,0,30,0,0,0,0,0,0,0,30,0,0,0,0,0,0,0,39.9,97.0,7.0,8.099999999999998,1.0,2
385,441,3223,2017-01-18,6,2,4,3,30,0,0,0,0,0,0,0,30,0,0,0,0,0,0,0,39.9,97.0,7.0,8.099999999999998,1.0,2
385,441,3223,2017-01-18,7,1,4,3,30,0,0,0,0,0,0,0,30,0,0,0,0,0,0,0,39.9,97.0,6.0,5.8,1.0,2
385,441,3223,2017-01-18,7,2,5,1,30,0,0,0,0,0,0,0,29,1,0,0,0,0,0,0,39.9,97.0,6.0,5.8,1.0,2
385,441,3223,2017-01-18,8,1,3,7,30,0,0,0,0,0,0,0,16,14,0,0,0,0,0,0,39.9,97.0,5.0,6.9,1.0,2
385,441,3223,2017-01-18,8,2,6,19,30,0,0,0,0,0,0,0,29,0,1,0,0,0,0,0,39.9,97.0,5.0,6.9,1.0,2
385,441,3223,2017-01-18,9,1,4,12,30,0,0,0,0,0,0,0,18,0,12,0,0,0,0,0,39.0,96.0,4.0,6.9,1.0,2
385,441,3223,2017-01-18,9,2,3,3,30,0,0,0,0,0,0,0,30,0,0,0,0,0,0,0,39.0,96.0,4.0,6.9,1.0,2
385,441,3223,2017-01-18,10,1,0,0,30,0,0,0,0,0,0,0,30,0,0,0,0,0,0,0,39.9,93.0,7.0,8.83333333333333,1.0,2
385,441,3223,2017-01-18,10,2,1,1,30,0,0,0,0,0,0,0,30,0,0,0,0,0,0,0,39.9,93.0,7.0,8.83333333333333,1.0,2
385,441,3223,2017-01-18,11,1,1,0,30,0,0,0,0,0,0,0,30,0,0,0,0,0,0,0,39.9,93.0,8.0,8.099999999999998,1.0,2
385,441,3223,2017-01-18,11,2,1,2,30,0,0,0,0,0,0,0,30,0,0,0,0,0,0,0,39.9,93.0,8.0,8.099999999999998,1.0,2
385,441,3223,2017-01-18,12,1,1,2,30,0,0,0,0,0,0,0,30,0,0,0,0,0,0,0,39.9,93.0,10.0,4.6,1.0,2
385,441,3223,2017-01-18,12,2,0,0,30,0,0,0,0,0,0,0,30,0,0,0,0,0,0,0,39.9,93.0,10.0,4.6,1.0,2
385,441,3223,2017-01-18,13,1,3,0,30,0,0,0,0,0,0,0,30,0,0,0,0,0,0,0,39.45,91.0,9.5,6.9,2.0,2
385,441,3223,2017-01-18,13,2,0,2,30,0,0,0,0,0,0,0,30,0,0,0,0,0,0,0,39.45,91.0,9.5,6.9,2.0,2
385,441,3223,2017-01-18,14,1,1,1,30,0,0,0,0,0,0,0,30,0,0,0,0,0,0,0,39.9,90.33333333333333,10.0,6.133333333333333,3.0,2
385,441,3223,2017-01-18,14,2,4,1,30,0,0,0,0,0,0,0,30,0,0,0,0,0,0,0,39.9,90.33333333333333,10.0,6.133333333333333,3.0,2
385,441,3223,2017-01-18,15,1,1,0,30,0,0,0,0,0,0,0,30,0,0,0,0,0,0,0,41.0,82.0,10.0,5.8,1.0,2
385,441,3223,2017-01-18,15,2,0,2,30,0,0,0,0,0,0,0,30,0,0,0,0,0,0,0,41.0,82.0,10.0,5.8,1.0,2
385,441,3223,2017-01-18,16,1,1,3,30,0,0,0,0,0,0,0,30,0,0,0,0,0,0,0,39.9,89.0,10.0,5.8,1.0,2
385,441,3223,2017-01-18,16,2,4,1,30,0,0,0,0,0,0,0,30,0,0,0,0,0,0,0,39.9,89.0,10.0,5.8,1.0,2
385,441,3223,2017-01-18,17,1,3,3,30,0,0,0,0,0,0,0,30,0,0,0,0,0,0,0,39.55,86.5,10.0,4.05,2.0,2
385,441,3223,2017-01-18,17,2,2,4,30,0,0,0,0,0,0,0,30,0,0,0,0,0,0,0,39.55,86.5,10.0,4.05,2.0,2
385,441,3223,2017-01-18,18,1,7,4,30,0,0,0,0,0,0,0,30,0,0,0,0,0,0,0,39.9,89.0,8.0,8.099999999999998,1.0,2
385,441,3223,2017-01-18,18,2,3,4,30,0,0,0,0,0,0,0,30,0,0,0,0,0,0,0,39.9,89.0,8.0,8.099999999999998,1.0,2
385,441,3223,2017-01-18,19,1,6,3,30,0,0,0,0,0,0,0,30,0,0,0,0,0,0,0,39.66666666666666,86.33333333333333,10.0,4.2333333333333325,3.0,2
385,441,3223,2017-01-18,19,2,3,8,30,0,0,0,0,0,0,0,30,0,0,0,0,0,0,0,39.66666666666666,86.33333333333333,10.0,4.2333333333333325,3.0,2
385,441,3223,2017-01-18,20,1,3,2,30,0,0,0,0,0,0,0,30,0,0,0,0,0,0,0,39.9,86.0,10.0,4.05,3.0,2
385,441,3223,2017-01-18,20,2,6,1,24,6,0,0,0,0,0,0,30,0,0,0,0,0,0,0,39.9,86.0,10.0,4.05,3.0,2
385,441,3223,2017-01-18,21,1,4,0,0,30,0,0,0,0,0,0,30,0,0,0,0,0,0,0,39.9,86.0,10.0,8.099999999999998,1.0,2
385,441,3223,2017-01-18,21,2,3,1,6,24,0,0,0,0,0,0,30,0,0,0,0,0,0,0,39.9,86.0,10.0,8.099999999999998,1.0,2
385,441,3223,2017-01-18,22,1,1,0,0,30,0,0,0,0,0,0,30,0,0,0,0,0,0,0,39.9,86.0,10.0,8.83333333333333,1.0,2
385,441,3223,2017-01-18,22,2,0,0,0,30,0,0,0,0,0,0,30,0,0,0,0,0,0,0,39.9,86.0,10.0,8.83333333333333,1.0,2
385,441,3223,2017-01-18,23,1,1,0,0,30,0,0,0,0,0,0,30,0,0,0,0,0,0,0,39.45,87.5,10.0,8.83333333333333,2.0,2
385,441,3223,2017-01-18,23,2,0,0,0,30,0,0,0,0,0,0,30,0,0,0,0,0,0,0,39.45,87.5,10.0,8.83333333333333,2.0,2
385,441,3223,2017-01-19,0,1,0,0,26,4,0,0,0,0,0,0,30,0,0,0,0,0,0,0,39.0,86.0,10.0,4.6,1.0,3
385,441,3223,2017-01-19,0,2,0,0,30,0,0,0,0,0,0,0,30,0,0,0,0,0,0,0,39.0,86.0,10.0,4.6,1.0,3
385,441,3223,2017-01-19,1,1,0,0,23,7,0,0,0,0,0,0,30,0,0,0,0,0,0,0,39.9,83.0,10.0,4.6,1.0,3
385,441,3223,2017-01-19,1,2,0,0,0,30,0,0,0,0,0,0,30,0,0,0,0,0,0,0,39.9,83.0,10.0,4.6,1.0,3
385,441,3223,2017-01-19,2,1,0,0,0,30,0,0,0,0,0,0,30,0,0,0,0,0,0,0,39.0,86.0,10.0,4.6,1.0,3
385,441,3223,2017-01-19,2,2,0,0,0,30,0,0,0,0,0,0,30,0,0,0,0,0,0,0,39.0,86.0,10.0,4.6,1.0,3
385,441,3223,2017-01-19,3,1,0,0,0,30,0,0,0,0,0,0,30,0,0,0,0,0,0,0,39.9,86.0,10.0,4.6,1.0,3
385,441,3223,2017-01-19,3,2,0,0,0,30,0,0,0,0,0,0,30,0,0,0,0,0,0,0,39.9,86.0,10.0,4.6,1.0,3
385,441,3223,2017-01-19,4,1,0,0,0,30,0,0,0,0,0,0,30,0,0,0,0,0,0,0,41.0,82.0,10.0,4.6,1.0,3
385,441,3223,2017-01-19,4,2,0,0,0,30,0,0,0,0,0,0,30,0,0,0,0,0,0,0,41.0,82.0,10.0,4.6,1.0,3
385,441,3223,2017-01-19,5,1,0,0,0,30,0,0,0,0,0,0,30,0,0,0,0,0,0,0,41.0,82.0,10.0,4.6,1.0,3
385,441,3223,2017-01-19,5,2,1,1,0,30,0,0,0,0,0,0,30,0,0,0,0,0,0,0,41.0,82.0,10.0,4.6,1.0,3
385,441,3223,2017-01-19,6,1,0,3,7,23,0,0,0,0,0,0,30,0,0,0,0,0,0,0,39.9,86.0,10.0,3.5,1.0,3
385,441,3223,2017-01-19,6,2,3,3,30,0,0,0,0,0,0,0,30,0,0,0,0,0,0,0,39.9,86.0,10.0,3.5,1.0,3
385,441,3223,2017-01-19,7,1,4,2,30,0,0,0,0,0,0,0,30,0,0,0,0,0,0,0,41.0,82.0,10.0,3.5,1.0,3
385,441,3223,2017-01-19,7,2,5,5,30,0,0,0,0,0,0,0,30,0,0,0,0,0,0,0,41.0,82.0,10.0,3.5,1.0,3
385,441,3223,2017-01-19,8,1,7,3,30,0,0,0,0,0,0,0,30,0,0,0,0,0,0,0,41.55,80.5,10.0,5.8,2.0,3
385,441,3223,2017-01-19,8,2,6,2,30,0,0,0,0,0,0,0,30,0,0,0,0,0,0,0,41.55,80.5,10.0,5.8,2.0,3
385,441,3223,2017-01-19,9,1,7,13,30,0,0,0,0,0,0,0,14,16,0,0,0,0,0,0,42.0,79.0,10.0,4.6,2.0,3
385,441,3223,2017-01-19,9,2,3,10,30,0,0,0,0,0,0,0,6,24,0,0,0,0,0,0,42.0,79.0,10.0,4.6,2.0,3
385,441,3223,2017-01-19,10,1,3,1,30,0,0,0,0,0,0,0,4,26,0,0,0,0,0,0,46.0,66.0,10.0,6.9,1.0,3
385,441,3223,2017-01-19,10,2,0,1,30,0,0,0,0,0,0,0,30,0,0,0,0,0,0,0,46.0,66.0,10.0,6.9,1.0,3
385,441,3223,2017-01-19,11,1,0,6,30,0,0,0,0,0,0,0,14,16,0,0,0,0,0,0,46.9,61.0,10.0,5.8,1.0,3
385,441,3223,2017-01-19,11,2,0,4,30,0,0,0,0,0,0,0,15,15,0,0,0,0,0,0,46.9,61.0,10.0,5.8,1.0,3
385,441,3223,2017-01-19,12,1,4,1,17,13,0,0,0,0,0,0,13,17,0,0,0,0,0,0,48.0,58.0,10.0,6.9,1.0,3
385,441,3223,2017-01-19,12,2,2,0,16,14,0,0,0,0,0,0,30,0,0,0,0,0,0,0,48.0,58.0,10.0,6.9,1.0,3
385,441,3223,2017-01-19,13,1,1,1,7,23,0,0,0,0,0,0,30,0,0,0,0,0,0,0,45.975,63.0,10.0,8.65,4.0,3
385,441,3223,2017-01-19,13,2,2,4,30,0,0,0,0,0,0,0,5,25,0,0,0,0,0,0,45.975,63.0,10.0,8.65,4.0,3
385,441,3223,2017-01-19,14,1,0,4,30,0,0,0,0,0,0,0,19,11,0,0,0,0,0,0,45.0,65.0,10.0,3.5,1.0,3
385,441,3223,2017-01-19,14,2,2,1,30,0,0,0,0,0,0,0,26,4,0,0,0,0,0,0,45.0,65.0,10.0,3.5,1.0,3
385,441,3223,2017-01-19,15,1,0,1,30,0,0,0,0,0,0,0,30,0,0,0,0,0,0,0,44.1,65.0,10.0,8.099999999999998,1.0,3
385,441,3223,2017-01-19,15,2,1,1,30,0,0,0,0,0,0,0,30,0,0,0,0,0,0,0,44.1,65.0,10.0,8.099999999999998,1.0,3
385,441,3223,2017-01-19,16,1,3,1,30,0,0,0,0,0,0,0,30,0,0,0,0,0,0,0,44.1,65.0,10.0,8.099999999999998,1.0,3
385,441,3223,2017-01-19,16,2,1,2,30,0,0,0,0,0,0,0,30,0,0,0,0,0,0,0,44.1,65.0,10.0,8.099999999999998,1.0,3
385,441,3223,2017-01-19,17,1,3,2,30,0,0,0,0,0,0,0,30,0,0,0,0,0,0,0,44.1,65.0,10.0,4.6,2.0,3
385,441,3223,2017-01-19,17,2,1,3,30,0,0,0,0,0,0,0,30,0,0,0,0,0,0,0,44.1,65.0,10.0,4.6,2.0,3
385,441,3223,2017-01-19,18,1,3,3,30,0,0,0,0,0,0,0,30,0,0,0,0,0,0,0,43.0,65.0,10.0,6.9,1.0,3
385,441,3223,2017-01-19,18,2,3,2,30,0,0,0,0,0,0,0,30,0,0,0,0,0,0,0,43.0,65.0,10.0,6.9,1.0,3
385,441,3223,2017-01-19,19,1,4,2,30,0,0,0,0,0,0,0,30,0,0,0,0,0,0,0,43.0,65.0,10.0,4.6,1.0,3
385,441,3223,2017-01-19,19,2,3,3,30,0,0,0,0,0,0,0,30,0,0,0,0,0,0,0,43.0,65.0,10.0,4.6,1.0,3
385,441,3223,2017-01-19,20,1,7,3,30,0,0,0,0,0,0,0,30,0,0,0,0,0,0,0,42.1,67.0,10.0,4.6,1.0,3
385,441,3223,2017-01-19,20,2,5,3,30,0,0,0,0,0,0,0,30,0,0,0,0,0,0,0,42.1,67.0,10.0,4.6,1.0,3
385,441,3223,2017-01-19,21,1,4,2,11,19,0,0,0,0,0,0,30,0,0,0,0,0,0,0,42.1,67.0,10.0,4.6,1.0,3
385,441,3223,2017-01-19,21,2,3,0,0,30,0,0,0,0,0,0,30,0,0,0,0,0,0,0,42.1,67.0,10.0,4.6,1.0,3
385,441,3223,2017-01-19,22,1,2,0,0,30,0,0,0,0,0,0,30,0,0,0,0,0,0,0,42.55,67.5,10.0,5.2,2.0,3
385,441,3223,2017-01-19,22,2,1,0,0,30,0,0,0,0,0,0,30,0,0,0,0,0,0,0,42.55,67.5,10.0,5.2,2.0,3
385,441,3223,2017-01-19,23,1,0,1,27,3,0,0,0,0,0,0,30,0,0,0,0,0,0,0,43.0,68.0,10.0,4.6,1.0,3
385,441,3223,2017-01-19,23,2,0,0,18,12,0,0,0,0,0,0,30,0,0,0,0,0,0,0,43.0,68.0,10.0,4.6,1.0,3
385,441,3223,2017-01-20,0,1,1,0,30,0,0,0,0,0,0,0,11,19,0,0,0,0,0,0,42.1,70.0,10.0,6.9,1.0,4
385,441,3223,2017-01-20,0,2,1,0,30,0,0,0,0,0,0,0,0,30,0,0,0,0,0,0,42.1,70.0,10.0,6.9,1.0,4
385,441,3223,2017-01-20,1,1,0,0,30,0,0,0,0,0,0,0,19,11,0,0,0,0,0,0,42.1,67.0,10.0,3.5,1.0,4
385,441,3223,2017-01-20,1,2,1,0,30,0,0,0,0,0,0,0,30,0,0,0,0,0,0,0,42.1,67.0,10.0,3.5,1.0,4
385,441,3223,2017-01-20,2,1,0,0,30,0,0,0,0,0,0,0,30,0,0,0,0,0,0,0,41.0,67.0,10.0,10.4,1.0,4
385,441,3223,2017-01-20,2,2,0,0,30,0,0,0,0,0,0,0,30,0,0,0,0,0,0,0,41.0,67.0,10.0,10.4,1.0,4
385,441,3223,2017-01-20,3,1,0,0,30,0,0,0,0,0,0,0,30,0,0,0,0,0,0,0,39.9,68.0,10.0,5.8,1.0,4
385,441,3223,2017-01-20,3,2,0,0,30,0,0,0,0,0,0,0,30,0,0,0,0,0,0,0,39.9,68.0,10.0,5.8,1.0,4
385,441,3223,2017-01-20,4,1,0,0,30,0,0,0,0,0,0,0,30,0,0,0,0,0,0,0,39.9,70.0,10.0,4.6,1.0,4
385,441,3223,2017-01-20,4,2,0,0,30,0,0,0,0,0,0,0,30,0,0,0,0,0,0,0,39.9,70.0,10.0,4.6,1.0,4
385,441,3223,2017-01-20,5,1,1,1,30,0,0,0,0,0,0,0,30,0,0,0,0,0,0,0,39.9,70.0,10.0,3.5,1.0,4
385,441,3223,2017-01-20,5,2,0,0,30,0,0,0,0,0,0,0,30,0,0,0,0,0,0,0,39.9,70.0,10.0,3.5,1.0,4
385,441,3223,2017-01-20,6,1,0,1,30,0,0,0,0,0,0,0,30,0,0,0,0,0,0,0,39.9,70.0,10.0,4.6,1.0,4
385,441,3223,2017-01-20,6,2,4,4,30,0,0,0,0,0,0,0,30,0,0,0,0,0,0,0,39.9,70.0,10.0,4.6,1.0,4
385,441,3223,2017-01-20,7,1,4,2,30,0,0,0,0,0,0,0,30,0,0,0,0,0,0,0,39.9,70.0,10.0,5.8,1.0,4
385,441,3223,2017-01-20,7,2,3,5,30,0,0,0,0,0,0,0,30,0,0,0,0,0,0,0,39.9,70.0,10.0,5.8,1.0,4
385,441,3223,2017-01-20,8,1,7,3,30,0,0,0,0,0,0,0,30,0,0,0,0,0,0,0,41.0,67.0,10.0,5.8,1.0,4
385,441,3223,2017-01-20,8,2,8,10,30,0,0,0,0,0,0,0,30,0,0,0,0,0,0,0,41.0,67.0,10.0,5.8,1.0,4
385,441,3223,2017-01-20,9,1,6,2,30,0,0,0,0,0,0,0,30,0,0,0,0,0,0,0,42.1,67.0,10.0,5.8,1.0,4
385,441,3223,2017-01-20,9,2,3,5,27,0,0,0,3,0,0,0,25,5,0,0,0,0,0,0,42.1,67.0,10.0,5.8,1.0,4
385,441,3223,2017-01-20,10,1,2,3,30,0,0,0,0,0,0,0,30,0,0,0,0,0,0,0,42.1,67.0,10.0,6.9,1.0,4
385,441,3223,2017-01-20,10,2,1,5,30,0,0,0,0,0,0,0,30,0,0,0,0,0,0,0,42.1,67.0,10.0,6.9,1.0,4
385,441,3223,2017-01-20,11,1,1,7,30,0,0,0,0,0,0,0,30,0,0,0,0,0,0,0,44.1,68.0,10.0,6.9,1.0,4
385,441,3223,2017-01-20,11,2,2,4,30,0,0,0,0,0,0,0,30,0,0,0,0,0,0,0,44.1,68.0,10.0,6.9,1.0,4
385,441,3223,2017-01-20,12,1,5,4,30,0,0,0,0,0,0,0,30,0,0,0,0,0,0,0,45.0,63.0,10.0,5.8,1.0,4
385,441,3223,2017-01-20,12,2,3,9,24,6,0,0,0,0,0,0,30,0,0,0,0,0,0,0,45.0,63.0,10.0,5.8,1.0,4
385,441,3223,2017-01-20,13,1,2,2,16,14,0,0,0,0,0,0,20,0,10,0,0,0,0,0,45.0,63.0,10.0,5.2,2.0,4
385,441,3223,2017-01-20,13,2,3,3,30,0,0,0,0,0,0,0,30,0,0,0,0,0,0,0,45.0,63.0,10.0,5.2,2.0,4
385,441,3223,2017-01-20,14,1,1,1,30,0,0,0,0,0,0,0,30,0,0,0,0,0,0,0,45.0,65.0,10.0,5.8,1.0,4
385,441,3223,2017-01-20,14,2,2,2,30,0,0,0,0,0,0,0,30,0,0,0,0,0,0,0,45.0,65.0,10.0,5.8,1.0,4
385,441,3223,2017-01-20,15,1,1,2,30,0,0,0,0,0,0,0,30,0,0,0,0,0,0,0,43.55,74.25,8.25,3.775,3.0,4
385,441,3223,2017-01-20,15,2,0,1,30,0,0,0,0,0,0,0,26,0,4,0,0,0,0,0,43.55,74.25,8.25,3.775,3.0,4
385,441,3223,2017-01-20,16,1,3,3,30,0,0,0,0,0,0,0,16,0,14,0,0,0,0,0,41.0,91.0,3.5,4.65,2.0,4
385,441,3223,2017-01-20,16,2,1,1,30,0,0,0,0,0,0,0,0,0,30,0,0,0,0,0,41.0,91.0,3.5,4.65,2.0,4
385,441,3223,2017-01-20,17,1,2,1,30,0,0,0,0,0,0,0,0,0,30,0,0,0,0,0,39.9,93.0,6.5,4.6,2.0,4
385,441,3223,2017-01-20,17,2,2,2,30,0,0,0,0,0,0,0,30,0,0,0,0,0,0,0,39.9,93.0,6.5,4.6,2.0,4
385,441,3223,2017-01-20,18,1,2,1,30,0,0,0,0,0,0,0,25,0,5,0,0,0,0,0,40.45,93.0,6.5,3.5,1.0,4
385,441,3223,2017-01-20,18,2,2,1,30,0,0,0,0,0,0,0,9,0,21,0,0,0,0,0,40.45,93.0,6.5,3.5,1.0,4
385,441,3223,2017-01-20,19,1,5,1,30,0,0,0,0,0,0,0,6,0,24,0,0,0,0,0,41.0,93.0,9.0,3.5,1.0,4
385,441,3223,2017-01-20,19,2,5,3,30,0,0,0,0,0,0,0,30,0,0,0,0,0,0,0,41.0,93.0,9.0,3.5,1.0,4
385,441,3223,2017-01-20,20,1,0,3,30,0,0,0,0,0,0,0,30,0,0,0,0,0,0,0,41.0,93.0,8.5,6.35,2.0,4
385,441,3223,2017-01-20,20,2,0,2,30,0,0,0,0,0,0,0,30,0,0,0,0,0,0,0,41.0,93.0,8.5,6.35,2.0,4
385,441,3223,2017-01-20,21,1,1,1,30,0,0,0,0,0,0,0,8,0,22,0,0,0,0,0,41.0,94.5,5.5,3.5,2.0,4
385,441,3223,2017-01-20,21,2,1,2,30,0,0,0,0,0,0,0,30,0,0,0,0,0,0,0,41.0,94.5,5.5,3.5,2.0,4
385,441,3223,2017-01-20,22,1,0,0,30,0,0,0,0,0,0,0,30,0,0,0,0,0,0,0,41.0,96.0,4.333333333333333,3.8666666666666663,3.0,4
385,441,3223,2017-01-20,22,2,0,0,30,0,0,0,0,0,0,0,30,0,0,0,0,0,0,0,41.0,96.0,4.333333333333333,3.8666666666666663,3.0,4
385,441,3223,2017-01-20,23,1,1,0,30,0,0,0,0,0,0,0,30,0,0,0,0,0,0,0,41.0,94.5,5.0,3.5,2.0,4
385,441,3223,2017-01-20,23,2,1,0,30,0,0,0,0,0,0,0,30,0,0,0,0,0,0,0,41.0,94.5,5.0,3.5,2.0,4
385,441,3223,2017-01-21,0,1,0,0,30,0,0,0,0,0,0,0,26,4,0,0,0,0,0,0,42.1,94.0,5.0,6.9,2.0,5
385,441,3223,2017-01-21,0,2,0,0,30,0,0,0,0,0,0,0,24,6,0,0,0,0,0,0,42.1,94.0,5.0,6.9,2.0,5
385,441,3223,2017-01-21,1,1,0,0,30,0,0,0,0,0,0,0,30,0,0,0,0,0,0,0,42.1,92.0,5.0,5.8,1.0,5
385,441,3223,2017-01-21,1,2,0,0,30,0,0,0,0,0,0,0,30,0,0,0,0,0,0,0,42.1,92.0,5.0,5.8,1.0,5
385,441,3223,2017-01-21,2,1,0,0,30,0,0,0,0,0,0,0,30,0,0,0,0,0,0,0,42.1,92.0,5.0,7.5,2.0,5
385,441,3223,2017-01-21,2,2,0,1,30,0,0,0,0,0,0,0,30,0,0,0,0,0,0,0,42.1,92.0,5.0,7.5,2.0,5
385,441,3223,2017-01-21,3,1,1,0,30,0,0,0,0,0,0,0,30,0,0,0,0,0,0,0,42.1,92.0,4.0,4.6,1.0,5
385,441,3223,2017-01-21,3,2,0,0,30,0,0,0,0,0,0,0,30,0,0,0,0,0,0,0,42.1,92.0,4.0,4.6,1.0,5
385,441,3223,2017-01-21,4,1,0,0,30,0,0,0,0,0,0,0,30,0,0,0,0,0,0,0,41.0,100.0,5.0,8.099999999999998,1.0,5
385,441,3223,2017-01-21,4,2,0,0,30,0,0,0,0,0,0,0,30,0,0,0,0,0,0,0,41.0,100.0,5.0,8.099999999999998,1.0,5
385,441,3223,2017-01-21,5,1,0,0,30,0,0,0,0,0,0,0,30,0,0,0,0,0,0,0,42.1,96.0,5.0,3.5,1.0,5
385,441,3223,2017-01-21,5,2,0,0,30,0,0,0,0,0,0,0,30,0,0,0,0,0,0,0,42.1,96.0,5.0,3.5,1.0,5
385,441,3223,2017-01-21,6,1,1,1,30,0,0,0,0,0,0,0,30,0,0,0,0,0,0,0,42.1,92.0,6.0,6.9,1.0,5
385,441,3223,2017-01-21,6,2,1,1,30,0,0,0,0,0,0,0,30,0,0,0,0,0,0,0,42.1,92.0,6.0,6.9,1.0,5
385,441,3223,2017-01-21,7,1,0,1,30,0,0,0,0,0,0,0,30,0,0,0,0,0,0,0,42.1,96.0,5.666666666666667,4.633333333333334,3.0,5
385,441,3223,2017-01-21,7,2,1,0,30,0,0,0,0,0,0,0,30,0,0,0,0,0,0,0,42.1,96.0,5.666666666666667,4.633333333333334,3.0,5
385,441,3223,2017-01-21,8,1,2,0,30,0,0,0,0,0,0,0,30,0,0,0,0,0,0,0,42.7,92.66666666666669,5.666666666666667,3.5,3.0,5
385,441,3223,2017-01-21,8,2,2,0,30,0,0,0,0,0,0,0,19,0,11,0,0,0,0,0,42.7,92.66666666666669,5.666666666666667,3.5,3.0,5
385,441,3223,2017-01-21,9,1,3,1,30,0,0,0,0,0,0,0,20,0,10,0,0,0,0,0,43.0,93.0,5.0,6.9,1.0,5
385,441,3223,2017-01-21,9,2,2,5,30,0,0,0,0,0,0,0,30,0,0,0,0,0,0,0,43.0,93.0,5.0,6.9,1.0,5
385,441,3223,2017-01-21,10,1,2,3,30,0,0,0,0,0,0,0,9,0,21,0,0,0,0,0,43.0,93.0,5.0,5.8,1.0,5
385,441,3223,2017-01-21,10,2,3,6,30,0,0,0,0,0,0,0,4,0,26,0,0,0,0,0,43.0,93.0,5.0,5.8,1.0,5
385,441,3223,2017-01-21,11,1,3,6,30,0,0,0,0,0,0,0,6,0,24,0,0,0,0,0,43.0,93.0,6.0,6.9,1.0,5
385,441,3223,2017-01-21,11,2,1,1,30,0,0,0,0,0,0,0,3,0,27,0,0,0,0,0,43.0,93.0,6.0,6.9,1.0,5
385,441,3223,2017-01-21,12,1,9,4,30,0,0,0,0,0,0,0,30,0,0,0,0,0,0,0,44.1,93.0,6.0,6.9,1.0,5
385,441,3223,2017-01-21,12,2,3,8,30,0,0,0,0,0,0,0,30,0,0,0,0,0,0,0,44.1,93.0,6.0,6.9,1.0,5
385,441,3223,2017-01-21,13,1,2,1,30,0,0,0,0,0,0,0,27,0,3,0,0,0,0,0,47.45,84.5,6.5,4.6,1.0,5
385,441,3223,2017-01-21,13,2,2,2,30,0,0,0,0,0,0,0,3,0,15,12,0,0,0,0,47.45,84.5,6.5,4.6,1.0,5
385,441,3223,2017-01-21,14,1,5,5,30,0,0,0,0,0,0,0,0,3,3,24,0,0,0,0,46.0,86.0,5.0,3.5,1.0,5
385,441,3223,2017-01-21,14,2,1,2,30,0,0,0,0,0,0,0,0,4,6,20,0,0,0,0,46.0,86.0,5.0,3.5,1.0,5
385,441,3223,2017-01-21,15,1,7,3,30,0,0,0,0,0,0,0,4,7,12,7,0,0,0,0,45.0,91.5,4.5,4.65,2.0,5
385,441,3223,2017-01-21,15,2,11,3,30,0,0,0,0,0,0,0,22,8,0,0,0,0,0,0,45.0,91.5,4.5,4.65,2.0,5
385,441,3223,2017-01-21,16,1,3,1,30,0,0,0,0,0,0,0,0,13,0,17,0,0,0,0,45.0,93.0,4.0,5.8,2.0,5
385,441,3223,2017-01-21,16,2,2,6,30,0,0,0,0,0,0,0,6,10,14,0,0,0,0,0,45.0,93.0,4.0,5.8,2.0,5
385,441,3223,2017-01-21,17,1,4,10,30,0,0,0,0,0,0,0,12,12,3,3,0,0,0,0,45.0,97.0,5.333333333333333,5.199999999999999,3.0,5
385,441,3223,2017-01-21,17,2,2,1,30,0,0,0,0,0,0,0,0,0,0,30,0,0,0,0,45.0,97.0,5.333333333333333,5.199999999999999,3.0,5
385,441,3223,2017-01-21,18,1,2,1,30,0,0,0,0,0,0,0,14,11,0,5,0,0,0,0,45.0,97.0,4.0,5.8,1.0,5
385,441,3223,2017-01-21,18,2,5,3,30,0,0,0,0,0,0,0,30,0,0,0,0,0,0,0,45.0,97.0,4.0,5.8,1.0,5
385,441,3223,2017-01-21,19,1,3,1,30,0,0,0,0,0,0,0,30,0,0,0,0,0,0,0,44.1,100.0,3.0,6.9,2.0,5
385,441,3223,2017-01-21,19,2,0,0,30,0,0,0,0,0,0,0,30,0,0,0,0,0,0,0,44.1,100.0,3.0,6.9,2.0,5
385,441,3223,2017-01-21,20,1,0,1,30,0,0,0,0,0,0,0,30,0,0,0,0,0,0,0,45.0,100.0,3.0,3.5,1.0,5
385,441,3223,2017-01-21,20,2,0,0,30,0,0,0,0,0,0,0,30,0,0,0,0,0,0,0,45.0,100.0,3.0,3.5,1.0,5
385,441,3223,2017-01-21,21,1,0,0,30,0,0,0,0,0,0,0,30,0,0,0,0,0,0,0,44.1,100.0,2.75,5.75,4.0,5
385,441,3223,2017-01-21,21,2,0,0,30,0,0,0,0,0,0,0,30,0,0,0,0,0,0,0,44.1,100.0,2.75,5.75,4.0,5
385,441,3223,2017-01-21,22,1,2,2,30,0,0,0,0,0,0,0,19,0,11,0,0,0,0,0,44.225,100.0,1.175,3.5,4.0,5
385,441,3223,2017-01-21,22,2,0,0,30,0,0,0,0,0,0,0,20,0,10,0,0,0,0,0,44.225,100.0,1.175,3.5,4.0,5
385,441,3223,2017-01-21,23,1,1,0,30,0,0,0,0,0,0,0,30,0,0,0,0,0,0,0,43.36666666666667,100.0,1.1,3.5,2.0,5
385,441,3223,2017-01-21,23,2,0,0,30,0,0,0,0,0,0,0,30,0,0,0,0,0,0,0,43.36666666666667,100.0,1.1,3.5,2.0,5
385,441,3223,2017-01-22,0,1,0,0,30,0,0,0,0,0,0,0,30,0,0,0,0,0,0,0,43.55,100.0,1.75,4.6,2.0,6
385,441,3223,2017-01-22,0,2,0,1,30,0,0,0,0,0,0,0,14,0,16,0,0,0,0,0,43.55,100.0,1.75,4.6,2.0,6
385,441,3223,2017-01-22,1,1,0,0,30,0,0,0,0,0,0,0,30,0,0,0,0,0,0,0,43.73333333333333,100.0,2.833333333333333,3.5,3.0,6
385,441,3223,2017-01-22,1,2,1,0,30,0,0,0,0,0,0,0,3,0,27,0,0,0,0,0,43.73333333333333,100.0,2.833333333333333,3.5,3.0,6
385,441,3223,2017-01-22,2,1,0,0,30,0,0,0,0,0,0,0,18,0,12,0,0,0,0,0,44.1,100.0,3.5,4.6,2.0,6
385,441,3223,2017-01-22,2,2,0,0,30,0,0,0,0,0,0,0,14,0,16,0,0,0,0,0,44.1,100.0,3.5,4.6,2.0,6
385,441,3223,2017-01-22,3,1,0,0,30,0,0,0,0,0,0,0,0,0,30,0,0,0,0,0,43.0,100.0,4.0,4.6,2.0,6
385,441,3223,2017-01-22,3,2,0,0,30,0,0,0,0,0,0,0,0,0,30,0,0,0,0,0,43.0,100.0,4.0,4.6,2.0,6
385,441,3223,2017-01-22,4,1,0,0,30,0,0,0,0,0,0,0,0,0,30,0,0,0,0,0,43.55,100.0,3.5,4.6,2.0,6
385,441,3223,2017-01-22,4,2,0,0,30,0,0,0,0,0,0,0,0,0,30,0,0,0,0,0,43.55,100.0,3.5,4.6,2.0,6
385,441,3223,2017-01-22,5,1,0,0,30,0,0,0,0,0,0,0,13,0,17,0,0,0,0,0,43.0,100.0,4.0,4.6,1.0,6
385,441,3223,2017-01-22,5,2,0,0,30,0,0,0,0,0,0,0,30,0,0,0,0,0,0,0,43.0,100.0,4.0,4.6,1.0,6
385,441,3223,2017-01-22,6,1,0,0,30,0,0,0,0,0,0,0,30,0,0,0,0,0,0,0,43.275,100.0,2.425,3.5,4.0,6
385,441,3223,2017-01-22,6,2,1,0,30,0,0,0,0,0,0,0,30,0,0,0,0,0,0,0,43.275,100.0,2.425,3.5,4.0,6
385,441,3223,2017-01-22,7,1,0,1,30,0,0,0,0,0,0,0,30,0,0,0,0,0,0,0,43.0,100.0,1.0,4.6,1.0,6
385,441,3223,2017-01-22,7,2,0,0,30,0,0,0,0,0,0,0,30,0,0,0,0,0,0,0,43.0,100.0,1.0,4.6,1.0,6
385,441,3223,2017-01-22,8,1,1,1,30,0,0,0,0,0,0,0,30,0,0,0,0,0,0,0,43.55,100.0,0.65,4.6,2.0,6
385,441,3223,2017-01-22,8,2,0,0,30,0,0,0,0,0,0,0,30,0,0,0,0,0,0,0,43.55,100.0,0.65,4.6,2.0,6
385,441,3223,2017-01-22,9,1,0,1,30,0,0,0,0,0,0,0,30,0,0,0,0,0,0,0,44.1,100.0,1.6,4.05,2.0,6
385,441,3223,2017-01-22,9,2,3,0,30,0,0,0,0,0,0,0,30,0,0,0,0,0,0,0,44.1,100.0,1.6,4.05,2.0,6
385,441,3223,2017-01-22,10,1,0,3,30,0,0,0,0,0,0,0,30,0,0,0,0,0,0,0,45.5,96.5,3.0,4.65,2.0,6
385,441,3223,2017-01-22,10,2,3,2,30,0,0,0,0,0,0,0,30,0,0,0,0,0,0,0,45.5,96.5,3.0,4.65,2.0,6
385,441,3223,2017-01-22,11,1,0,0,30,0,0,0,0,0,0,0,30,0,0,0,0,0,0,0,45.0,93.0,4.0,5.8,1.0,6
385,441,3223,2017-01-22,11,2,4,3,30,0,0,0,0,0,0,0,30,0,0,0,0,0,0,0,45.0,93.0,4.0,5.8,1.0,6
385,441,3223,2017-01-22,12,1,2,2,30,0,0,0,0,0,0,0,30,0,0,0,0,0,0,0,45.0,90.0,6.0,8.099999999999998,1.0,6
385,441,3223,2017-01-22,12,2,4,4,30,0,0,0,0,0,0,0,30,0,0,0,0,0,0,0,45.0,90.0,6.0,8.099999999999998,1.0,6
385,441,3223,2017-01-22,13,1,6,2,30,0,0,0,0,0,0,0,10,0,20,0,0,0,0,0,46.45,84.5,7.0,6.9,2.0,6
385,441,3223,2017-01-22,13,2,1,1,30,0,0,0,0,0,0,0,25,0,5,0,0,0,0,0,46.45,84.5,7.0,6.9,2.0,6
385,441,3223,2017-01-22,14,1,2,3,30,0,0,0,0,0,0,0,24,0,6,0,0,0,0,0,46.0,86.0,5.5,10.35,2.0,6
385,441,3223,2017-01-22,14,2,4,5,30,0,0,0,0,0,0,0,30,0,0,0,0,0,0,0,46.0,86.0,5.5,10.35,2.0,6
385,441,3223,2017-01-22,15,1,4,1,30,0,0,0,0,0,0,0,30,0,0,0,0,0,0,0,46.133333333333326,93.0,2.2,9.233333333333334,2.0,6
385,441,3223,2017-01-22,15,2,1,3,30,0,0,0,0,0,0,0,30,0,0,0,0,0,0,0,46.133333333333326,93.0,2.2,9.233333333333334,2.0,6
385,441,3223,2017-01-22,16,1,3,0,30,0,0,0,0,0,0,0,30,0,0,0,0,0,0,0,46.1,94.5,3.7,8.074999999999998,3.0,6
385,441,3223,2017-01-22,16,2,1,2,30,0,0,0,0,0,0,0,30,0,0,0,0,0,0,0,46.1,94.5,3.7,8.074999999999998,3.0,6
385,441,3223,2017-01-22,17,1,0,1,30,0,0,0,0,0,0,0,30,0,0,0,0,0,0,0,46.0,93.0,7.0,9.2,1.0,6
385,441,3223,2017-01-22,17,2,0,0,30,0,0,0,0,0,0,0,30,0,0,0,0,0,0,0,46.0,93.0,7.0,9.2,1.0,6
385,441,3223,2017-01-22,18,1,3,2,30,0,0,0,0,0,0,0,30,0,0,0,0,0,0,0,46.0,89.0,8.0,7.5,2.0,6
385,441,3223,2017-01-22,18,2,0,3,30,0,0,0,0,0,0,0,30,0,0,0,0,0,0,0,46.0,89.0,8.0,7.5,2.0,6
385,441,3223,2017-01-22,19,1,0,4,30,0,0,0,0,0,0,0,30,0,0,0,0,0,0,0,46.9,86.0,10.0,11.5,1.0,6
385,441,3223,2017-01-22,19,2,0,2,30,0,0,0,0,0,0,0,30,0,0,0,0,0,0,0,46.9,86.0,10.0,11.5,1.0,6
385,441,3223,2017-01-22,20,1,1,0,30,0,0,0,0,0,0,0,30,0,0,0,0,0,0,0,46.9,81.5,10.0,12.65,2.0,6
385,441,3223,2017-01-22,20,2,1,0,30,0,0,0,0,0,0,0,30,0,0,0,0,0,0,0,46.9,81.5,10.0,12.65,2.0,6
385,441,3223,2017-01-22,21,1,0,0,30,0,0,0,0,0,0,0,30,0,0,0,0,0,0,0,46.0,83.0,10.0,10.4,1.0,6
385,441,3223,2017-01-22,21,2,1,0,30,0,0,0,0,0,0,0,30,0,0,0,0,0,0,0,46.0,83.0,10.0,10.4,1.0,6
385,441,3223,2017-01-22,22,1,0,1,30,0,0,0,0,0,0,0,30,0,0,0,0,0,0,0,45.0,84.0,10.0,13.25,2.0,6
385,441,3223,2017-01-22,22,2,2,0,30,0,0,0,0,0,0,0,30,0,0,0,0,0,0,0,45.0,84.0,10.0,13.25,2.0,6
385,441,3223,2017-01-22,23,1,0,0,30,0,0,0,0,0,0,0,30,0,0,0,0,0,0,0,44.1,85.0,10.0,12.7,1.0,6
385,441,3223,2017-01-22,23,2,0,0,30,0,0,0,0,0,0,0,30,0,0,0,0,0,0,0,44.1,85.0,10.0,12.7,1.0,6
385,441,3223,2017-01-23,0,1,1,0,30,0,0,0,0,0,0,0,30,0,0,0,0,0,0,0,43.0,89.0,10.0,16.1,1.0,0
385,441,3223,2017-01-23,0,2,1,0,30,0,0,0,0,0,0,0,30,0,0,0,0,0,0,0,43.0,89.0,10.0,16.1,1.0,0
385,441,3223,2017-01-23,1,1,0,0,30,0,0,0,0,0,0,0,30,0,0,0,0,0,0,0,43.0,88.0,10.0,11.9,3.0,0
385,441,3223,2017-01-23,1,2,0,0,30,0,0,0,0,0,0,0,30,0,0,0,0,0,0,0,43.0,88.0,10.0,11.9,3.0,0
385,441,3223,2017-01-23,2,1,0,0,30,0,0,0,0,0,0,0,30,0,0,0,0,0,0,0,42.1,89.0,9.5,14.95,2.0,0
385,441,3223,2017-01-23,2,2,0,0,30,0,0,0,0,0,0,0,30,0,0,0,0,0,0,0,42.1,89.0,9.5,14.95,2.0,0
385,441,3223,2017-01-23,3,1,0,0,30,0,0,0,0,0,0,0,30,0,0,0,0,0,0,0,42.1,85.0,10.0,15.55,2.0,0
385,441,3223,2017-01-23,3,2,0,0,30,0,0,0,0,0,0,0,30,0,0,0,0,0,0,0,42.1,85.0,10.0,15.55,2.0,0
385,441,3223,2017-01-23,4,1,0,0,30,0,0,0,0,0,0,0,30,0,0,0,0,0,0,0,41.0,86.0,10.0,15.0,1.0,0
385,441,3223,2017-01-23,4,2,0,0,30,0,0,0,0,0,0,0,30,0,0,0,0,0,0,0,41.0,86.0,10.0,15.0,1.0,0
385,441,3223,2017-01-23,5,1,0,1,30,0,0,0,0,0,0,0,30,0,0,0,0,0,0,0,41.0,80.5,10.0,15.0,2.0,0
385,441,3223,2017-01-23,5,2,2,0,30,0,0,0,0,0,0,0,30,0,0,0,0,0,0,0,41.0,80.5,10.0,15.0,2.0,0
385,441,3223,2017-01-23,6,1,2,1,30,0,0,0,0,0,0,0,30,0,0,0,0,0,0,0,41.0,76.0,10.0,15.0,1.0,0
385,441,3223,2017-01-23,6,2,2,3,30,0,0,0,0,0,0,0,30,0,0,0,0,0,0,0,41.0,76.0,10.0,15.0,1.0,0
385,441,3223,2017-01-23,7,1,1,2,30,0,0,0,0,0,0,0,30,0,0,0,0,0,0,0,39.9,79.0,10.0,15.0,1.0,0
385,441,3223,2017-01-23,7,2,4,2,30,0,0,0,0,0,0,0,30,0,0,0,0,0,0,0,39.9,79.0,10.0,15.0,1.0,0
385,441,3223,2017-01-23,8,1,9,2,30,0,0,0,0,0,0,0,30,0,0,0,0,0,0,0,39.9,70.0,10.0,23.0,1.0,0
385,441,3223,2017-01-23,8,2,7,3,30,0,0,0,0,0,0,0,15,15,0,0,0,0,0,0,39.9,70.0,10.0,23.0,1.0,0
385,441,3223,2017-01-23,9,1,3,12,30,0,0,0,0,0,0,0,28,2,0,0,0,0,0,0,39.9,68.0,10.0,25.3,1.0,0
385,441,3223,2017-01-23,9,2,3,7,30,0,0,0,0,0,0,0,0,30,0,0,0,0,0,0,39.9,68.0,10.0,25.3,1.0,0
385,441,3223,2017-01-23,10,1,2,3,30,0,0,0,0,0,0,0,0,30,0,0,0,0,0,0,39.9,68.0,10.0,20.7,1.0,0
385,441,3223,2017-01-23,10,2,0,4,30,0,0,0,0,0,0,0,0,30,0,0,0,0,0,0,39.9,68.0,10.0,20.7,1.0,0
385,441,3223,2017-01-23,11,1,1,1,30,0,0,0,0,0,0,0,0,30,0,0,0,0,0,0,39.9,70.0,10.0,19.6,1.0,0
385,441,3223,2017-01-23,11,2,1,2,30,0,0,0,0,0,0,0,0,30,0,0,0,0,0,0,39.9,70.0,10.0,19.6,1.0,0
385,441,3223,2017-01-23,12,1,1,1,30,0,0,0,0,0,0,0,3,27,0,0,0,0,0,0,39.9,70.0,10.0,21.9,1.0,0
385,441,3223,2017-01-23,12,2,0,3,30,0,0,0,0,0,0,0,30,0,0,0,0,0,0,0,39.9,70.0,10.0,21.9,1.0,0
385,441,3223,2017-01-23,13,1,2,1,30,0,0,0,0,0,0,0,30,0,0,0,0,0,0,0,39.9,70.0,10.0,19.6,1.0,0
385,441,3223,2017-01-23,13,2,1,0,30,0,0,0,0,0,0,0,30,0,0,0,0,0,0,0,39.9,70.0,10.0,19.6,1.0,0
385,441,3223,2017-01-23,14,1,3,1,30,0,0,0,0,0,0,0,30,0,0,0,0,0,0,0,39.9,70.0,10.0,23.0,1.0,0
385,441,3223,2017-01-23,14,2,2,0,30,0,0,0,0,0,0,0,16,14,0,0,0,0,0,0,39.9,70.0,10.0,23.0,1.0,0
385,441,3223,2017-01-23,15,1,1,1,30,0,0,0,0,0,0,0,30,0,0,0,0,0,0,0,38.9,74.5,7.0,22.45,1.0,0
385,441,3223,2017-01-23,15,2,2,1,30,0,0,0,0,0,0,0,17,13,0,0,0,0,0,0,38.9,74.5,7.0,22.45,1.0,0
385,441,3223,2017-01-23,16,1,0,0,30,0,0,0,0,0,0,0,25,5,0,0,0,0,0,0,37.9,83.0,8.0,23.0,1.0,0
385,441,3223,2017-01-23,16,2,1,1,30,0,0,0,0,0,0,0,30,0,0,0,0,0,0,0,37.9,83.0,8.0,23.0,1.0,0
385,441,3223,2017-01-23,17,1,0,1,30,0,0,0,0,0,0,0,30,0,0,0,0,0,0,0,37.0,89.0,4.0,10.4,1.0,0
385,441,3223,2017-01-23,17,2,0,1,30,0,0,0,0,0,0,0,30,0,0,0,0,0,0,0,37.0,89.0,4.0,10.4,1.0,0
385,441,3223,2017-01-23,18,1,0,1,30,0,0,0,0,0,0,0,30,0,0,0,0,0,0,0,36.0,93.0,4.0,19.6,1.0,0
385,441,3223,2017-01-23,18,2,0,3,30,0,0,0,0,0,0,0,30,0,0,0,0,0,0,0,36.0,93.0,4.0,19.6,1.0,0
385,441,3223,2017-01-23,19,1,0,1,30,0,0,0,0,0,0,0,30,0,0,0,0,0,0,0,36.0,93.0,4.0,17.3,1.0,0
385,441,3223,2017-01-23,19,2,0,0,30,0,0,0,0,0,0,0,30,0,0,0,0,0,0,0,36.0,93.0,4.0,17.3,1.0,0
385,441,3223,2017-01-23,20,1,0,0,30,0,0,0,0,0,0,0,30,0,0,0,0,0,0,0,36.0,93.0,3.0,17.3,1.0,0
385,441,3223,2017-01-23,20,2,0,0,30,0,0,0,0,0,0,0,30,0,0,0,0,0,0,0,36.0,93.0,3.0,17.3,1.0,0
385,441,3223,2017-01-23,21,1,0,0,30,0,0,0,0,0,0,0,30,0,0,0,0,0,0,0,36.0,97.0,3.0,17.3,1.0,0
385,441,3223,2017-01-23,21,2,0,0,30,0,0,0,0,0,0,0,30,0,0,0,0,0,0,0,36.0,97.0,3.0,17.3,1.0,0
385,441,3223,2017-01-23,22,1,0,0,30,0,0,0,0,0,0,0,30,0,0,0,0,0,0,0,35.8,98.5,2.5,21.3,2.0,0
385,441,3223,2017-01-23,22,2,0,1,30,0,0,0,0,0,0,0,30,0,0,0,0,0,0,0,35.8,98.5,2.5,21.3,2.0,0
385,441,3223,2017-01-23,23,1,0,0,30,0,0,0,0,0,0,0,30,0,0,0,0,0,0,0,36.25,96.0,3.125,15.525,4.0,0
385,441,3223,2017-01-23,23,2,0,0,30,0,0,0,0,0,0,0,30,0,0,0,0,0,0,0,36.25,96.0,3.125,15.525,4.0,0
385,441,3223,2017-01-24,0,1,0,0,30,0,0,0,0,0,0,0,18,12,0,0,0,0,0,0,37.0,93.0,2.5,17.3,1.0,1
385,441,3223,2017-01-24,0,2,0,0,30,0,0,0,0,0,0,0,6,24,0,0,0,0,0,0,37.0,93.0,2.5,17.3,1.0,1
385,441,3223,2017-01-24,1,1,0,0,30,0,0,0,0,0,0,0,30,0,0,0,0,0,0,0,37.0,93.0,4.5,17.85,2.0,1
385,441,3223,2017-01-24,1,2,0,0,30,0,0,0,0,0,0,0,30,0,0,0,0,0,0,0,37.0,93.0,4.5,17.85,2.0,1
385,441,3223,2017-01-24,2,1,0,0,30,0,0,0,0,0,0,0,30,0,0,0,0,0,0,0,37.0,93.0,5.5,15.55,1.0,1
385,441,3223,2017-01-24,2,2,0,0,30,0,0,0,0,0,0,0,30,0,0,0,0,0,0,0,37.0,93.0,5.5,15.55,1.0,1
385,441,3223,2017-01-24,3,1,0,0,30,0,0,0,0,0,0,0,30,0,0,0,0,0,0,0,37.0,93.0,4.5,15.0,2.0,1
385,441,3223,2017-01-24,3,2,0,0,30,0,0,0,0,0,0,0,30,0,0,0,0,0,0,0,37.0,93.0,4.5,15.0,2.0,1
385,441,3223,2017-01-24,4,1,0,0,30,0,0,0,0,0,0,0,30,0,0,0,0,0,0,0,36.0,98.0,2.833333333333333,11.933333333333332,2.0,1
385,441,3223,2017-01-24,4,2,0,0,30,0,0,0,0,0,0,0,30,0,0,0,0,0,0,0,36.0,98.0,2.833333333333333,11.933333333333332,2.0,1
385,441,3223,2017-01-24,5,1,0,0,30,0,0,0,0,0,0,0,30,0,0,0,0,0,0,0,35.45,99.25,2.75,10.95,4.0,1
385,441,3223,2017-01-24,5,2,0,0,30,0,0,0,0,0,0,0,30,0,0,0,0,0,0,0,35.45,99.25,2.75,10.95,4.0,1
385,441,3223,2017-01-24,6,1,0,1,30,0,0,0,0,0,0,0,30,0,0,0,0,0,0,0,35.1,96.0,4.0,9.2,1.0,1
385,441,3223,2017-01-24,6,2,2,0,30,0,0,0,0,0,0,0,30,0,0,0,0,0,0,0,35.1,96.0,4.0,9.2,1.0,1
385,441,3223,2017-01-24,7,1,2,1,30,0,0,0,0,0,0,0,30,0,0,0,0,0,0,0,35.1,100.0,5.0,13.8,1.0,1
385,441,3223,2017-01-24,7,2,2,2,30,0,0,0,0,0,0,0,30,0,0,0,0,0,0,0,35.1,100.0,5.0,13.8,1.0,1
385,441,3223,2017-01-24,8,1,4,4,30,0,0,0,0,0,0,0,30,0,0,0,0,0,0,0,35.1,100.0,4.0,15.0,1.0,1
385,441,3223,2017-01-24,8,2,7,2,30,0,0,0,0,0,0,0,30,0,0,0,0,0,0,0,35.1,100.0,4.0,15.0,1.0,1
385,441,3223,2017-01-24,9,1,1,2,30,0,0,0,0,0,0,0,30,0,0,0,0,0,0,0,36.0,97.0,5.0,10.4,1.0,1
385,441,3223,2017-01-24,9,2,2,0,30,0,0,0,0,0,0,0,30,0,0,0,0,0,0,0,36.0,97.0,5.0,10.4,1.0,1
385,441,3223,2017-01-24,10,1,2,6,30,0,0,0,0,0,0,0,30,0,0,0,0,0,0,0,36.0,97.0,6.0,6.9,1.0,1
385,441,3223,2017-01-24,10,2,0,0,30,0,0,0,0,0,0,0,30,0,0,0,0,0,0,0,36.0,97.0,6.0,6.9,1.0,1
385,441,3223,2017-01-24,11,1,0,0,30,0,0,0,0,0,0,0,30,0,0,0,0,0,0,0,36.0,98.5,2.15,10.95,2.0,1
385,441,3223,2017-01-24,11,2,0,1,30,0,0,0,0,0,0,0,30,0,0,0,0,0,0,0,36.0,98.5,2.15,10.95,2.0,1
385,441,3223,2017-01-24,12,1,1,1,30,0,0,0,0,0,0,0,30,0,0,0,0,0,0,0,36.0,97.75,1.975,8.375,3.0,1
385,441,3223,2017-01-24,12,2,0,0,30,0,0,0,0,0,0,0,30,0,0,0,0,0,0,0,36.0,97.75,1.975,8.375,3.0,1
385,441,3223,2017-01-24,13,1,1,0,30,0,0,0,0,0,0,0,30,0,0,0,0,0,0,0,35.95,97.75,2.3625,6.928571428571429,8.0,1
385,441,3223,2017-01-24,13,2,0,0,30,0,0,0,0,0,0,0,30,0,0,0,0,0,0,0,35.95,97.75,2.3625,6.928571428571429,8.0,1
385,441,3223,2017-01-24,14,1,0,1,30,0,0,0,0,0,0,0,30,0,0,0,0,0,0,0,36.0,97.0,2.9000000000000004,7.474999999999999,3.0,1
385,441,3223,2017-01-24,14,2,0,0,30,0,0,0,0,0,0,0,30,0,0,0,0,0,0,0,36.0,97.0,2.9000000000000004,7.474999999999999,3.0,1
385,441,3223,2017-01-24,15,1,0,0,30,0,0,0,0,0,0,0,30,0,0,0,0,0,0,0,36.0,97.0,5.5,6.933333333333334,2.0,1
385,441,3223,2017-01-24,15,2,0,1,30,0,0,0,0,0,0,0,30,0,0,0,0,0,0,0,36.0,97.0,5.5,6.933333333333334,2.0,1
385,441,3223,2017-01-24,16,1,0,2,30,0,0,0,0,0,0,0,30,0,0,0,0,0,0,0,36.68,95.8,2.8,6.0,5.0,1
385,441,3223,2017-01-24,16,2,0,0,30,0,0,0,0,0,0,0,30,0,0,0,0,0,0,0,36.68,95.8,2.8,6.0,5.0,1
385,441,3223,2017-01-24,17,1,1,0,30,0,0,0,0,0,0,0,30,0,0,0,0,0,0,0,37.65,93.0,10.0,7.5,2.0,1
385,441,3223,2017-01-24,17,2,2,1,30,0,0,0,0,0,0,0,30,0,0,0,0,0,0,0,37.65,93.0,10.0,7.5,2.0,1
385,441,3223,2017-01-24,18,1,3,2,30,0,0,0,0,0,0,0,22,0,8,0,0,0,0,0,37.9,91.66666666666669,10.0,9.6,3.0,1
385,441,3223,2017-01-24,18,2,0,4,30,0,0,0,0,0,0,0,3,0,27,0,0,0,0,0,37.9,91.66666666666669,10.0,9.6,3.0,1
385,441,3223,2017-01-24,19,1,0,0,30,0,0,0,0,0,0,0,6,0,24,0,0,0,0,0,37.6,89.0,9.333333333333332,6.533333333333334,3.0,1
385,441,3223,2017-01-24,19,2,0,1,30,0,0,0,0,0,0,0,21,0,9,0,0,0,0,0,37.6,89.0,9.333333333333332,6.533333333333334,3.0,1
385,441,3223,2017-01-24,20,1,0,0,30,0,0,0,0,0,0,0,30,0,0,0,0,0,0,0,36.5,91.0,7.0,8.649999999999999,2.0,1
385,441,3223,2017-01-24,20,2,1,2,30,0,0,0,0,0,0,0,30,0,0,0,0,0,0,0,36.5,91.0,7.0,8.649999999999999,2.0,1
385,441,3223,2017-01-24,21,1,0,0,30,0,0,0,0,0,0,0,30,0,0,0,0,0,0,0,36.0,93.0,10.0,11.55,2.0,1
385,441,3223,2017-01-24,21,2,0,0,30,0,0,0,0,0,0,0,30,0,0,0,0,0,0,0,36.0,93.0,10.0,11.55,2.0,1
385,441,3223,2017-01-24,22,1,0,0,30,0,0,0,0,0,0,0,30,0,0,0,0,0,0,0,36.5,89.5,10.0,7.5,2.0,1
385,441,3223,2017-01-24,22,2,0,0,30,0,0,0,0,0,0,0,30,0,0,0,0,0,0,0,36.5,89.5,10.0,7.5,2.0,1
385,441,3223,2017-01-24,23,1,1,0,30,0,0,0,0,0,0,0,30,0,0,0,0,0,0,0,37.0,78.0,10.0,7.3,3.0,1
385,441,3223,2017-01-24,23,2,0,0,30,0,0,0,0,0,0,0,30,0,0,0,0,0,0,0,37.0,78.0,10.0,7.3,3.0,1
385,441,3223,2017-01-25,0,1,0,0,30,0,0,0,0,0,0,0,30,0,0,0,0,0,0,0,36.5,76.0,10.0,9.8,2.0,2
385,441,3223,2017-01-25,0,2,0,0,30,0,0,0,0,0,0,0,30,0,0,0,0,0,0,0,36.5,76.0,10.0,9.8,2.0,2
385,441,3223,2017-01-25,1,1,0,0,30,0,0,0,0,0,0,0,30,0,0,0,0,0,0,0,37.0,70.0,10.0,9.2,1.0,2
385,441,3223,2017-01-25,1,2,0,0,30,0,0,0,0,0,0,0,30,0,0,0,0,0,0,0,37.0,70.0,10.0,9.2,1.0,2
385,441,3223,2017-01-25,2,1,0,0,30,0,0,0,0,0,0,0,30,0,0,0,0,0,0,0,37.0,68.5,10.0,10.35,2.0,2
385,441,3223,2017-01-25,2,2,0,0,30,0,0,0,0,0,0,0,30,0,0,0,0,0,0,0,37.0,68.5,10.0,10.35,2.0,2
385,441,3223,2017-01-25,3,1,0,0,30,0,0,0,0,0,0,0,30,0,0,0,0,0,0,0,37.0,70.0,10.0,7.5,2.0,2
385,441,3223,2017-01-25,3,2,0,0,30,0,0,0,0,0,0,0,30,0,0,0,0,0,0,0,37.0,70.0,10.0,7.5,2.0,2
385,441,3223,2017-01-25,4,1,0,0,30,0,0,0,0,0,0,0,30,0,0,0,0,0,0,0,37.0,73.0,10.0,4.6,1.0,2
385,441,3223,2017-01-25,4,2,0,0,30,0,0,0,0,0,0,0,30,0,0,0,0,0,0,0,37.0,73.0,10.0,4.6,1.0,2
385,441,3223,2017-01-25,5,1,1,1,30,0,0,0,0,0,0,0,30,0,0,0,0,0,0,0,37.0,70.0,10.0,4.6,1.0,2
385,441,3223,2017-01-25,5,2,0,0,30,0,0,0,0,0,0,0,30,0,0,0,0,0,0,0,37.0,70.0,10.0,4.6,1.0,2
385,441,3223,2017-01-25,6,1,1,1,30,0,0,0,0,0,0,0,30,0,0,0,0,0,0,0,37.45,69.0,10.0,6.9,2.0,2
385,441,3223,2017-01-25,6,2,4,2,30,0,0,0,0,0,0,0,30,0,0,0,0,0,0,0,37.45,69.0,10.0,6.9,2.0,2
385,441,3223,2017-01-25,7,1,2,1,30,0,0,0,0,0,0,0,26,0,4,0,0,0,0,0,37.9,68.0,10.0,5.8,1.0,2
385,441,3223,2017-01-25,7,2,6,3,30,0,0,0,0,0,0,0,18,0,12,0,0,0,0,0,37.9,68.0,10.0,5.8,1.0,2
385,441,3223,2017-01-25,8,1,7,12,30,0,0,0,0,0,0,0,27,0,0,0,3,0,0,0,39.0,65.0,10.0,8.099999999999998,1.0,2
385,441,3223,2017-01-25,8,2,7,10,30,0,0,0,0,0,0,0,6,0,18,0,6,0,0,0,39.0,65.0,10.0,8.099999999999998,1.0,2
385,441,3223,2017-01-25,9,1,9,9,30,0,0,0,0,0,0,0,11,0,13,0,6,0,0,0,42.1,58.0,10.0,9.2,1.0,2
385,441,3223,2017-01-25,9,2,2,2,30,0,0,0,0,0,0,0,0,0,9,0,21,0,0,0,42.1,58.0,10.0,9.2,1.0,2
385,441,3223,2017-01-25,10,1,1,0,30,0,0,0,0,0,0,0,6,0,24,0,0,0,0,0,44.1,55.0,10.0,8.099999999999998,1.0,2
385,441,3223,2017-01-25,10,2,3,1,30,0,0,0,0,0,0,0,11,0,19,0,0,0,0,0,44.1,55.0,10.0,8.099999999999998,1.0,2
385,441,3223,2017-01-25,11,1,1,1,30,0,0,0,0,0,0,0,30,0,0,0,0,0,0,0,46.0,54.0,10.0,8.099999999999998,1.0,2
385,441,3223,2017-01-25,11,2,0,2,30,0,0,0,0,0,0,0,30,0,0,0,0,0,0,0,46.0,54.0,10.0,8.099999999999998,1.0,2
385,441,3223,2017-01-25,12,1,2,3,30,0,0,0,0,0,0,0,30,0,0,0,0,0,0,0,46.9,54.0,10.0,9.2,1.0,2
385,441,3223,2017-01-25,12,2,2,1,30,0,0,0,0,0,0,0,30,0,0,0,0,0,0,0,46.9,54.0,10.0,9.2,1.0,2
385,441,3223,2017-01-25,13,1,1,0,30,0,0,0,0,0,0,0,30,0,0,0,0,0,0,0,46.0,56.0,10.0,13.8,1.0,2
385,441,3223,2017-01-25,13,2,1,1,30,0,0,0,0,0,0,0,30,0,0,0,0,0,0,0,46.0,56.0,10.0,13.8,1.0,2
385,441,3223,2017-01-25,14,1,3,3,30,0,0,0,0,0,0,0,30,0,0,0,0,0,0,0,46.0,56.0,10.0,10.4,1.0,2
385,441,3223,2017-01-25,14,2,4,2,30,0,0,0,0,0,0,0,15,0,15,0,0,0,0,0,46.0,56.0,10.0,10.4,1.0,2
385,441,3223,2017-01-25,15,1,0,5,30,0,0,0,0,0,0,0,17,0,13,0,0,0,0,0,48.0,54.0,10.0,5.8,1.0,2
385,441,3223,2017-01-25,15,2,3,3,30,0,0,0,0,0,0,0,23,0,7,0,0,0,0,0,48.0,54.0,10.0,5.8,1.0,2
385,441,3223,2017-01-25,16,1,2,2,30,0,0,0,0,0,0,0,30,0,0,0,0,0,0,0,46.9,56.0,10.0,9.8,1.0,2
385,441,3223,2017-01-25,16,2,3,2,30,0,0,0,0,0,0,0,30,0,0,0,0,0,0,0,46.9,56.0,10.0,9.8,1.0,2
385,441,3223,2017-01-25,17,1,2,2,30,0,0,0,0,0,0,0,30,0,0,0,0,0,0,0,46.9,56.0,10.0,9.8,1.0,2
385,441,3223,2017-01-25,17,2,1,2,30,0,0,0,0,0,0,0,30,0,0,0,0,0,0,0,46.9,56.0,10.0,9.8,1.0,2
385,441,3223,2017-01-25,18,1,3,3,30,0,0,0,0,0,0,0,30,0,0,0,0,0,0,0,46.0,58.0,10.0,9.8,1.0,2
385,441,3223,2017-01-25,18,2,3,3,30,0,0,0,0,0,0,0,30,0,0,0,0,0,0,0,46.0,58.0,10.0,9.8,1.0,2
385,441,3223,2017-01-25,19,1,4,3,30,0,0,0,0,0,0,0,30,0,0,0,0,0,0,0,48.0,56.0,10.0,5.8,1.0,2
385,441,3223,2017-01-25,19,2,5,4,30,0,0,0,0,0,0,0,30,0,0,0,0,0,0,0,48.0,56.0,10.0,5.8,1.0,2
385,441,3223,2017-01-25,20,1,2,1,30,0,0,0,0,0,0,0,30,0,0,0,0,0,0,0,50.0,52.0,10.0,5.8,1.0,2
385,441,3223,2017-01-25,20,2,6,1,30,0,0,0,0,0,0,0,30,0,0,0,0,0,0,0,50.0,52.0,10.0,5.8,1.0,2
385,441,3223,2017-01-25,21,1,3,0,30,0,0,0,0,0,0,0,30,0,0,0,0,0,0,0,48.9,56.0,10.0,6.9,1.0,2
385,441,3223,2017-01-25,21,2,7,3,30,0,0,0,0,0,0,0,30,0,0,0,0,0,0,0,48.9,56.0,10.0,6.9,1.0,2
385,441,3223,2017-01-25,22,1,3,2,30,0,0,0,0,0,0,0,30,0,0,0,0,0,0,0,51.1,50.0,10.0,8.099999999999998,1.0,2
385,441,3223,2017-01-25,22,2,2,3,30,0,0,0,0,0,0,0,30,0,0,0,0,0,0,0,51.1,50.0,10.0,8.099999999999998,1.0,2
385,441,3223,2017-01-25,23,1,1,0,30,0,0,0,0,0,0,0,30,0,0,0,0,0,0,0,51.1,50.0,10.0,4.6,1.0,2
385,441,3223,2017-01-25,23,2,1,0,30,0,0,0,0,0,0,0,30,0,0,0,0,0,0,0,51.1,50.0,10.0,4.6,1.0,2
385,441,3223,2017-01-26,0,1,0,1,30,0,0,0,0,0,0,0,30,0,0,0,0,0,0,0,50.0,54.0,10.0,4.6,1.0,3
385,441,3223,2017-01-26,0,2,0,0,30,0,0,0,0,0,0,0,30,0,0,0,0,0,0,0,50.0,54.0,10.0,4.6,1.0,3
385,441,3223,2017-01-26,1,1,0,0,30,0,0,0,0,0,0,0,30,0,0,0,0,0,0,0,50.0,57.0,10.0,5.8,1.0,3
385,441,3223,2017-01-26,1,2,0,0,30,0,0,0,0,0,0,0,30,0,0,0,0,0,0,0,50.0,57.0,10.0,5.8,1.0,3
385,441,3223,2017-01-26,2,1,0,0,30,0,0,0,0,0,0,0,30,0,0,0,0,0,0,0,50.0,57.0,10.0,9.2,1.0,3
385,441,3223,2017-01-26,2,2,0,0,30,0,0,0,0,0,0,0,30,0,0,0,0,0,0,0,50.0,57.0,10.0,9.2,1.0,3
385,441,3223,2017-01-26,3,1,0,0,30,0,0,0,0,0,0,0,30,0,0,0,0,0,0,0,48.9,59.0,10.0,5.8,1.0,3
385,441,3223,2017-01-26,3,2,0,0,30,0,0,0,0,0,0,0,30,0,0,0,0,0,0,0,48.9,59.0,10.0,5.8,1.0,3
385,441,3223,2017-01-26,4,1,0,0,30,0,0,0,0,0,0,0,30,0,0,0,0,0,0,0,48.9,61.0,10.0,4.6,1.0,3
385,441,3223,2017-01-26,4,2,0,0,30,0,0,0,0,0,0,0,30,0,0,0,0,0,0,0,48.9,61.0,10.0,4.6,1.0,3
385,441,3223,2017-01-26,5,1,0,0,30,0,0,0,0,0,0,0,30,0,0,0,0,0,0,0,48.0,63.0,10.0,3.5,1.0,3
385,441,3223,2017-01-26,5,2,1,0,30,0,0,0,0,0,0,0,30,0,0,0,0,0,0,0,48.0,63.0,10.0,3.5,1.0,3
385,441,3223,2017-01-26,6,1,1,1,30,0,0,0,0,0,0,0,30,0,0,0,0,0,0,0,48.9,61.0,10.0,4.6,1.0,3
385,441,3223,2017-01-26,6,2,3,4,30,0,0,0,0,0,0,0,30,0,0,0,0,0,0,0,48.9,61.0,10.0,4.6,1.0,3
385,441,3223,2017-01-26,7,1,2,2,30,0,0,0,0,0,0,0,30,0,0,0,0,0,0,0,48.9,61.0,10.0,4.6,1.0,3
385,441,3223,2017-01-26,7,2,8,3,30,0,0,0,0,0,0,0,30,0,0,0,0,0,0,0,48.9,61.0,10.0,4.6,1.0,3
385,441,3223,2017-01-26,8,1,5,8,30,0,0,0,0,0,0,0,30,0,0,0,0,0,0,0,46.9,77.0,10.0,4.6,1.0,3
385,441,3223,2017-01-26,8,2,4,5,30,0,0,0,0,0,0,0,30,0,0,0,0,0,0,0,46.9,77.0,10.0,4.6,1.0,3
385,441,3223,2017-01-26,9,1,6,9,30,0,0,0,0,0,0,0,30,0,0,0,0,0,0,0,48.0,80.0,6.0,4.6,1.0,3
385,441,3223,2017-01-26,9,2,2,1,30,0,0,0,0,0,0,0,30,0,0,0,0,0,0,0,48.0,80.0,6.0,4.6,1.0,3
385,441,3223,2017-01-26,10,1,3,1,30,0,0,0,0,0,0,0,30,0,0,0,0,0,0,0,50.0,77.0,10.0,4.6,1.0,3
385,441,3223,2017-01-26,10,2,1,0,30,0,0,0,0,0,0,0,30,0,0,0,0,0,0,0,50.0,77.0,10.0,4.6,1.0,3
385,441,3223,2017-01-26,11,1,0,2,25,5,0,0,0,0,0,0,25,5,0,0,0,0,0,0,51.1,68.0,10.0,4.6,1.0,3
385,441,3223,2017-01-26,11,2,2,1,0,30,0,0,0,0,0,0,0,30,0,0,0,0,0,0,51.1,68.0,10.0,4.6,1.0,3
385,441,3223,2017-01-26,12,1,3,2,2,28,0,0,0,0,0,0,2,28,0,0,0,0,0,0,53.1,66.0,10.0,5.8,1.0,3
385,441,3223,2017-01-26,12,2,0,3,30,0,0,0,0,0,0,0,30,0,0,0,0,0,0,0,53.1,66.0,10.0,5.8,1.0,3
385,441,3223,2017-01-26,13,1,2,3,11,19,0,0,0,0,0,0,30,0,0,0,0,0,0,0,54.0,49.0,10.0,11.5,1.0,3
385,441,3223,2017-01-26,13,2,4,2,15,15,0,0,0,0,0,0,30,0,0,0,0,0,0,0,54.0,49.0,10.0,11.5,1.0,3
385,441,3223,2017-01-26,14,1,3,1,30,0,0,0,0,0,0,0,30,0,0,0,0,0,0,0,51.1,44.0,10.0,12.7,1.0,3
385,441,3223,2017-01-26,14,2,2,3,30,0,0,0,0,0,0,0,30,0,0,0,0,0,0,0,51.1,44.0,10.0,12.7,1.0,3
385,441,3223,2017-01-26,15,1,5,2,30,0,0,0,0,0,0,0,30,0,0,0,0,0,0,0,48.0,42.0,10.0,17.3,1.0,3
385,441,3223,2017-01-26,15,2,2,1,30,0,0,0,0,0,0,0,30,0,0,0,0,0,0,0,48.0,42.0,10.0,17.3,1.0,3
385,441,3223,2017-01-26,16,1,2,1,30,0,0,0,0,0,0,0,30,0,0,0,0,0,0,0,46.0,44.0,10.0,13.8,1.0,3
385,441,3223,2017-01-26,16,2,5,1,18,12,0,0,0,0,0,0,30,0,0,0,0,0,0,0,46.0,44.0,10.0,13.8,1.0,3
385,441,3223,2017-01-26,17,1,3,3,4,26,0,0,0,0,0,0,30,0,0,0,0,0,0,0,45.0,48.0,10.0,3.5,1.0,3
385,441,3223,2017-01-26,17,2,3,7,12,18,0,0,0,0,0,0,30,0,0,0,0,0,0,0,45.0,48.0,10.0,3.5,1.0,3
385,441,3223,2017-01-26,18,1,11,4,0,30,0,0,0,0,0,0,30,0,0,0,0,0,0,0,45.0,49.0,10.0,6.9,1.0,3
385,441,3223,2017-01-26,18,2,4,11,10,20,0,0,0,0,0,0,30,0,0,0,0,0,0,0,45.0,49.0,10.0,6.9,1.0,3
385,441,3223,2017-01-26,19,1,11,5,6,24,0,0,0,0,0,0,30,0,0,0,0,0,0,0,44.1,51.0,10.0,4.6,1.0,3
385,441,3223,2017-01-26,19,2,6,4,30,0,0,0,0,0,0,0,30,0,0,0,0,0,0,0,44.1,51.0,10.0,4.6,1.0,3
385,441,3223,2017-01-26,20,1,4,4,30,0,0,0,0,0,0,0,30,0,0,0,0,0,0,0,44.1,53.0,10.0,13.8,1.0,3
385,441,3223,2017-01-26,20,2,0,2,30,0,0,0,0,0,0,0,30,0,0,0,0,0,0,0,44.1,53.0,10.0,13.8,1.0,3
385,441,3223,2017-01-26,21,1,8,3,8,0,22,0,0,0,0,0,30,0,0,0,0,0,0,0,44.1,53.0,10.0,11.5,1.0,3
385,441,3223,2017-01-26,21,2,1,4,21,0,9,0,0,0,0,0,30,0,0,0,0,0,0,0,44.1,53.0,10.0,11.5,1.0,3
385,441,3223,2017-01-26,22,1,2,1,17,0,13,0,0,0,0,0,30,0,0,0,0,0,0,0,43.0,56.0,10.0,8.099999999999998,1.0,3
385,441,3223,2017-01-26,22,2,1,0,0,0,30,0,0,0,0,0,30,0,0,0,0,0,0,0,43.0,56.0,10.0,8.099999999999998,1.0,3
385,441,3223,2017-01-26,23,1,0,0,0,0,30,0,0,0,0,0,30,0,0,0,0,0,0,0,43.0,53.0,10.0,10.4,1.0,3
385,441,3223,2017-01-26,23,2,0,0,0,0,30,0,0,0,0,0,30,0,0,0,0,0,0,0,43.0,53.0,10.0,10.4,1.0,3
385,441,3223,2017-01-27,0,1,1,0,30,0,0,0,0,0,0,0,30,0,0,0,0,0,0,0,41.0,57.0,10.0,8.099999999999998,1.0,4
385,441,3223,2017-01-27,0,2,0,0,30,0,0,0,0,0,0,0,30,0,0,0,0,0,0,0,41.0,57.0,10.0,8.099999999999998,1.0,4
385,441,3223,2017-01-27,1,1,0,0,19,0,0,0,11,0,0,0,30,0,0,0,0,0,0,0,41.0,57.0,10.0,8.099999999999998,1.0,4
385,441,3223,2017-01-27,1,2,0,0,0,0,0,0,30,0,0,0,30,0,0,0,0,0,0,0,41.0,57.0,10.0,8.099999999999998,1.0,4
385,441,3223,2017-01-27,2,1,0,0,0,0,0,0,30,0,0,0,30,0,0,0,0,0,0,0,41.0,57.0,10.0,10.4,1.0,4
385,441,3223,2017-01-27,2,2,0,0,0,0,0,0,30,0,0,0,30,0,0,0,0,0,0,0,41.0,57.0,10.0,10.4,1.0,4
385,441,3223,2017-01-27,3,1,0,0,0,0,0,0,30,0,0,0,30,0,0,0,0,0,0,0,41.0,57.0,10.0,11.5,1.0,4
385,441,3223,2017-01-27,3,2,0,0,0,0,0,0,30,0,0,0,30,0,0,0,0,0,0,0,41.0,57.0,10.0,11.5,1.0,4
385,441,3223,2017-01-27,4,1,0,0,0,0,0,0,30,0,0,0,30,0,0,0,0,0,0,0,42.1,53.0,10.0,8.099999999999998,1.0,4
385,441,3223,2017-01-27,4,2,0,0,0,0,0,0,30,0,0,0,30,0,0,0,0,0,0,0,42.1,53.0,10.0,8.099999999999998,1.0,4
385,441,3223,2017-01-27,5,1,0,1,0,0,8,0,22,0,0,0,30,0,0,0,0,0,0,0,41.0,55.0,10.0,4.6,1.0,4
385,441,3223,2017-01-27,5,2,1,0,0,0,25,0,5,0,0,0,30,0,0,0,0,0,0,0,41.0,55.0,10.0,4.6,1.0,4
385,441,3223,2017-01-27,6,1,0,1,0,0,2,0,28,0,0,0,30,0,0,0,0,0,0,0,41.0,53.0,10.0,12.7,1.0,4
385,441,3223,2017-01-27,6,2,2,2,5,0,22,0,3,0,0,0,30,0,0,0,0,0,0,0,41.0,53.0,10.0,12.7,1.0,4
385,441,3223,2017-01-27,7,1,3,2,30,0,0,0,0,0,0,0,30,0,0,0,0,0,0,0,41.0,51.0,10.0,5.8,1.0,4
385,441,3223,2017-01-27,7,2,2,1,12,0,0,0,18,0,0,0,30,0,0,0,0,0,0,0,41.0,51.0,10.0,5.8,1.0,4
385,441,3223,2017-01-27,8,1,3,4,14,0,6,0,10,0,0,0,30,0,0,0,0,0,0,0,41.0,51.0,10.0,4.6,1.0,4
385,441,3223,2017-01-27,8,2,6,6,30,0,0,0,0,0,0,0,30,0,0,0,0,0,0,0,41.0,51.0,10.0,4.6,1.0,4
385,441,3223,2017-01-27,9,1,6,7,30,0,0,0,0,0,0,0,30,0,0,0,0,0,0,0,41.0,49.0,10.0,10.4,1.0,4
385,441,3223,2017-01-27,9,2,2,5,30,0,0,0,0,0,0,0,30,0,0,0,0,0,0,0,41.0,49.0,10.0,10.4,1.0,4
385,441,3223,2017-01-27,10,1,0,2,30,0,0,0,0,0,0,0,30,0,0,0,0,0,0,0,42.1,47.0,10.0,8.099999999999998,1.0,4
385,441,3223,2017-01-27,10,2,3,3,30,0,0,0,0,0,0,0,30,0,0,0,0,0,0,0,42.1,47.0,10.0,8.099999999999998,1.0,4
385,441,3223,2017-01-27,11,1,3,2,30,0,0,0,0,0,0,0,30,0,0,0,0,0,0,0,43.0,40.0,10.0,11.5,1.0,4
385,441,3223,2017-01-27,11,2,3,1,30,0,0,0,0,0,0,0,30,0,0,0,0,0,0,0,43.0,40.0,10.0,11.5,1.0,4
385,441,3223,2017-01-27,12,1,1,3,23,0,0,0,7,0,0,0,30,0,0,0,0,0,0,0,43.0,38.0,10.0,11.5,1.0,4
385,441,3223,2017-01-27,12,2,2,0,0,0,6,0,24,0,0,0,30,0,0,0,0,0,0,0,43.0,38.0,10.0,11.5,1.0,4
385,441,3223,2017-01-27,13,1,4,1,0,0,24,0,6,0,0,0,30,0,0,0,0,0,0,0,42.1,45.0,10.0,9.2,1.0,4
385,441,3223,2017-01-27,13,2,1,1,6,0,3,0,21,0,0,0,30,0,0,0,0,0,0,0,42.1,45.0,10.0,9.2,1.0,4
385,441,3223,2017-01-27,14,1,0,2,10,0,0,0,20,0,0,0,30,0,0,0,0,0,0,0,42.1,43.0,10.0,5.8,1.0,4
385,441,3223,2017-01-27,14,2,1,0,30,0,0,0,0,0,0,0,30,0,0,0,0,0,0,0,42.1,43.0,10.0,5.8,1.0,4
385,441,3223,2017-01-27,15,1,1,5,30,0,0,0,0,0,0,0,30,0,0,0,0,0,0,0,41.0,49.0,10.0,8.099999999999998,1.0,4
385,441,3223,2017-01-27,15,2,5,2,30,0,0,0,0,0,0,0,30,0,0,0,0,0,0,0,41.0,49.0,10.0,8.099999999999998,1.0,4
385,441,3223,2017-01-27,16,1,0,2,30,0,0,0,0,0,0,0,30,0,0,0,0,0,0,0,41.0,49.0,10.0,9.2,1.0,4
385,441,3223,2017-01-27,16,2,3,0,21,0,0,0,9,0,0,0,30,0,0,0,0,0,0,0,41.0,49.0,10.0,9.2,1.0,4
385,441,3223,2017-01-27,17,1,1,5,15,0,0,0,15,0,0,0,30,0,0,0,0,0,0,0,39.9,51.0,10.0,11.5,1.0,4
385,441,3223,2017-01-27,17,2,1,5,30,0,0,0,0,0,0,0,30,0,0,0,0,0,0,0,39.9,51.0,10.0,11.5,1.0,4
385,441,3223,2017-01-27,18,1,8,3,17,13,0,0,0,0,0,0,30,0,0,0,0,0,0,0,39.9,49.0,10.0,6.9,1.0,4
385,441,3223,2017-01-27,18,2,1,3,18,12,0,0,0,0,0,0,30,0,0,0,0,0,0,0,39.9,49.0,10.0,6.9,1.0,4
385,441,3223,2017-01-27,19,1,3,3,0,30,0,0,0,0,0,0,30,0,0,0,0,0,0,0,39.0,55.0,10.0,13.8,1.0,4
385,441,3223,2017-01-27,19,2,2,3,1,29,0,0,0,0,0,0,30,0,0,0,0,0,0,0,39.0,55.0,10.0,13.8,1.0,4
385,441,3223,2017-01-27,20,1,3,2,30,0,0,0,0,0,0,0,30,0,0,0,0,0,0,0,39.0,53.0,10.0,3.5,1.0,4
385,441,3223,2017-01-27,20,2,0,3,30,0,0,0,0,0,0,0,30,0,0,0,0,0,0,0,39.0,53.0,10.0,3.5,1.0,4
385,441,3223,2017-01-27,21,1,0,0,30,0,0,0,0,0,0,0,30,0,0,0,0,0,0,0,37.0,57.0,10.0,10.4,1.0,4
385,441,3223,2017-01-27,21,2,2,0,30,0,0,0,0,0,0,0,30,0,0,0,0,0,0,0,37.0,57.0,10.0,10.4,1.0,4
385,441,3223,2017-01-27,22,1,0,0,21,9,0,0,0,0,0,0,30,0,0,0,0,0,0,0,37.0,57.0,10.0,12.7,1.0,4
385,441,3223,2017-01-27,22,2,1,0,0,30,0,0,0,0,0,0,30,0,0,0,0,0,0,0,37.0,57.0,10.0,12.7,1.0,4
385,441,3223,2017-01-27,23,1,1,0,0,30,0,0,0,0,0,0,30,0,0,0,0,0,0,0,36.0,55.0,10.0,9.2,1.0,4
385,441,3223,2017-01-27,23,2,0,1,0,30,0,0,0,0,0,0,30,0,0,0,0,0,0,0,36.0,55.0,10.0,9.2,1.0,4
385,441,3223,2017-01-28,0,1,0,0,9,21,0,0,0,0,0,0,30,0,0,0,0,0,0,0,36.0,52.0,10.0,5.8,1.0,5
385,441,3223,2017-01-28,0,2,0,0,30,0,0,0,0,0,0,0,30,0,0,0,0,0,0,0,36.0,52.0,10.0,5.8,1.0,5
385,441,3223,2017-01-28,1,1,0,0,1,29,0,0,0,0,0,0,30,0,0,0,0,0,0,0,36.0,52.0,10.0,9.2,1.0,5
385,441,3223,2017-01-28,1,2,0,0,0,30,0,0,0,0,0,0,30,0,0,0,0,0,0,0,36.0,52.0,10.0,9.2,1.0,5
385,441,3223,2017-01-28,2,1,0,0,0,30,0,0,0,0,0,0,30,0,0,0,0,0,0,0,36.0,52.0,10.0,6.9,1.0,5
385,441,3223,2017-01-28,2,2,0,0,0,30,0,0,0,0,0,0,30,0,0,0,0,0,0,0,36.0,52.0,10.0,6.9,1.0,5
385,441,3223,2017-01-28,3,1,0,0,0,30,0,0,0,0,0,0,30,0,0,0,0,0,0,0,35.1,52.0,10.0,6.9,1.0,5
385,441,3223,2017-01-28,3,2,0,0,0,30,0,0,0,0,0,0,30,0,0,0,0,0,0,0,35.1,52.0,10.0,6.9,1.0,5
385,441,3223,2017-01-28,4,1,0,0,0,30,0,0,0,0,0,0,30,0,0,0,0,0,0,0,35.1,52.0,10.0,13.8,1.0,5
385,441,3223,2017-01-28,4,2,0,0,0,30,0,0,0,0,0,0,30,0,0,0,0,0,0,0,35.1,52.0,10.0,13.8,1.0,5
385,441,3223,2017-01-28,5,1,0,0,0,30,0,0,0,0,0,0,30,0,0,0,0,0,0,0,35.1,54.0,10.0,5.8,1.0,5
385,441,3223,2017-01-28,5,2,1,0,0,30,0,0,0,0,0,0,30,0,0,0,0,0,0,0,35.1,54.0,10.0,5.8,1.0,5
385,441,3223,2017-01-28,6,1,0,0,0,30,0,0,0,0,0,0,30,0,0,0,0,0,0,0,35.1,54.0,10.0,8.099999999999998,1.0,5
385,441,3223,2017-01-28,6,2,0,1,0,30,0,0,0,0,0,0,30,0,0,0,0,0,0,0,35.1,54.0,10.0,8.099999999999998,1.0,5
385,441,3223,2017-01-28,7,1,1,1,0,30,0,0,0,0,0,0,30,0,0,0,0,0,0,0,34.0,56.0,10.0,8.099999999999998,1.0,5
385,441,3223,2017-01-28,7,2,1,0,22,8,0,0,0,0,0,0,30,0,0,0,0,0,0,0,34.0,56.0,10.0,8.099999999999998,1.0,5
385,441,3223,2017-01-28,8,1,1,1,30,0,0,0,0,0,0,0,30,0,0,0,0,0,0,0,35.1,57.0,10.0,6.9,1.0,5
385,441,3223,2017-01-28,8,2,1,0,30,0,0,0,0,0,0,0,30,0,0,0,0,0,0,0,35.1,57.0,10.0,6.9,1.0,5
385,441,3223,2017-01-28,9,1,4,0,29,0,0,0,1,0,0,0,30,0,0,0,0,0,0,0,36.0,59.0,10.0,5.8,1.0,5
385,441,3223,2017-01-28,9,2,0,2,13,0,0,0,17,0,0,0,30,0,0,0,0,0,0,0,36.0,59.0,10.0,5.8,1.0,5
385,441,3223,2017-01-28,10,1,2,0,26,0,0,0,4,0,0,0,30,0,0,0,0,0,0,0,37.0,54.0,10.0,5.8,1.0,5
385,441,3223,2017-01-28,10,2,1,2,10,0,0,0,20,0,0,0,30,0,0,0,0,0,0,0,37.0,54.0,10.0,5.8,1.0,5
385,441,3223,2017-01-28,11,1,1,1,21,0,0,0,9,0,0,0,30,0,0,0,0,0,0,0,39.0,45.0,10.0,6.9,1.0,5
385,441,3223,2017-01-28,11,2,1,0,11,0,0,0,19,0,0,0,30,0,0,0,0,0,0,0,39.0,45.0,10.0,6.9,1.0,5
385,441,3223,2017-01-28,12,1,2,4,24,1,0,0,5,0,0,0,30,0,0,0,0,0,0,0,37.9,48.0,10.0,4.6,1.0,5
385,441,3223,2017-01-28,12,2,1,1,4,26,0,0,0,0,0,0,30,0,0,0,0,0,0,0,37.9,48.0,10.0,4.6,1.0,5
385,441,3223,2017-01-28,13,1,3,3,0,30,0,0,0,0,0,0,30,0,0,0,0,0,0,0,37.0,52.0,10.0,11.5,1.0,5
385,441,3223,2017-01-28,13,2,4,2,18,12,0,0,0,0,0,0,30,0,0,0,0,0,0,0,37.0,52.0,10.0,11.5,1.0,5
385,441,3223,2017-01-28,14,1,1,2,10,14,0,0,6,0,0,0,30,0,0,0,0,0,0,0,37.0,52.0,10.0,11.5,1.0,5
385,441,3223,2017-01-28,14,2,1,4,27,0,0,0,3,0,0,0,30,0,0,0,0,0,0,0,37.0,52.0,10.0,11.5,1.0,5
385,441,3223,2017-01-28,15,1,1,1,30,0,0,0,0,0,0,0,30,0,0,0,0,0,0,0,37.0,52.0,10.0,8.099999999999998,1.0,5
385,441,3223,2017-01-28,15,2,6,2,30,0,0,0,0,0,0,0,30,0,0,0,0,0,0,0,37.0,52.0,10.0,8.099999999999998,1.0,5
385,441,3223,2017-01-28,16,1,0,0,0,0,0,0,30,0,0,0,30,0,0,0,0,0,0,0,37.0,50.0,10.0,10.4,1.0,5
385,441,3223,2017-01-28,16,2,1,1,16,0,0,0,14,0,0,0,30,0,0,0,0,0,0,0,37.0,50.0,10.0,10.4,1.0,5
385,441,3223,2017-01-28,17,1,1,2,23,0,0,0,7,0,0,0,30,0,0,0,0,0,0,0,37.0,52.0,10.0,3.5,1.0,5
385,441,3223,2017-01-28,17,2,0,2,30,0,0,0,0,0,0,0,30,0,0,0,0,0,0,0,37.0,52.0,10.0,3.5,1.0,5
385,441,3223,2017-01-28,18,1,3,0,16,0,0,0,14,0,0,0,30,0,0,0,0,0,0,0,37.0,52.0,10.0,3.5,1.0,5
385,441,3223,2017-01-28,18,2,1,2,21,0,0,0,9,0,0,0,30,0,0,0,0,0,0,0,37.0,52.0,10.0,3.5,1.0,5
385,441,3223,2017-01-28,19,1,1,3,30,0,0,0,0,0,0,0,30,0,0,0,0,0,0,0,37.0,52.0,10.0,8.099999999999998,1.0,5
385,441,3223,2017-01-28,19,2,2,0,30,0,0,0,0,0,0,0,30,0,0,0,0,0,0,0,37.0,52.0,10.0,8.099999999999998,1.0,5
385,441,3223,2017-01-28,20,1,0,0,30,0,0,0,0,0,0,0,30,0,0,0,0,0,0,0,37.0,50.0,10.0,11.5,1.0,5
385,441,3223,2017-01-28,20,2,1,2,24,0,0,0,6,0,0,0,30,0,0,0,0,0,0,0,37.0,50.0,10.0,11.5,1.0,5
385,441,3223,2017-01-28,21,1,0,2,30,0,0,0,0,0,0,0,30,0,0,0,0,0,0,0,37.0,52.0,10.0,5.8,1.0,5
385,441,3223,2017-01-28,21,2,1,0,30,0,0,0,0,0,0,0,30,0,0,0,0,0,0,0,37.0,52.0,10.0,5.8,1.0,5
385,441,3223,2017-01-28,22,1,1,0,30,0,0,0,0,0,0,0,30,0,0,0,0,0,0,0,37.0,52.0,10.0,6.9,1.0,5
385,441,3223,2017-01-28,22,2,1,0,30,0,0,0,0,0,0,0,30,0,0,0,0,0,0,0,37.0,52.0,10.0,6.9,1.0,5
385,441,3223,2017-01-28,23,1,0,1,30,0,0,0,0,0,0,0,30,0,0,0,0,0,0,0,37.0,54.0,10.0,5.8,1.0,5
385,441,3223,2017-01-28,23,2,0,2,30,0,0,0,0,0,0,0,30,0,0,0,0,0,0,0,37.0,54.0,10.0,5.8,1.0,5
385,441,3223,2017-01-29,0,1,0,0,26,4,0,0,0,0,0,0,30,0,0,0,0,0,0,0,37.0,54.0,10.0,4.6,1.0,6
385,441,3223,2017-01-29,0,2,0,0,0,30,0,0,0,0,0,0,30,0,0,0,0,0,0,0,37.0,54.0,10.0,4.6,1.0,6
385,441,3223,2017-01-29,1,1,1,2,23,7,0,0,0,0,0,0,30,0,0,0,0,0,0,0,37.0,54.0,10.0,4.6,1.0,6
385,441,3223,2017-01-29,1,2,0,0,30,0,0,0,0,0,0,0,30,0,0,0,0,0,0,0,37.0,54.0,10.0,4.6,1.0,6
385,441,3223,2017-01-29,2,1,0,1,30,0,0,0,0,0,0,0,30,0,0,0,0,0,0,0,37.0,57.0,10.0,5.8,1.0,6
385,441,3223,2017-01-29,2,2,0,1,30,0,0,0,0,0,0,0,30,0,0,0,0,0,0,0,37.0,57.0,10.0,5.8,1.0,6
385,441,3223,2017-01-29,3,1,0,0,30,0,0,0,0,0,0,0,30,0,0,0,0,0,0,0,36.0,57.0,10.0,9.2,1.0,6
385,441,3223,2017-01-29,3,2,0,0,30,0,0,0,0,0,0,0,30,0,0,0,0,0,0,0,36.0,57.0,10.0,9.2,1.0,6
385,441,3223,2017-01-29,4,1,0,0,30,0,0,0,0,0,0,0,30,0,0,0,0,0,0,0,36.0,57.0,10.0,5.8,1.0,6
385,441,3223,2017-01-29,4,2,0,0,30,0,0,0,0,0,0,0,30,0,0,0,0,0,0,0,36.0,57.0,10.0,5.8,1.0,6
385,441,3223,2017-01-29,5,1,0,0,30,0,0,0,0,0,0,0,30,0,0,0,0,0,0,0,36.0,57.0,10.0,3.5,1.0,6
385,441,3223,2017-01-29,5,2,0,0,30,0,0,0,0,0,0,0,30,0,0,0,0,0,0,0,36.0,57.0,10.0,3.5,1.0,6
385,441,3223,2017-01-29,6,1,0,0,30,0,0,0,0,0,0,0,30,0,0,0,0,0,0,0,37.0,52.0,10.0,6.9,1.0,6
385,441,3223,2017-01-29,6,2,0,0,30,0,0,0,0,0,0,0,30,0,0,0,0,0,0,0,37.0,52.0,10.0,6.9,1.0,6
385,441,3223,2017-01-29,7,1,0,0,30,0,0,0,0,0,0,0,30,0,0,0,0,0,0,0,37.0,54.0,10.0,4.6,1.0,6
385,441,3223,2017-01-29,7,2,0,0,30,0,0,0,0,0,0,0,30,0,0,0,0,0,0,0,37.0,54.0,10.0,4.6,1.0,6
385,441,3223,2017-01-29,8,1,1,1,30,0,0,0,0,0,0,0,30,0,0,0,0,0,0,0,37.0,59.0,10.0,5.8,1.0,6
385,441,3223,2017-01-29,8,2,0,1,30,0,0,0,0,0,0,0,30,0,0,0,0,0,0,0,37.0,59.0,10.0,5.8,1.0,6
385,441,3223,2017-01-29,9,1,2,2,30,0,0,0,0,0,0,0,30,0,0,0,0,0,0,0,37.9,51.0,10.0,8.099999999999998,1.0,6
385,441,3223,2017-01-29,9,2,0,0,30,0,0,0,0,0,0,0,30,0,0,0,0,0,0,0,37.9,51.0,10.0,8.099999999999998,1.0,6
385,441,3223,2017-01-29,10,1,1,1,30,0,0,0,0,0,0,0,30,0,0,0,0,0,0,0,39.9,38.0,10.0,5.8,1.0,6
385,441,3223,2017-01-29,10,2,3,3,30,0,0,0,0,0,0,0,30,0,0,0,0,0,0,0,39.9,38.0,10.0,5.8,1.0,6
385,441,3223,2017-01-29,11,1,4,1,30,0,0,0,0,0,0,0,30,0,0,0,0,0,0,0,41.0,32.0,10.0,10.4,1.0,6
385,441,3223,2017-01-29,11,2,4,0,30,0,0,0,0,0,0,0,30,0,0,0,0,0,0,0,41.0,32.0,10.0,10.4,1.0,6
385,441,3223,2017-01-29,12,1,3,1,25,0,0,0,5,0,0,0,30,0,0,0,0,0,0,0,42.1,29.0,10.0,12.7,1.0,6
385,441,3223,2017-01-29,12,2,1,1,3,0,0,0,27,0,0,0,30,0,0,0,0,0,0,0,42.1,29.0,10.0,12.7,1.0,6
385,441,3223,2017-01-29,13,1,0,1,9,0,0,0,21,0,0,0,30,0,0,0,0,0,0,0,42.1,28.0,10.0,10.4,1.0,6
385,441,3223,2017-01-29,13,2,0,5,30,0,0,0,0,0,0,0,30,0,0,0,0,0,0,0,42.1,28.0,10.0,10.4,1.0,6
385,441,3223,2017-01-29,14,1,1,4,9,0,21,0,0,0,0,0,30,0,0,0,0,0,0,0,42.1,28.0,10.0,8.099999999999998,1.0,6
385,441,3223,2017-01-29,14,2,4,0,0,0,30,0,0,0,0,0,30,0,0,0,0,0,0,0,42.1,28.0,10.0,8.099999999999998,1.0,6
385,441,3223,2017-01-29,15,1,4,2,30,0,0,0,0,0,0,0,30,0,0,0,0,0,0,0,42.1,32.0,10.0,4.6,1.0,6
385,441,3223,2017-01-29,15,2,1,0,30,0,0,0,0,0,0,0,30,0,0,0,0,0,0,0,42.1,32.0,10.0,4.6,1.0,6
385,441,3223,2017-01-29,16,1,3,0,22,0,0,0,8,0,0,0,30,0,0,0,0,0,0,0,39.9,35.0,10.0,4.6,1.0,6
385,441,3223,2017-01-29,16,2,0,1,7,0,0,0,23,0,0,0,30,0,0,0,0,0,0,0,39.9,35.0,10.0,4.6,1.0,6
385,441,3223,2017-01-29,17,1,4,3,30,0,0,0,0,0,0,0,30,0,0,0,0,0,0,0,39.0,38.0,10.0,3.5,1.0,6
385,441,3223,2017-01-29,17,2,0,1,8,0,0,0,22,0,0,0,30,0,0,0,0,0,0,0,39.0,38.0,10.0,3.5,1.0,6
385,441,3223,2017-01-29,18,1,2,3,30,0,0,0,0,0,0,0,30,0,0,0,0,0,0,0,39.0,39.0,10.0,9.2,1.0,6
385,441,3223,2017-01-29,18,2,1,1,24,0,0,0,6,0,0,0,30,0,0,0,0,0,0,0,39.0,39.0,10.0,9.2,1.0,6
385,441,3223,2017-01-29,19,1,2,5,30,0,0,0,0,0,0,0,30,0,0,0,0,0,0,0,39.0,39.0,10.0,6.9,1.0,6
385,441,3223,2017-01-29,19,2,1,0,30,0,0,0,0,0,0,0,30,0,0,0,0,0,0,0,39.0,39.0,10.0,6.9,1.0,6
385,441,3223,2017-01-29,20,1,1,3,30,0,0,0,0,0,0,0,30,0,0,0,0,0,0,0,39.0,41.0,10.0,3.5,1.0,6
385,441,3223,2017-01-29,20,2,0,1,30,0,0,0,0,0,0,0,30,0,0,0,0,0,0,0,39.0,41.0,10.0,3.5,1.0,6
385,441,3223,2017-01-29,21,1,0,2,30,0,0,0,0,0,0,0,30,0,0,0,0,0,0,0,37.0,46.0,10.0,4.6,1.0,6
385,441,3223,2017-01-29,21,2,1,0,30,0,0,0,0,0,0,0,30,0,0,0,0,0,0,0,37.0,46.0,10.0,4.6,1.0,6
385,441,3223,2017-01-29,22,1,1,0,30,0,0,0,0,0,0,0,30,0,0,0,0,0,0,0,36.0,50.0,10.0,3.5,1.0,6
385,441,3223,2017-01-29,22,2,1,0,30,0,0,0,0,0,0,0,30,0,0,0,0,0,0,0,36.0,50.0,10.0,3.5,1.0,6
385,441,3223,2017-01-29,23,1,1,0,30,0,0,0,0,0,0,0,30,0,0,0,0,0,0,0,36.0,50.0,10.0,4.6,1.0,6
385,441,3223,2017-01-29,23,2,0,1,30,0,0,0,0,0,0,0,30,0,0,0,0,0,0,0,36.0,50.0,10.0,4.6,1.0,6
385,441,3223,2017-01-30,0,1,0,0,25,0,0,0,5,0,0,0,30,0,0,0,0,0,0,0,35.1,52.0,10.0,6.9,1.0,0
385,441,3223,2017-01-30,0,2,0,0,0,0,0,0,30,0,0,0,30,0,0,0,0,0,0,0,35.1,52.0,10.0,6.9,1.0,0
385,441,3223,2017-01-30,1,1,0,0,0,0,0,0,30,0,0,0,30,0,0,0,0,0,0,0,35.1,50.0,10.0,6.9,1.0,0
385,441,3223,2017-01-30,1,2,0,0,30,0,0,0,0,0,0,0,30,0,0,0,0,0,0,0,35.1,50.0,10.0,6.9,1.0,0
385,441,3223,2017-01-30,2,1,0,0,30,0,0,0,0,0,0,0,30,0,0,0,0,0,0,0,34.0,52.0,10.0,3.5,1.0,0
385,441,3223,2017-01-30,2,2,0,0,30,0,0,0,0,0,0,0,30,0,0,0,0,0,0,0,34.0,52.0,10.0,3.5,1.0,0
385,441,3223,2017-01-30,3,1,0,0,30,0,0,0,0,0,0,0,30,0,0,0,0,0,0,0,32.0,59.0,10.0,6.9,1.0,0
385,441,3223,2017-01-30,3,2,0,0,30,0,0,0,0,0,0,0,30,0,0,0,0,0,0,0,32.0,59.0,10.0,6.9,1.0,0
385,441,3223,2017-01-30,4,1,0,0,30,0,0,0,0,0,0,0,30,0,0,0,0,0,0,0,32.0,59.0,10.0,3.5,1.0,0
385,441,3223,2017-01-30,4,2,0,0,30,0,0,0,0,0,0,0,30,0,0,0,0,0,0,0,32.0,59.0,10.0,3.5,1.0,0
385,441,3223,2017-01-30,5,1,0,1,30,0,0,0,0,0,0,0,30,0,0,0,0,0,0,0,32.0,54.0,10.0,6.9,1.0,0
385,441,3223,2017-01-30,5,2,2,0,30,0,0,0,0,0,0,0,30,0,0,0,0,0,0,0,32.0,54.0,10.0,6.9,1.0,0
385,441,3223,2017-01-30,6,1,0,0,30,0,0,0,0,0,0,0,30,0,0,0,0,0,0,0,32.0,54.0,10.0,3.5,1.0,0
385,441,3223,2017-01-30,6,2,3,5,30,0,0,0,0,0,0,0,30,0,0,0,0,0,0,0,32.0,54.0,10.0,3.5,1.0,0
385,441,3223,2017-01-30,7,1,1,3,30,0,0,0,0,0,0,0,30,0,0,0,0,0,0,0,32.0,45.0,10.0,6.9,1.0,0
385,441,3223,2017-01-30,7,2,2,0,30,0,0,0,0,0,0,0,30,0,0,0,0,0,0,0,32.0,45.0,10.0,6.9,1.0,0
385,441,3223,2017-01-30,8,1,7,3,30,0,0,0,0,0,0,0,30,0,0,0,0,0,0,0,33.1,43.0,10.0,4.6,1.0,0
385,441,3223,2017-01-30,8,2,1,4,21,0,0,0,9,0,0,0,30,0,0,0,0,0,0,0,33.1,43.0,10.0,4.6,1.0,0
385,441,3223,2017-01-30,9,1,4,7,30,0,0,0,0,0,0,0,30,0,0,0,0,0,0,0,34.0,40.0,10.0,6.9,1.0,0
385,441,3223,2017-01-30,9,2,4,7,30,0,0,0,0,0,0,0,30,0,0,0,0,0,0,0,34.0,40.0,10.0,6.9,1.0,0
385,441,3223,2017-01-30,10,1,2,5,30,0,0,0,0,0,0,0,30,0,0,0,0,0,0,0,34.0,37.0,10.0,9.2,1.0,0
385,441,3223,2017-01-30,10,2,2,3,30,0,0,0,0,0,0,0,30,0,0,0,0,0,0,0,34.0,37.0,10.0,9.2,1.0,0
385,441,3223,2017-01-30,11,1,1,2,30,0,0,0,0,0,0,0,30,0,0,0,0,0,0,0,34.0,35.0,10.0,9.2,1.0,0
385,441,3223,2017-01-30,11,2,3,0,30,0,0,0,0,0,0,0,30,0,0,0,0,0,0,0,34.0,35.0,10.0,9.2,1.0,0
385,441,3223,2017-01-30,12,1,2,1,30,0,0,0,0,0,0,0,30,0,0,0,0,0,0,0,35.1,37.0,10.0,8.099999999999998,1.0,0
385,441,3223,2017-01-30,12,2,2,2,30,0,0,0,0,0,0,0,30,0,0,0,0,0,0,0,35.1,37.0,10.0,8.099999999999998,1.0,0
385,441,3223,2017-01-30,13,1,1,0,30,0,0,0,0,0,0,0,30,0,0,0,0,0,0,0,36.0,33.0,10.0,11.5,1.0,0
385,441,3223,2017-01-30,13,2,3,0,30,0,0,0,0,0,0,0,30,0,0,0,0,0,0,0,36.0,33.0,10.0,11.5,1.0,0
385,441,3223,2017-01-30,14,1,1,4,30,0,0,0,0,0,0,0,30,0,0,0,0,0,0,0,36.0,33.0,10.0,10.4,1.0,0
385,441,3223,2017-01-30,14,2,2,3,30,0,0,0,0,0,0,0,30,0,0,0,0,0,0,0,36.0,33.0,10.0,10.4,1.0,0
385,441,3223,2017-01-30,15,1,0,0,30,0,0,0,0,0,0,0,30,0,0,0,0,0,0,0,36.0,31.0,10.0,10.4,1.0,0
385,441,3223,2017-01-30,15,2,2,2,30,0,0,0,0,0,0,0,30,0,0,0,0,0,0,0,36.0,31.0,10.0,10.4,1.0,0
385,441,3223,2017-01-30,16,1,3,1,30,0,0,0,0,0,0,0,30,0,0,0,0,0,0,0,35.1,34.0,10.0,6.9,1.0,0
385,441,3223,2017-01-30,16,2,5,2,30,0,0,0,0,0,0,0,30,0,0,0,0,0,0,0,35.1,34.0,10.0,6.9,1.0,0
385,441,3223,2017-01-30,17,1,3,3,30,0,0,0,0,0,0,0,30,0,0,0,0,0,0,0,34.0,32.0,10.0,8.099999999999998,1.0,0
385,441,3223,2017-01-30,17,2,0,6,30,0,0,0,0,0,0,0,30,0,0,0,0,0,0,0,34.0,32.0,10.0,8.099999999999998,1.0,0
385,441,3223,2017-01-30,18,1,2,5,30,0,0,0,0,0,0,0,30,0,0,0,0,0,0,0,33.1,35.0,10.0,6.9,1.0,0
385,441,3223,2017-01-30,18,2,0,9,30,0,0,0,0,0,0,0,30,0,0,0,0,0,0,0,33.1,35.0,10.0,6.9,1.0,0
385,441,3223,2017-01-30,19,1,1,1,30,0,0,0,0,0,0,0,30,0,0,0,0,0,0,0,32.0,38.0,10.0,6.9,1.0,0
385,441,3223,2017-01-30,19,2,4,1,30,0,0,0,0,0,0,0,30,0,0,0,0,0,0,0,32.0,38.0,10.0,6.9,1.0,0
385,441,3223,2017-01-30,20,1,4,2,30,0,0,0,0,0,0,0,30,0,0,0,0,0,0,0,32.0,38.0,10.0,3.5,1.0,0
385,441,3223,2017-01-30,20,2,1,0,30,0,0,0,0,0,0,0,30,0,0,0,0,0,0,0,32.0,38.0,10.0,3.5,1.0,0
385,441,3223,2017-01-30,21,1,4,0,30,0,0,0,0,0,0,0,30,0,0,0,0,0,0,0,30.9,38.0,10.0,6.9,1.0,0
385,441,3223,2017-01-30,21,2,0,0,30,0,0,0,0,0,0,0,30,0,0,0,0,0,0,0,30.9,38.0,10.0,6.9,1.0,0
385,441,3223,2017-01-30,22,1,0,0,30,0,0,0,0,0,0,0,30,0,0,0,0,0,0,0,30.9,38.0,10.0,9.2,1.0,0
385,441,3223,2017-01-30,22,2,1,1,30,0,0,0,0,0,0,0,30,0,0,0,0,0,0,0,30.9,38.0,10.0,9.2,1.0,0
385,441,3223,2017-01-30,23,1,0,0,30,0,0,0,0,0,0,0,30,0,0,0,0,0,0,0,30.0,38.0,10.0,5.8,1.0,0
385,441,3223,2017-01-30,23,2,0,0,30,0,0,0,0,0,0,0,30,0,0,0,0,0,0,0,30.0,38.0,10.0,5.8,1.0,0
385,441,3223,2017-01-31,0,1,0,1,30,0,0,0,0,0,0,0,30,0,0,0,0,0,0,0,30.0,38.0,10.0,3.5,1.0,1
385,441,3223,2017-01-31,0,2,0,0,30,0,0,0,0,0,0,0,30,0,0,0,0,0,0,0,30.0,38.0,10.0,3.5,1.0,1
385,441,3223,2017-01-31,1,1,0,0,30,0,0,0,0,0,0,0,30,0,0,0,0,0,0,0,28.9,40.0,10.0,3.5,1.0,1
385,441,3223,2017-01-31,1,2,0,0,30,0,0,0,0,0,0,0,30,0,0,0,0,0,0,0,28.9,40.0,10.0,3.5,1.0,1
385,441,3223,2017-01-31,2,1,0,0,30,0,0,0,0,0,0,0,30,0,0,0,0,0,0,0,28.0,45.0,10.0,3.5,1.0,1
385,441,3223,2017-01-31,2,2,0,0,30,0,0,0,0,0,0,0,30,0,0,0,0,0,0,0,28.0,45.0,10.0,3.5,1.0,1
385,441,3223,2017-01-31,3,1,0,0,30,0,0,0,0,0,0,0,30,0,0,0,0,0,0,0,27.0,49.0,10.0,4.6,1.0,1
385,441,3223,2017-01-31,3,2,0,0,30,0,0,0,0,0,0,0,30,0,0,0,0,0,0,0,27.0,49.0,10.0,4.6,1.0,1
385,441,3223,2017-01-31,4,1,1,0,30,0,0,0,0,0,0,0,30,0,0,0,0,0,0,0,27.0,49.0,10.0,4.6,1.0,1
385,441,3223,2017-01-31,4,2,0,0,30,0,0,0,0,0,0,0,30,0,0,0,0,0,0,0,27.0,49.0,10.0,4.6,1.0,1
385,441,3223,2017-01-31,5,1,0,0,30,0,0,0,0,0,0,0,30,0,0,0,0,0,0,0,26.1,51.0,10.0,3.5,1.0,1
385,441,3223,2017-01-31,5,2,1,0,30,0,0,0,0,0,0,0,30,0,0,0,0,0,0,0,26.1,51.0,10.0,3.5,1.0,1
385,441,3223,2017-01-31,6,1,1,2,30,0,0,0,0,0,0,0,30,0,0,0,0,0,0,0,27.0,53.0,10.0,3.5,1.0,1
385,441,3223,2017-01-31,6,2,4,1,30,0,0,0,0,0,0,0,30,0,0,0,0,0,0,0,27.0,53.0,10.0,3.5,1.0,1
385,441,3223,2017-01-31,7,1,2,3,30,0,0,0,0,0,0,0,30,0,0,0,0,0,0,0,28.0,53.0,10.0,5.8,1.0,1
385,441,3223,2017-01-31,7,2,7,2,30,0,0,0,0,0,0,0,30,0,0,0,0,0,0,0,28.0,53.0,10.0,5.8,1.0,1
385,441,3223,2017-01-31,8,1,10,4,30,0,0,0,0,0,0,0,30,0,0,0,0,0,0,0,29.266666666666666,61.333333333333336,10.0,4.633333333333334,3.0,1
385,441,3223,2017-01-31,8,2,1,1,4,0,5,0,21,0,0,0,30,0,0,0,0,0,0,0,29.266666666666666,61.333333333333336,10.0,4.633333333333334,3.0,1
385,441,3223,2017-01-31,9,1,2,2,15,0,0,0,15,0,0,0,30,0,0,0,0,0,0,0,30.9,57.0,6.0,3.5,1.0,1
385,441,3223,2017-01-31,9,2,2,1,30,0,0,0,0,0,0,0,30,0,0,0,0,0,0,0,30.9,57.0,6.0,3.5,1.0,1
385,441,3223,2017-01-31,10,1,1,2,20,0,0,0,10,0,0,0,30,0,0,0,0,0,0,0,28.6,70.66666666666667,1.0333333333333334,5.199999999999999,2.0,1
385,441,3223,2017-01-31,10,2,0,1,30,0,0,0,0,0,0,0,30,0,0,0,0,0,0,0,28.6,70.66666666666667,1.0333333333333334,5.199999999999999,2.0,1
385,441,3223,2017-01-31,11,1,0,0,30,0,0,0,0,0,0,0,30,0,0,0,0,0,0,0,27.666666666666668,83.66666666666667,1.0,4.633333333333334,3.0,1
385,441,3223,2017-01-31,11,2,0,1,30,0,0,0,0,0,0,0,30,0,0,0,0,0,0,0,27.666666666666668,83.66666666666667,1.0,4.633333333333334,3.0,1
385,441,3223,2017-01-31,12,1,0,2,30,0,0,0,0,0,0,0,30,0,0,0,0,0,0,0,28.9,80.2,3.3,5.2,2.0,1
385,441,3223,2017-01-31,12,2,0,0,24,6,0,0,0,0,0,0,30,0,0,0,0,0,0,0,28.9,80.2,3.3,5.2,2.0,1
385,441,3223,2017-01-31,13,1,1,2,15,15,0,0,0,0,0,0,30,0,0,0,0,0,0,0,28.9,89.0,0.5,9.2,1.0,1
385,441,3223,2017-01-31,13,2,1,1,30,0,0,0,0,0,0,0,30,0,0,0,0,0,0,0,28.9,89.0,0.5,9.2,1.0,1
385,441,3223,2017-01-31,14,1,1,0,30,0,0,0,0,0,0,0,30,0,0,0,0,0,0,0,29.666666666666668,85.83333333333333,1.25,6.916666666666667,6.0,1
385,441,3223,2017-01-31,14,2,1,0,30,0,0,0,0,0,0,0,30,0,0,0,0,0,0,0,29.666666666666668,85.83333333333333,1.25,6.916666666666667,6.0,1
385,441,3223,2017-01-31,15,1,1,3,30,0,0,0,0,0,0,0,30,0,0,0,0,0,0,0,30.0,85.75,3.125,7.199999999999999,3.0,1
385,441,3223,2017-01-31,15,2,0,0,30,0,0,0,0,0,0,0,30,0,0,0,0,0,0,0,30.0,85.75,3.125,7.199999999999999,3.0,1
385,441,3223,2017-01-31,16,1,1,0,30,0,0,0,0,0,0,0,30,0,0,0,0,0,0,0,30.45,83.5,6.5,5.199999999999999,2.0,1
385,441,3223,2017-01-31,16,2,0,0,30,0,0,0,0,0,0,0,30,0,0,0,0,0,0,0,30.45,83.5,6.5,5.199999999999999,2.0,1
385,441,3223,2017-01-31,17,1,5,3,25,0,5,0,0,0,0,0,30,0,0,0,0,0,0,0,30.9,85.0,10.0,4.6,1.0,1
385,441,3223,2017-01-31,17,2,2,1,30,0,0,0,0,0,0,0,30,0,0,0,0,0,0,0,30.9,85.0,10.0,4.6,1.0,1
385,441,3223,2017-01-31,18,1,1,6,30,0,0,0,0,0,0,0,30,0,0,0,0,0,0,0,30.9,85.0,10.0,3.5,1.0,1
385,441,3223,2017-01-31,18,2,1,4,30,0,0,0,0,0,0,0,30,0,0,0,0,0,0,0,30.9,85.0,10.0,3.5,1.0,1
385,441,3223,2017-01-31,19,1,5,3,30,0,0,0,0,0,0,0,30,0,0,0,0,0,0,0,30.9,85.0,9.0,4.6,1.0,1
385,441,3223,2017-01-31,19,2,3,2,30,0,0,0,0,0,0,0,30,0,0,0,0,0,0,0,30.9,85.0,9.0,4.6,1.0,1
385,441,3223,2017-01-31,20,1,1,2,30,0,0,0,0,0,0,0,30,0,0,0,0,0,0,0,30.9,89.0,7.0,3.5,1.0,1
385,441,3223,2017-01-31,20,2,2,1,30,0,0,0,0,0,0,0,30,0,0,0,0,0,0,0,30.9,89.0,7.0,3.5,1.0,1
385,441,3223,2017-01-31,21,1,0,2,30,0,0,0,0,0,0,0,30,0,0,0,0,0,0,0,30.9,89.0,6.0,3.5,1.0,1
385,441,3223,2017-01-31,21,2,2,0,30,0,0,0,0,0,0,0,30,0,0,0,0,0,0,0,30.9,89.0,6.0,3.5,1.0,1
385,441,3223,2017-01-31,22,1,1,1,30,0,0,0,0,0,0,0,30,0,0,0,0,0,0,0,32.0,85.0,7.0,3.5,1.0,1
385,441,3223,2017-01-31,22,2,0,1,30,0,0,0,0,0,0,0,30,0,0,0,0,0,0,0,32.0,85.0,7.0,3.5,1.0,1
385,441,3223,2017-01-31,23,1,1,1,30,0,0,0,0,0,0,0,30,0,0,0,0,0,0,0,34.0,82.0,7.0,3.5,1.0,1
385,441,3223,2017-01-31,23,2,0,0,30,0,0,0,0,0,0,0,30,0,0,0,0,0,0,0,34.0,82.0,7.0,3.5,1.0,1
385,441,3223,2017-02-01,0,1,0,0,30,0,0,0,0,0,0,0,30,0,0,0,0,0,0,0,34.0,82.0,7.0,3.5,1.0,2
385,441,3223,2017-03-01,13,1,1,0,11,0,0,0,0,0,0,0,11,0,0,0,0,0,0,0,63.333333333333336,83.66666666666667,6.666666666666667,4.633333333333334,3.0,2
385,441,3223,2017-03-01,13,2,1,1,30,0,0,0,0,0,0,0,30,0,0,0,0,0,0,0,63.333333333333336,83.66666666666667,6.666666666666667,4.633333333333334,3.0,2
385,441,3223,2017-03-01,14,1,3,0,30,0,0,0,0,0,0,0,30,0,0,0,0,0,0,0,64.0,79.0,7.0,5.75,2.0,2
385,441,3223,2017-03-01,14,2,1,1,30,0,0,0,0,0,0,0,30,0,0,0,0,0,0,0,64.0,79.0,7.0,5.75,2.0,2
385,441,3223,2017-03-01,15,1,3,3,30,0,0,0,0,0,0,0,30,0,0,0,0,0,0,0,64.0,78.0,7.0,3.5,1.0,2
385,441,3223,2017-03-01,15,2,0,2,30,0,0,0,0,0,0,0,30,0,0,0,0,0,0,0,64.0,78.0,7.0,3.5,1.0,2
385,441,3223,2017-03-01,16,1,2,3,30,0,0,0,0,0,0,0,30,0,0,0,0,0,0,0,69.1,70.0,10.0,6.9,1.0,2
385,441,3223,2017-03-01,16,2,4,3,30,0,0,0,0,0,0,0,30,0,0,0,0,0,0,0,69.1,70.0,10.0,6.9,1.0,2
385,441,3223,2017-03-01,17,1,5,10,30,0,0,0,0,0,0,0,30,0,0,0,0,0,0,0,69.1,63.0,10.0,10.4,1.0,2
385,441,3223,2017-03-01,17,2,6,6,30,0,0,0,0,0,0,0,30,0,0,0,0,0,0,0,69.1,63.0,10.0,10.4,1.0,2
385,441,3223,2017-03-01,18,1,4,2,30,0,0,0,0,0,0,0,30,0,0,0,0,0,0,0,69.1,53.0,10.0,8.099999999999998,1.0,2
385,441,3223,2017-03-01,18,2,10,6,14,16,0,0,0,0,0,0,30,0,0,0,0,0,0,0,69.1,53.0,10.0,8.099999999999998,1.0,2
385,441,3223,2017-03-01,19,1,10,2,13,17,0,0,0,0,0,0,30,0,0,0,0,0,0,0,66.9,57.0,10.0,6.9,1.0,2
385,441,3223,2017-03-01,19,2,5,6,0,7,8,15,0,0,0,0,30,0,0,0,0,0,0,0,66.9,57.0,10.0,6.9,1.0,2
385,441,3223,2017-03-01,20,1,4,2,3,8,3,15,1,0,0,0,30,0,0,0,0,0,0,0,66.0,56.0,10.0,12.7,1.0,2
385,441,3223,2017-03-01,20,2,0,2,0,0,0,7,23,0,0,0,30,0,0,0,0,0,0,0,66.0,56.0,10.0,12.7,1.0,2
385,441,3223,2017-03-01,21,1,0,4,3,21,0,6,0,0,0,0,30,0,0,0,0,0,0,0,64.9,58.0,10.0,5.8,1.0,2
385,441,3223,2017-03-01,21,2,2,3,0,30,0,0,0,0,0,0,30,0,0,0,0,0,0,0,64.9,58.0,10.0,5.8,1.0,2
385,441,3223,2017-03-01,22,1,1,0,0,7,0,23,0,0,0,0,30,0,0,0,0,0,0,0,64.9,56.0,10.0,10.4,1.0,2
385,441,3223,2017-03-01,22,2,2,1,20,0,3,7,0,0,0,0,30,0,0,0,0,0,0,0,64.9,56.0,10.0,10.4,1.0,2
385,441,3223,2017-03-01,23,1,3,0,11,6,0,13,0,0,0,0,30,0,0,0,0,0,0,0,64.0,60.0,10.0,10.4,1.0,2
385,441,3223,2017-03-01,23,2,0,0,0,0,30,0,0,0,0,0,30,0,0,0,0,0,0,0,64.0,60.0,10.0,10.4,1.0,2
385,441,3223,2017-03-02,0,1,0,0,0,0,30,0,0,0,0,0,30,0,0,0,0,0,0,0,64.0,60.0,10.0,9.2,1.0,3
385,441,3223,2017-03-02,0,2,0,0,0,0,30,0,0,0,0,0,30,0,0,0,0,0,0,0,64.0,60.0,10.0,9.2,1.0,3
385,441,3223,2017-03-02,1,1,0,1,0,0,13,17,0,0,0,0,30,0,0,0,0,0,0,0,62.1,56.0,10.0,8.099999999999998,1.0,3
385,441,3223,2017-03-02,1,2,0,0,0,0,0,30,0,0,0,0,30,0,0,0,0,0,0,0,62.1,56.0,10.0,8.099999999999998,1.0,3
385,441,3223,2017-03-02,2,1,0,0,0,0,0,30,0,0,0,0,30,0,0,0,0,0,0,0,59.0,41.0,10.0,9.2,1.0,3
385,441,3223,2017-03-02,2,2,0,0,0,0,0,30,0,0,0,0,30,0,0,0,0,0,0,0,59.0,41.0,10.0,9.2,1.0,3
385,441,3223,2017-03-02,3,1,0,0,0,0,0,30,0,0,0,0,30,0,0,0,0,0,0,0,55.0,35.0,10.0,13.8,1.0,3
385,441,3223,2017-03-02,3,2,0,0,0,0,0,30,0,0,0,0,30,0,0,0,0,0,0,0,55.0,35.0,10.0,13.8,1.0,3
385,441,3223,2017-03-02,4,1,0,0,0,0,0,30,0,0,0,0,30,0,0,0,0,0,0,0,51.1,39.0,10.0,13.8,1.0,3
385,441,3223,2017-03-02,4,2,0,0,0,0,0,30,0,0,0,0,30,0,0,0,0,0,0,0,51.1,39.0,10.0,13.8,1.0,3
385,441,3223,2017-03-02,5,1,1,0,0,0,0,30,0,0,0,0,30,0,0,0,0,0,0,0,50.0,36.0,10.0,11.5,1.0,3
385,441,3223,2017-03-02,5,2,1,0,0,0,24,0,6,0,0,0,30,0,0,0,0,0,0,0,50.0,36.0,10.0,11.5,1.0,3
385,441,3223,2017-03-02,6,1,1,3,0,0,30,0,0,0,0,0,30,0,0,0,0,0,0,0,48.0,42.0,10.0,6.9,1.0,3
385,441,3223,2017-03-02,6,2,2,0,0,0,13,0,17,0,0,0,30,0,0,0,0,0,0,0,48.0,42.0,10.0,6.9,1.0,3
385,441,3223,2017-03-02,7,1,1,1,3,0,0,0,27,0,0,0,30,0,0,0,0,0,0,0,46.0,39.0,10.0,17.3,1.0,3
385,441,3223,2017-03-02,7,2,1,2,11,0,3,0,16,0,0,0,30,0,0,0,0,0,0,0,46.0,39.0,10.0,17.3,1.0,3
385,441,3223,2017-03-02,8,1,5,8,30,0,0,0,0,0,0,0,30,0,0,0,0,0,0,0,45.0,37.0,10.0,21.9,1.0,3
385,441,3223,2017-03-02,8,2,6,3,27,0,0,0,3,0,0,0,30,0,0,0,0,0,0,0,45.0,37.0,10.0,21.9,1.0,3
385,441,3223,2017-03-02,9,1,1,0,5,0,0,0,25,0,0,0,30,0,0,0,0,0,0,0,45.0,33.0,10.0,18.4,1.0,3
385,441,3223,2017-03-02,9,2,0,4,10,0,0,0,20,0,0,0,30,0,0,0,0,0,0,0,45.0,33.0,10.0,18.4,1.0,3
385,441,3223,2017-03-02,10,1,4,1,30,0,0,0,0,0,0,0,30,0,0,0,0,0,0,0,45.0,33.0,10.0,12.7,1.0,3
385,441,3223,2017-03-02,10,2,0,0,0,0,0,0,30,0,0,0,30,0,0,0,0,0,0,0,45.0,33.0,10.0,12.7,1.0,3
385,441,3223,2017-03-02,11,1,0,4,16,0,0,0,14,0,0,0,30,0,0,0,0,0,0,0,45.0,31.0,10.0,13.8,1.0,3
385,441,3223,2017-03-02,11,2,1,1,30,0,0,0,0,0,0,0,30,0,0,0,0,0,0,0,45.0,31.0,10.0,13.8,1.0,3
385,441,3223,2017-03-02,12,1,3,1,28,0,0,2,0,0,0,0,30,0,0,0,0,0,0,0,46.0,30.0,10.0,15.0,1.0,3
385,441,3223,2017-03-02,12,2,0,1,3,27,0,0,0,0,0,0,30,0,0,0,0,0,0,0,46.0,30.0,10.0,15.0,1.0,3
385,441,3223,2017-03-02,13,1,1,1,30,0,0,0,0,0,0,0,30,0,0,0,0,0,0,0,46.0,30.0,10.0,9.2,1.0,3
385,441,3223,2017-03-02,13,2,2,2,30,0,0,0,0,0,0,0,30,0,0,0,0,0,0,0,46.0,30.0,10.0,9.2,1.0,3
385,441,3223,2017-03-02,14,1,1,2,30,0,0,0,0,0,0,0,30,0,0,0,0,0,0,0,45.0,30.0,10.0,10.4,1.0,3
385,441,3223,2017-03-02,14,2,4,4,30,0,0,0,0,0,0,0,30,0,0,0,0,0,0,0,45.0,30.0,10.0,10.4,1.0,3
385,441,3223,2017-03-02,15,1,3,2,30,0,0,0,0,0,0,0,30,0,0,0,0,0,0,0,44.1,30.0,10.0,9.2,1.0,3
385,441,3223,2017-03-02,15,2,4,2,22,0,0,0,8,0,0,0,30,0,0,0,0,0,0,0,44.1,30.0,10.0,9.2,1.0,3
385,441,3223,2017-03-02,16,1,1,4,10,0,0,0,20,0,0,0,30,0,0,0,0,0,0,0,43.0,30.0,10.0,10.4,1.0,3
385,441,3223,2017-03-02,16,2,4,4,30,0,0,0,0,0,0,0,30,0,0,0,0,0,0,0,43.0,30.0,10.0,10.4,1.0,3
385,441,3223,2017-03-02,17,1,2,2,30,0,0,0,0,0,0,0,30,0,0,0,0,0,0,0,42.1,29.0,10.0,10.4,1.0,3
385,441,3223,2017-03-02,17,2,6,3,27,0,0,0,3,0,0,0,30,0,0,0,0,0,0,0,42.1,29.0,10.0,10.4,1.0,3
385,441,3223,2017-03-02,18,1,0,8,30,0,0,0,0,0,0,0,30,0,0,0,0,0,0,0,41.0,29.0,10.0,8.099999999999998,1.0,3
385,441,3223,2017-03-02,18,2,2,2,30,0,0,0,0,0,0,0,30,0,0,0,0,0,0,0,41.0,29.0,10.0,8.099999999999998,1.0,3
385,441,3223,2017-03-02,19,1,10,4,18,12,0,0,0,0,0,0,30,0,0,0,0,0,0,0,39.9,28.0,10.0,11.5,1.0,3
385,441,3223,2017-03-02,19,2,3,2,0,30,0,0,0,0,0,0,30,0,0,0,0,0,0,0,39.9,28.0,10.0,11.5,1.0,3
385,441,3223,2017-03-02,20,1,1,0,3,3,9,14,1,0,0,0,30,0,0,0,0,0,0,0,39.0,28.0,10.0,8.099999999999998,1.0,3
385,441,3223,2017-03-02,20,2,1,1,0,0,0,3,27,0,0,0,30,0,0,0,0,0,0,0,39.0,28.0,10.0,8.099999999999998,1.0,3
385,441,3223,2017-03-02,21,1,3,3,21,8,0,0,1,0,0,0,30,0,0,0,0,0,0,0,37.9,30.0,10.0,9.2,1.0,3
385,441,3223,2017-03-02,21,2,0,1,19,6,0,0,5,0,0,0,30,0,0,0,0,0,0,0,37.9,30.0,10.0,9.2,1.0,3
385,441,3223,2017-03-02,22,1,1,1,3,6,0,0,21,0,0,0,30,0,0,0,0,0,0,0,37.0,34.0,10.0,6.9,1.0,3
385,441,3223,2017-03-02,22,2,0,1,3,27,0,0,0,0,0,0,30,0,0,0,0,0,0,0,37.0,34.0,10.0,6.9,1.0,3
385,441,3223,2017-03-02,23,1,2,1,0,9,0,12,9,0,0,0,30,0,0,0,0,0,0,0,36.0,36.0,10.0,4.6,1.0,3
385,441,3223,2017-03-02,23,2,0,0,11,0,19,0,0,0,0,0,30,0,0,0,0,0,0,0,36.0,36.0,10.0,4.6,1.0,3
385,441,3223,2017-03-03,0,1,1,0,17,0,0,0,13,0,0,0,30,0,0,0,0,0,0,0,34.0,38.0,10.0,10.4,1.0,4
385,441,3223,2017-03-03,0,2,0,0,30,0,0,0,0,0,0,0,30,0,0,0,0,0,0,0,34.0,38.0,10.0,10.4,1.0,4
385,441,3223,2017-03-03,1,1,0,0,17,0,0,0,13,0,0,0,30,0,0,0,0,0,0,0,33.1,42.0,10.0,6.9,1.0,4
385,441,3223,2017-03-03,1,2,0,0,0,0,0,0,30,0,0,0,30,0,0,0,0,0,0,0,33.1,42.0,10.0,6.9,1.0,4
385,441,3223,2017-03-03,2,1,0,0,0,0,0,0,30,0,0,0,30,0,0,0,0,0,0,0,32.0,40.0,10.0,6.9,1.0,4
385,441,3223,2017-03-03,2,2,0,1,0,0,19,0,11,0,0,0,30,0,0,0,0,0,0,0,32.0,40.0,10.0,6.9,1.0,4
385,441,3223,2017-03-03,3,1,0,0,0,0,30,0,0,0,0,0,30,0,0,0,0,0,0,0,30.9,42.0,10.0,6.9,1.0,4
385,441,3223,2017-03-03,3,2,0,0,0,0,30,0,0,0,0,0,30,0,0,0,0,0,0,0,30.9,42.0,10.0,6.9,1.0,4
385,441,3223,2017-03-03,4,1,0,0,0,0,30,0,0,0,0,0,30,0,0,0,0,0,0,0,30.0,43.0,10.0,8.099999999999998,1.0,4
385,441,3223,2017-03-03,4,2,0,0,0,0,30,0,0,0,0,0,30,0,0,0,0,0,0,0,30.0,43.0,10.0,8.099999999999998,1.0,4
385,441,3223,2017-03-03,5,1,0,0,0,0,30,0,0,0,0,0,30,0,0,0,0,0,0,0,30.0,43.0,10.0,10.4,1.0,4
385,441,3223,2017-03-03,5,2,0,0,0,0,0,30,0,0,0,0,30,0,0,0,0,0,0,0,30.0,43.0,10.0,10.4,1.0,4
385,441,3223,2017-03-03,6,1,2,1,0,0,3,27,0,0,0,0,30,0,0,0,0,0,0,0,30.0,45.0,10.0,6.9,1.0,4
385,441,3223,2017-03-03,6,2,1,1,0,0,6,0,24,0,0,0,30,0,0,0,0,0,0,0,30.0,45.0,10.0,6.9,1.0,4
385,441,3223,2017-03-03,7,1,0,0,0,0,0,0,30,0,0,0,30,0,0,0,0,0,0,0,30.0,45.0,10.0,6.9,1.0,4
385,441,3223,2017-03-03,7,2,2,2,0,0,12,3,15,0,0,0,30,0,0,0,0,0,0,0,30.0,45.0,10.0,6.9,1.0,4
385,441,3223,2017-03-03,8,1,5,4,19,0,0,0,11,0,0,0,30,0,0,0,0,0,0,0,30.9,43.0,10.0,6.9,1.0,4
385,441,3223,2017-03-03,8,2,3,3,4,0,6,0,20,0,0,0,30,0,0,0,0,0,0,0,30.9,43.0,10.0,6.9,1.0,4
385,441,3223,2017-03-03,9,1,5,5,30,0,0,0,0,0,0,0,30,0,0,0,0,0,0,0,30.9,40.0,10.0,8.099999999999998,1.0,4
385,441,3223,2017-03-03,9,2,1,0,12,0,0,0,18,0,0,0,30,0,0,0,0,0,0,0,30.9,40.0,10.0,8.099999999999998,1.0,4
385,441,3223,2017-03-03,10,1,1,2,26,0,0,0,4,0,0,0,30,0,0,0,0,0,0,0,34.0,34.0,10.0,6.9,1.0,4
385,441,3223,2017-03-03,10,2,2,1,28,0,0,0,2,0,0,0,30,0,0,0,0,0,0,0,34.0,34.0,10.0,6.9,1.0,4
385,441,3223,2017-03-03,11,1,0,0,0,0,0,0,30,0,0,0,30,0,0,0,0,0,0,0,37.0,30.0,10.0,6.9,1.0,4
385,441,3223,2017-03-03,11,2,2,2,26,0,0,0,4,0,0,0,30,0,0,0,0,0,0,0,37.0,30.0,10.0,6.9,1.0,4
385,441,3223,2017-03-03,12,1,0,0,0,0,0,0,30,0,0,0,30,0,0,0,0,0,0,0,36.0,29.0,10.0,6.9,1.0,4
385,441,3223,2017-03-03,12,2,0,0,0,0,0,0,30,0,0,0,30,0,0,0,0,0,0,0,36.0,29.0,10.0,6.9,1.0,4
385,441,3223,2017-03-03,13,1,0,2,12,0,0,0,18,0,0,0,30,0,0,0,0,0,0,0,37.0,24.0,10.0,6.9,1.0,4
385,441,3223,2017-03-03,13,2,0,0,30,0,0,0,0,0,0,0,30,0,0,0,0,0,0,0,37.0,24.0,10.0,6.9,1.0,4
385,441,3223,2017-03-03,14,1,0,1,30,0,0,0,0,0,0,0,30,0,0,0,0,0,0,0,37.0,23.0,10.0,8.099999999999998,1.0,4
385,441,3223,2017-03-03,14,2,2,2,30,0,0,0,0,0,0,0,30,0,0,0,0,0,0,0,37.0,23.0,10.0,8.099999999999998,1.0,4
385,441,3223,2017-03-03,15,1,0,1,30,0,0,0,0,0,0,0,30,0,0,0,0,0,0,0,39.0,26.0,10.0,6.9,1.0,4
385,441,3223,2017-03-03,15,2,1,3,30,0,0,0,0,0,0,0,30,0,0,0,0,0,0,0,39.0,26.0,10.0,6.9,1.0,4
385,441,3223,2017-03-03,16,1,2,2,30,0,0,0,0,0,0,0,30,0,0,0,0,0,0,0,37.0,25.0,10.0,9.2,1.0,4
385,441,3223,2017-03-03,16,2,5,5,30,0,0,0,0,0,0,0,30,0,0,0,0,0,0,0,37.0,25.0,10.0,9.2,1.0,4
385,441,3223,2017-03-03,17,1,3,6,30,0,0,0,0,0,0,0,30,0,0,0,0,0,0,0,35.1,37.0,10.0,5.8,1.0,4
385,441,3223,2017-03-03,17,2,8,2,26,4,0,0,0,0,0,0,30,0,0,0,0,0,0,0,35.1,37.0,10.0,5.8,1.0,4
385,441,3223,2017-03-03,18,1,4,6,11,19,0,0,0,0,0,0,30,0,0,0,0,0,0,0,33.1,42.0,10.0,4.6,1.0,4
385,441,3223,2017-03-03,18,2,2,3,3,27,0,0,0,0,0,0,30,0,0,0,0,0,0,0,33.1,42.0,10.0,4.6,1.0,4
385,441,3223,2017-03-03,19,1,2,2,0,30,0,0,0,0,0,0,30,0,0,0,0,0,0,0,30.9,50.0,10.0,8.099999999999998,1.0,4
385,441,3223,2017-03-03,19,2,3,1,0,24,0,6,0,0,0,0,30,0,0,0,0,0,0,0,30.9,50.0,10.0,8.099999999999998,1.0,4
385,441,3223,2017-03-03,20,1,1,0,0,30,0,0,0,0,0,0,30,0,0,0,0,0,0,0,28.9,41.0,10.0,12.7,1.0,4
385,441,3223,2017-03-03,20,2,3,0,0,4,15,9,2,0,0,0,30,0,0,0,0,0,0,0,28.9,41.0,10.0,12.7,1.0,4
385,441,3223,2017-03-03,21,1,0,1,9,0,0,0,21,0,0,0,30,0,0,0,0,0,0,0,27.0,37.0,10.0,11.5,1.0,4
385,441,3223,2017-03-03,21,2,1,2,30,0,0,0,0,0,0,0,30,0,0,0,0,0,0,0,27.0,37.0,10.0,11.5,1.0,4
385,441,3223,2017-03-03,22,1,1,0,17,0,6,0,7,0,0,0,30,0,0,0,0,0,0,0,25.0,36.0,10.0,13.8,1.0,4
385,441,3223,2017-03-03,22,2,0,0,0,0,0,0,30,0,0,0,30,0,0,0,0,0,0,0,25.0,36.0,10.0,13.8,1.0,4
385,441,3223,2017-03-03,23,1,0,0,0,0,0,0,30,0,0,0,30,0,0,0,0,0,0,0,24.1,37.0,10.0,13.8,1.0,4
385,441,3223,2017-03-03,23,2,0,0,0,0,0,0,30,0,0,0,30,0,0,0,0,0,0,0,24.1,37.0,10.0,13.8,1.0,4
385,441,3223,2017-03-04,0,1,0,0,0,0,0,0,30,0,0,0,30,0,0,0,0,0,0,0,23.0,40.0,10.0,11.5,1.0,5
385,441,3223,2017-03-04,0,2,0,2,30,0,0,0,0,0,0,0,30,0,0,0,0,0,0,0,23.0,40.0,10.0,11.5,1.0,5
385,441,3223,2017-03-04,1,1,0,0,28,0,2,0,0,0,0,0,30,0,0,0,0,0,0,0,23.0,40.0,10.0,6.9,1.0,5
385,441,3223,2017-03-04,1,2,0,0,0,0,30,0,0,0,0,0,30,0,0,0,0,0,0,0,23.0,40.0,10.0,6.9,1.0,5
385,441,3223,2017-03-04,2,1,0,1,0,0,30,0,0,0,0,0,30,0,0,0,0,0,0,0,21.9,42.0,10.0,5.8,1.0,5
385,441,3223,2017-03-04,2,2,0,0,0,0,30,0,0,0,0,0,30,0,0,0,0,0,0,0,21.9,42.0,10.0,5.8,1.0,5
385,441,3223,2017-03-04,3,1,0,0,0,0,30,0,0,0,0,0,30,0,0,0,0,0,0,0,21.0,44.0,10.0,6.9,1.0,5
385,441,3223,2017-03-04,3,2,0,0,0,0,30,0,0,0,0,0,30,0,0,0,0,0,0,0,21.0,44.0,10.0,6.9,1.0,5
385,441,3223,2017-03-04,4,1,0,0,0,0,30,0,0,0,0,0,30,0,0,0,0,0,0,0,21.0,44.0,10.0,9.2,1.0,5
385,441,3223,2017-03-04,4,2,0,0,0,0,30,0,0,0,0,0,30,0,0,0,0,0,0,0,21.0,44.0,10.0,9.2,1.0,5
385,441,3223,2017-03-04,5,1,0,0,0,0,30,0,0,0,0,0,30,0,0,0,0,0,0,0,21.0,46.0,10.0,12.7,1.0,5
385,441,3223,2017-03-04,5,2,0,0,0,0,30,0,0,0,0,0,30,0,0,0,0,0,0,0,21.0,46.0,10.0,12.7,1.0,5
385,441,3223,2017-03-04,6,1,1,0,0,0,30,0,0,0,0,0,30,0,0,0,0,0,0,0,19.9,50.0,10.0,3.5,1.0,5
385,441,3223,2017-03-04,6,2,1,0,0,0,30,0,0,0,0,0,30,0,0,0,0,0,0,0,19.9,50.0,10.0,3.5,1.0,5
385,441,3223,2017-03-04,7,1,0,1,0,0,30,0,0,0,0,0,30,0,0,0,0,0,0,0,21.0,48.0,10.0,8.099999999999998,1.0,5
385,441,3223,2017-03-04,7,2,1,0,0,0,30,0,0,0,0,0,30,0,0,0,0,0,0,0,21.0,48.0,10.0,8.099999999999998,1.0,5
385,441,3223,2017-03-04,8,1,2,0,0,0,20,0,10,0,0,0,30,0,0,0,0,0,0,0,23.0,44.0,10.0,9.2,1.0,5
385,441,3223,2017-03-04,8,2,0,0,0,0,0,0,30,0,0,0,30,0,0,0,0,0,0,0,23.0,44.0,10.0,9.2,1.0,5
385,441,3223,2017-03-04,9,1,1,1,18,0,0,0,12,0,0,0,30,0,0,0,0,0,0,0,25.0,43.0,10.0,8.099999999999998,1.0,5
385,441,3223,2017-03-04,9,2,0,2,30,0,0,0,0,0,0,0,30,0,0,0,0,0,0,0,25.0,43.0,10.0,8.099999999999998,1.0,5
385,441,3223,2017-03-04,10,1,2,2,30,0,0,0,0,0,0,0,30,0,0,0,0,0,0,0,26.1,41.0,10.0,6.9,1.0,5
385,441,3223,2017-03-04,10,2,2,3,13,0,17,0,0,0,0,0,30,0,0,0,0,0,0,0,26.1,41.0,10.0,6.9,1.0,5
385,441,3223,2017-03-04,11,1,3,2,0,0,30,0,0,0,0,0,30,0,0,0,0,0,0,0,28.9,32.0,10.0,10.4,1.0,5
385,441,3223,2017-03-04,11,2,2,2,5,0,22,0,3,0,0,0,30,0,0,0,0,0,0,0,28.9,32.0,10.0,10.4,1.0,5
385,441,3223,2017-03-04,12,1,1,0,17,0,0,0,13,0,0,0,30,0,0,0,0,0,0,0,28.0,30.0,10.0,10.4,1.0,5
385,441,3223,2017-03-04,12,2,1,0,5,0,9,0,16,0,0,0,30,0,0,0,0,0,0,0,28.0,30.0,10.0,10.4,1.0,5
385,441,3223,2017-03-04,13,1,1,1,7,0,12,0,11,0,0,0,30,0,0,0,0,0,0,0,30.0,29.0,10.0,13.8,1.0,5
385,441,3223,2017-03-04,13,2,0,0,0,0,0,0,30,0,0,0,30,0,0,0,0,0,0,0,30.0,29.0,10.0,13.8,1.0,5
385,441,3223,2017-03-04,14,1,0,0,0,0,0,0,30,0,0,0,30,0,0,0,0,0,0,0,28.9,26.0,10.0,10.4,1.0,5
385,441,3223,2017-03-04,14,2,0,1,18,0,0,0,12,0,0,0,30,0,0,0,0,0,0,0,28.9,26.0,10.0,10.4,1.0,5
385,441,3223,2017-03-04,15,1,1,1,9,0,6,0,15,0,0,0,30,0,0,0,0,0,0,0,28.9,25.0,10.0,5.8,1.0,5
385,441,3223,2017-03-04,15,2,0,2,12,18,0,0,0,0,0,0,30,0,0,0,0,0,0,0,28.9,25.0,10.0,5.8,1.0,5
385,441,3223,2017-03-04,16,1,3,1,0,6,15,9,0,0,0,0,30,0,0,0,0,0,0,0,27.0,25.0,10.0,9.2,1.0,5
385,441,3223,2017-03-04,16,2,2,3,16,5,9,0,0,0,0,0,30,0,0,0,0,0,0,0,27.0,25.0,10.0,9.2,1.0,5
385,441,3223,2017-03-04,17,1,3,1,0,4,0,0,26,0,0,0,30,0,0,0,0,0,0,0,25.0,24.0,10.0,8.099999999999998,1.0,5
385,441,3223,2017-03-04,17,2,0,1,0,0,2,0,28,0,0,0,30,0,0,0,0,0,0,0,25.0,24.0,10.0,8.099999999999998,1.0,5
385,441,3223,2017-03-04,18,1,1,2,0,0,30,0,0,0,0,0,30,0,0,0,0,0,0,0,24.1,27.0,10.0,6.9,1.0,5
385,441,3223,2017-03-04,18,2,1,0,30,0,0,0,0,0,0,0,30,0,0,0,0,0,0,0,24.1,27.0,10.0,6.9,1.0,5
385,441,3223,2017-03-04,19,1,1,0,17,0,0,0,13,0,0,0,30,0,0,0,0,0,0,0,21.9,30.0,10.0,10.4,1.0,5
385,441,3223,2017-03-04,19,2,0,2,13,0,0,0,17,0,0,0,30,0,0,0,0,0,0,0,21.9,30.0,10.0,10.4,1.0,5
385,441,3223,2017-03-04,20,1,1,1,30,0,0,0,0,0,0,0,30,0,0,0,0,0,0,0,21.0,33.0,10.0,13.8,1.0,5
385,441,3223,2017-03-04,20,2,0,0,30,0,0,0,0,0,0,0,30,0,0,0,0,0,0,0,21.0,33.0,10.0,13.8,1.0,5
385,441,3223,2017-03-04,21,1,1,0,17,0,0,0,13,0,0,0,30,0,0,0,0,0,0,0,19.0,29.0,10.0,11.5,1.0,5
385,441,3223,2017-03-04,21,2,0,1,22,0,0,0,8,0,0,0,30,0,0,0,0,0,0,0,19.0,29.0,10.0,11.5,1.0,5
385,441,3223,2017-03-04,22,1,0,0,30,0,0,0,0,0,0,0,30,0,0,0,0,0,0,0,18.0,30.0,10.0,6.9,1.0,5
385,441,3223,2017-03-04,22,2,1,0,12,0,0,0,18,0,0,0,30,0,0,0,0,0,0,0,18.0,30.0,10.0,6.9,1.0,5
385,441,3223,2017-03-04,23,1,0,1,18,0,0,0,12,0,0,0,30,0,0,0,0,0,0,0,17.1,33.0,10.0,11.5,1.0,5
385,441,3223,2017-03-04,23,2,0,2,30,0,0,0,0,0,0,0,30,0,0,0,0,0,0,0,17.1,33.0,10.0,11.5,1.0,5
385,441,3223,2017-03-05,0,1,0,1,28,0,2,0,0,0,0,0,30,0,0,0,0,0,0,0,16.0,36.0,10.0,3.5,1.0,6
385,441,3223,2017-03-05,0,2,0,2,8,0,13,0,9,0,0,0,30,0,0,0,0,0,0,0,16.0,36.0,10.0,3.5,1.0,6
385,441,3223,2017-03-05,1,1,0,0,0,0,30,0,0,0,0,0,30,0,0,0,0,0,0,0,16.0,38.0,10.0,4.6,1.0,6
385,441,3223,2017-03-05,1,2,0,0,0,0,30,0,0,0,0,0,30,0,0,0,0,0,0,0,16.0,38.0,10.0,4.6,1.0,6
385,441,3223,2017-03-05,2,1,0,0,0,0,30,0,0,0,0,0,30,0,0,0,0,0,0,0,15.1,37.0,10.0,3.5,1.0,6
385,441,3223,2017-03-05,2,2,0,0,0,0,30,0,0,0,0,0,30,0,0,0,0,0,0,0,15.1,37.0,10.0,3.5,1.0,6
385,441,3223,2017-03-05,3,1,0,0,0,0,30,0,0,0,0,0,30,0,0,0,0,0,0,0,15.1,37.0,10.0,9.2,1.0,6
385,441,3223,2017-03-05,3,2,0,0,0,0,30,0,0,0,0,0,30,0,0,0,0,0,0,0,15.1,37.0,10.0,9.2,1.0,6
385,441,3223,2017-03-05,4,1,0,0,0,0,30,0,0,0,0,0,30,0,0,0,0,0,0,0,15.1,37.0,10.0,4.6,1.0,6
385,441,3223,2017-03-05,4,2,0,0,0,0,30,0,0,0,0,0,30,0,0,0,0,0,0,0,15.1,37.0,10.0,4.6,1.0,6
385,441,3223,2017-03-05,5,1,0,0,0,0,30,0,0,0,0,0,30,0,0,0,0,0,0,0,14.0,39.0,10.0,5.8,1.0,6
385,441,3223,2017-03-05,5,2,0,0,0,0,30,0,0,0,0,0,30,0,0,0,0,0,0,0,14.0,39.0,10.0,5.8,1.0,6
385,441,3223,2017-03-05,6,1,0,0,0,0,30,0,0,0,0,0,30,0,0,0,0,0,0,0,14.0,37.0,10.0,5.8,1.0,6
385,441,3223,2017-03-05,6,2,0,0,0,0,30,0,0,0,0,0,30,0,0,0,0,0,0,0,14.0,37.0,10.0,5.8,1.0,6
385,441,3223,2017-03-05,7,1,0,0,0,0,30,0,0,0,0,0,30,0,0,0,0,0,0,0,15.1,34.0,10.0,9.2,1.0,6
385,441,3223,2017-03-05,7,2,0,0,0,0,30,0,0,0,0,0,30,0,0,0,0,0,0,0,15.1,34.0,10.0,9.2,1.0,6
385,441,3223,2017-03-05,8,1,0,1,0,0,30,0,0,0,0,0,30,0,0,0,0,0,0,0,18.0,29.0,10.0,10.4,1.0,6
385,441,3223,2017-03-05,8,2,1,0,0,0,4,26,0,0,0,0,30,0,0,0,0,0,0,0,18.0,29.0,10.0,10.4,1.0,6
385,441,3223,2017-03-05,9,1,2,1,0,0,0,30,0,0,0,0,30,0,0,0,0,0,0,0,19.9,25.0,10.0,11.5,1.0,6
385,441,3223,2017-03-05,9,2,2,0,0,0,0,30,0,0,0,0,30,0,0,0,0,0,0,0,19.9,25.0,10.0,11.5,1.0,6
385,441,3223,2017-03-05,10,1,1,0,0,0,0,30,0,0,0,0,30,0,0,0,0,0,0,0,25.0,19.0,10.0,3.5,1.0,6
385,441,3223,2017-03-05,10,2,0,0,0,0,30,0,0,0,0,0,30,0,0,0,0,0,0,0,25.0,19.0,10.0,3.5,1.0,6
385,441,3223,2017-03-05,11,1,1,3,0,0,30,0,0,0,0,0,30,0,0,0,0,0,0,0,28.9,17.0,10.0,3.5,1.0,6
385,441,3223,2017-03-05,11,2,3,1,23,0,7,0,0,0,0,0,30,0,0,0,0,0,0,0,28.9,17.0,10.0,3.5,1.0,6
385,441,3223,2017-03-05,12,1,1,1,30,0,0,0,0,0,0,0,30,0,0,0,0,0,0,0,32.0,14.0,10.0,6.9,1.0,6
385,441,3223,2017-03-05,12,2,2,0,30,0,0,0,0,0,0,0,30,0,0,0,0,0,0,0,32.0,14.0,10.0,6.9,1.0,6
385,441,3223,2017-03-05,13,1,0,0,30,0,0,0,0,0,0,0,30,0,0,0,0,0,0,0,33.1,13.0,10.0,3.5,1.0,6
385,441,3223,2017-03-05,13,2,2,3,21,9,0,0,0,0,0,0,30,0,0,0,0,0,0,0,33.1,13.0,10.0,3.5,1.0,6
385,441,3223,2017-03-05,14,1,1,2,3,27,0,0,0,0,0,0,30,0,0,0,0,0,0,0,35.1,16.0,10.0,3.5,1.0,6
385,441,3223,2017-03-05,14,2,0,1,0,30,0,0,0,0,0,0,30,0,0,0,0,0,0,0,35.1,16.0,10.0,3.5,1.0,6
385,441,3223,2017-03-05,15,1,1,2,3,27,0,0,0,0,0,0,30,0,0,0,0,0,0,0,36.0,14.0,10.0,4.6,1.0,6
385,441,3223,2017-03-05,15,2,1,0,30,0,0,0,0,0,0,0,30,0,0,0,0,0,0,0,36.0,14.0,10.0,4.6,1.0,6
385,441,3223,2017-03-05,16,1,1,2,30,0,0,0,0,0,0,0,30,0,0,0,0,0,0,0,36.0,17.0,10.0,8.099999999999998,1.0,6
385,441,3223,2017-03-05,16,2,0,1,30,0,0,0,0,0,0,0,30,0,0,0,0,0,0,0,36.0,17.0,10.0,8.099999999999998,1.0,6
385,441,3223,2017-03-05,17,1,3,2,30,0,0,0,0,0,0,0,30,0,0,0,0,0,0,0,33.1,21.0,10.0,6.9,1.0,6
385,441,3223,2017-03-05,17,2,3,1,30,0,0,0,0,0,0,0,30,0,0,0,0,0,0,0,33.1,21.0,10.0,6.9,1.0,6
385,441,3223,2017-03-05,18,1,1,0,30,0,0,0,0,0,0,0,30,0,0,0,0,0,0,0,32.0,22.0,10.0,3.5,1.0,6
385,441,3223,2017-03-05,18,2,0,1,30,0,0,0,0,0,0,0,30,0,0,0,0,0,0,0,32.0,22.0,10.0,3.5,1.0,6
385,441,3223,2017-03-05,19,1,2,0,30,0,0,0,0,0,0,0,30,0,0,0,0,0,0,0,32.0,23.0,10.0,5.8,1.0,6
385,441,3223,2017-03-05,19,2,0,1,17,0,0,0,13,0,0,0,30,0,0,0,0,0,0,0,32.0,23.0,10.0,5.8,1.0,6
385,441,3223,2017-03-05,20,1,0,1,30,0,0,0,0,0,0,0,30,0,0,0,0,0,0,0,30.9,26.0,10.0,3.5,1.0,6
385,441,3223,2017-03-05,20,2,0,0,30,0,0,0,0,0,0,0,30,0,0,0,0,0,0,0,30.9,26.0,10.0,3.5,1.0,6
385,441,3223,2017-03-05,21,1,0,1,30,0,0,0,0,0,0,0,30,0,0,0,0,0,0,0,30.0,24.0,10.0,3.5,1.0,6
385,441,3223,2017-03-05,21,2,1,1,30,0,0,0,0,0,0,0,30,0,0,0,0,0,0,0,30.0,24.0,10.0,3.5,1.0,6
385,441,3223,2017-03-05,22,1,0,0,30,0,0,0,0,0,0,0,30,0,0,0,0,0,0,0,30.0,27.0,10.0,3.5,1.0,6
385,441,3223,2017-03-05,22,2,0,0,30,0,0,0,0,0,0,0,30,0,0,0,0,0,0,0,30.0,27.0,10.0,3.5,1.0,6
385,441,3223,2017-03-05,23,1,0,0,30,0,0,0,0,0,0,0,30,0,0,0,0,0,0,0,28.9,26.0,10.0,3.5,1.0,6
385,441,3223,2017-03-05,23,2,0,0,30,0,0,0,0,0,0,0,30,0,0,0,0,0,0,0,28.9,26.0,10.0,3.5,1.0,6
385,441,3223,2017-03-06,0,1,0,0,30,0,0,0,0,0,0,0,30,0,0,0,0,0,0,0,28.0,27.0,10.0,4.6,1.0,0
385,441,3223,2017-03-06,0,2,0,1,30,0,0,0,0,0,0,0,30,0,0,0,0,0,0,0,28.0,27.0,10.0,4.6,1.0,0
385,441,3223,2017-03-06,1,1,0,0,30,0,0,0,0,0,0,0,30,0,0,0,0,0,0,0,28.0,29.0,10.0,4.6,1.0,0
385,441,3223,2017-03-06,1,2,0,0,30,0,0,0,0,0,0,0,30,0,0,0,0,0,0,0,28.0,29.0,10.0,4.6,1.0,0
385,441,3223,2017-03-06,2,1,0,0,30,0,0,0,0,0,0,0,30,0,0,0,0,0,0,0,28.0,31.0,10.0,4.6,1.0,0
385,441,3223,2017-03-06,2,2,0,0,30,0,0,0,0,0,0,0,30,0,0,0,0,0,0,0,28.0,31.0,10.0,4.6,1.0,0
385,441,3223,2017-03-06,3,1,0,0,30,0,0,0,0,0,0,0,30,0,0,0,0,0,0,0,27.0,34.0,10.0,3.5,1.0,0
385,441,3223,2017-03-06,3,2,0,0,30,0,0,0,0,0,0,0,30,0,0,0,0,0,0,0,27.0,34.0,10.0,3.5,1.0,0
385,441,3223,2017-03-06,4,1,0,0,30,0,0,0,0,0,0,0,30,0,0,0,0,0,0,0,27.0,39.0,10.0,3.5,1.0,0
385,441,3223,2017-03-06,4,2,0,0,30,0,0,0,0,0,0,0,30,0,0,0,0,0,0,0,27.0,39.0,10.0,3.5,1.0,0
385,441,3223,2017-03-06,5,1,0,0,30,0,0,0,0,0,0,0,30,0,0,0,0,0,0,0,26.1,41.0,10.0,3.5,1.0,0
385,441,3223,2017-03-06,5,2,2,1,30,0,0,0,0,0,0,0,30,0,0,0,0,0,0,0,26.1,41.0,10.0,3.5,1.0,0
385,441,3223,2017-03-06,6,1,2,0,30,0,0,0,0,0,0,0,30,0,0,0,0,0,0,0,26.1,39.0,10.0,4.6,1.0,0
385,441,3223,2017-03-06,6,2,1,2,30,0,0,0,0,0,0,0,30,0,0,0,0,0,0,0,26.1,39.0,10.0,4.6,1.0,0
385,441,3223,2017-03-06,7,1,1,2,30,0,0,0,0,0,0,0,30,0,0,0,0,0,0,0,28.0,41.0,10.0,4.6,1.0,0
385,441,3223,2017-03-06,7,2,3,0,22,0,0,0,8,0,0,0,30,0,0,0,0,0,0,0,28.0,41.0,10.0,4.6,1.0,0
385,441,3223,2017-03-06,8,1,4,4,13,0,0,0,17,0,0,0,30,0,0,0,0,0,0,0,32.0,34.0,10.0,4.6,1.0,0
385,441,3223,2017-03-06,8,2,1,2,1,0,5,0,24,0,0,0,30,0,0,0,0,0,0,0,32.0,34.0,10.0,4.6,1.0,0
385,441,3223,2017-03-06,9,1,4,8,30,0,0,0,0,0,0,0,30,0,0,0,0,0,0,0,33.1,34.0,10.0,3.5,1.0,0
385,441,3223,2017-03-06,9,2,4,9,25,0,5,0,0,0,0,0,30,0,0,0,0,0,0,0,33.1,34.0,10.0,3.5,1.0,0
385,441,3223,2017-03-06,10,1,2,3,30,0,0,0,0,0,0,0,30,0,0,0,0,0,0,0,37.0,30.0,10.0,4.6,1.0,0
385,441,3223,2017-03-06,10,2,0,2,30,0,0,0,0,0,0,0,30,0,0,0,0,0,0,0,37.0,30.0,10.0,4.6,1.0,0
385,441,3223,2017-03-06,11,1,0,2,30,0,0,0,0,0,0,0,30,0,0,0,0,0,0,0,39.9,21.0,10.0,5.8,1.0,0
385,441,3223,2017-03-06,11,2,3,1,30,0,0,0,0,0,0,0,30,0,0,0,0,0,0,0,39.9,21.0,10.0,5.8,1.0,0
385,441,3223,2017-03-06,12,1,1,1,30,0,0,0,0,0,0,0,30,0,0,0,0,0,0,0,43.0,21.0,10.0,3.5,1.0,0
385,441,3223,2017-03-06,12,2,0,1,30,0,0,0,0,0,0,0,30,0,0,0,0,0,0,0,43.0,21.0,10.0,3.5,1.0,0
385,441,3223,2017-03-06,13,1,2,3,30,0,0,0,0,0,0,0,30,0,0,0,0,0,0,0,44.1,24.0,10.0,4.6,1.0,0
385,441,3223,2017-03-06,13,2,3,3,30,0,0,0,0,0,0,0,30,0,0,0,0,0,0,0,44.1,24.0,10.0,4.6,1.0,0
385,441,3223,2017-03-06,14,1,1,4,30,0,0,0,0,0,0,0,30,0,0,0,0,0,0,0,44.1,25.0,10.0,4.6,1.0,0
385,441,3223,2017-03-06,14,2,4,3,30,0,0,0,0,0,0,0,30,0,0,0,0,0,0,0,44.1,25.0,10.0,4.6,1.0,0
385,441,3223,2017-03-06,15,1,2,3,30,0,0,0,0,0,0,0,30,0,0,0,0,0,0,0,42.1,37.0,10.0,4.6,1.0,0
385,441,3223,2017-03-06,15,2,0,2,30,0,0,0,0,0,0,0,30,0,0,0,0,0,0,0,42.1,37.0,10.0,4.6,1.0,0
385,441,3223,2017-03-06,16,1,4,1,30,0,0,0,0,0,0,0,30,0,0,0,0,0,0,0,39.9,41.0,10.0,3.5,1.0,0
385,441,3223,2017-03-06,16,2,1,1,30,0,0,0,0,0,0,0,30,0,0,0,0,0,0,0,39.9,41.0,10.0,3.5,1.0,0
385,441,3223,2017-03-06,17,1,1,3,30,0,0,0,0,0,0,0,30,0,0,0,0,0,0,0,39.0,50.0,10.0,6.9,1.0,0
385,441,3223,2017-03-06,17,2,3,6,30,0,0,0,0,0,0,0,30,0,0,0,0,0,0,0,39.0,50.0,10.0,6.9,1.0,0
385,441,3223,2017-03-06,18,1,5,4,30,0,0,0,0,0,0,0,30,0,0,0,0,0,0,0,39.9,49.0,10.0,5.8,1.0,0
385,441,3223,2017-03-06,18,2,7,6,30,0,0,0,0,0,0,0,30,0,0,0,0,0,0,0,39.9,49.0,10.0,5.8,1.0,0
385,441,3223,2017-03-06,19,1,8,3,9,18,3,0,0,0,0,0,30,0,0,0,0,0,0,0,39.9,51.0,10.0,4.6,1.0,0
385,441,3223,2017-03-06,19,2,3,0,9,0,6,15,0,0,0,0,30,0,0,0,0,0,0,0,39.9,51.0,10.0,4.6,1.0,0
385,441,3223,2017-03-06,20,1,6,2,24,6,0,0,0,0,0,0,30,0,0,0,0,0,0,0,41.0,47.0,10.0,5.8,1.0,0
385,441,3223,2017-03-06,20,2,0,1,30,0,0,0,0,0,0,0,30,0,0,0,0,0,0,0,41.0,47.0,10.0,5.8,1.0,0
385,441,3223,2017-03-06,21,1,0,3,26,4,0,0,0,0,0,0,30,0,0,0,0,0,0,0,42.1,45.0,10.0,4.6,1.0,0
385,441,3223,2017-03-06,21,2,3,0,6,24,0,0,0,0,0,0,30,0,0,0,0,0,0,0,42.1,45.0,10.0,4.6,1.0,0
385,441,3223,2017-03-06,22,1,4,1,0,11,0,19,0,0,0,0,30,0,0,0,0,0,0,0,42.1,47.0,10.0,4.6,1.0,0
385,441,3223,2017-03-06,22,2,0,0,0,0,0,30,0,0,0,0,30,0,0,0,0,0,0,0,42.1,47.0,10.0,4.6,1.0,0
385,441,3223,2017-03-06,23,1,1,0,0,0,0,30,0,0,0,0,30,0,0,0,0,0,0,0,42.1,51.0,10.0,3.5,1.0,0
385,441,3223,2017-03-06,23,2,0,0,0,0,0,30,0,0,0,0,30,0,0,0,0,0,0,0,42.1,51.0,10.0,3.5,1.0,0
385,441,3223,2017-03-07,0,1,0,0,25,0,0,5,0,0,0,0,30,0,0,0,0,0,0,0,42.1,55.0,10.0,4.6,1.0,1
385,441,3223,2017-03-07,0,2,0,0,30,0,0,0,0,0,0,0,30,0,0,0,0,0,0,0,42.1,55.0,10.0,4.6,1.0,1
385,441,3223,2017-03-07,1,1,0,0,2,0,0,28,0,0,0,0,30,0,0,0,0,0,0,0,42.1,65.0,10.0,6.9,1.0,1
385,441,3223,2017-03-07,1,2,0,0,0,0,0,30,0,0,0,0,30,0,0,0,0,0,0,0,42.1,65.0,10.0,6.9,1.0,1
385,441,3223,2017-03-07,2,1,0,0,0,0,0,30,0,0,0,0,30,0,0,0,0,0,0,0,43.0,71.0,10.0,4.6,1.0,1
385,441,3223,2017-03-07,2,2,0,0,0,22,0,8,0,0,0,0,30,0,0,0,0,0,0,0,43.0,71.0,10.0,4.6,1.0,1
385,441,3223,2017-03-07,3,1,0,0,0,30,0,0,0,0,0,0,30,0,0,0,0,0,0,0,44.1,71.0,10.0,5.8,1.0,1
385,441,3223,2017-03-07,3,2,0,0,0,30,0,0,0,0,0,0,30,0,0,0,0,0,0,0,44.1,71.0,10.0,5.8,1.0,1
385,441,3223,2017-03-07,4,1,0,0,0,22,0,8,0,0,0,0,30,0,0,0,0,0,0,0,43.0,80.0,10.0,4.6,1.0,1
385,441,3223,2017-03-07,4,2,0,0,0,0,0,30,0,0,0,0,30,0,0,0,0,0,0,0,43.0,80.0,10.0,4.6,1.0,1
385,441,3223,2017-03-07,5,1,0,0,0,0,0,30,0,0,0,0,30,0,0,0,0,0,0,0,44.1,79.0,10.0,5.8,1.0,1
385,441,3223,2017-03-07,5,2,0,1,0,0,0,30,0,0,0,0,30,0,0,0,0,0,0,0,44.1,79.0,10.0,5.8,1.0,1
385,441,3223,2017-03-07,6,1,1,0,0,0,2,28,0,0,0,0,30,0,0,0,0,0,0,0,45.0,80.0,10.0,6.9,1.0,1
385,441,3223,2017-03-07,6,2,3,2,7,0,23,0,0,0,0,0,30,0,0,0,0,0,0,0,45.0,80.0,10.0,6.9,1.0,1
385,441,3223,2017-03-07,7,1,2,2,30,0,0,0,0,0,0,0,30,0,0,0,0,0,0,0,46.0,83.0,10.0,8.099999999999998,1.0,1
385,441,3223,2017-03-07,7,2,2,2,14,0,16,0,0,0,0,0,30,0,0,0,0,0,0,0,46.0,83.0,10.0,8.099999999999998,1.0,1
385,441,3223,2017-03-07,8,1,3,4,8,0,22,0,0,0,0,0,30,0,0,0,0,0,0,0,46.9,86.0,7.0,6.9,1.0,1
385,441,3223,2017-03-07,8,2,3,0,21,0,9,0,0,0,0,0,30,0,0,0,0,0,0,0,46.9,86.0,7.0,6.9,1.0,1
385,441,3223,2017-03-07,9,1,2,0,30,0,0,0,0,0,0,0,30,0,0,0,0,0,0,0,46.9,93.0,4.0,4.6,1.0,1
385,441,3223,2017-03-07,9,2,1,2,30,0,0,0,0,0,0,0,30,0,0,0,0,0,0,0,46.9,93.0,4.0,4.6,1.0,1
385,441,3223,2017-03-07,10,1,1,1,30,0,0,0,0,0,0,0,30,0,0,0,0,0,0,0,46.9,93.0,5.0,5.8,1.0,1
385,441,3223,2017-03-07,10,2,1,0,30,0,0,0,0,0,0,0,30,0,0,0,0,0,0,0,46.9,93.0,5.0,5.8,1.0,1
385,441,3223,2017-03-07,11,1,1,0,30,0,0,0,0,0,0,0,30,0,0,0,0,0,0,0,48.0,93.0,5.0,8.099999999999998,1.0,1
385,441,3223,2017-03-07,11,2,2,1,30,0,0,0,0,0,0,0,30,0,0,0,0,0,0,0,48.0,93.0,5.0,8.099999999999998,1.0,1
385,441,3223,2017-03-07,12,1,0,2,30,0,0,0,0,0,0,0,30,0,0,0,0,0,0,0,48.9,90.0,6.5,5.8,2.0,1
385,441,3223,2017-03-07,12,2,0,0,27,3,0,0,0,0,0,0,30,0,0,0,0,0,0,0,48.9,90.0,6.5,5.8,2.0,1
385,441,3223,2017-03-07,13,1,0,0,28,0,2,0,0,0,0,0,30,0,0,0,0,0,0,0,50.55,84.5,7.5,3.5,2.0,1
385,441,3223,2017-03-07,13,2,4,0,26,0,0,0,4,0,0,0,30,0,0,0,0,0,0,0,50.55,84.5,7.5,3.5,2.0,1
385,441,3223,2017-03-07,14,1,1,2,20,0,0,0,10,0,0,0,30,0,0,0,0,0,0,0,51.1,80.0,9.0,3.5,1.0,1
385,441,3223,2017-03-07,14,2,0,1,30,0,0,0,0,0,0,0,30,0,0,0,0,0,0,0,51.1,80.0,9.0,3.5,1.0,1
385,441,3223,2017-03-07,15,1,1,1,30,0,0,0,0,0,0,0,30,0,0,0,0,0,0,0,51.1,83.0,8.0,4.6,1.0,1
385,441,3223,2017-03-07,15,2,0,2,30,0,0,0,0,0,0,0,30,0,0,0,0,0,0,0,51.1,83.0,8.0,4.6,1.0,1
385,441,3223,2017-03-07,16,1,1,3,30,0,0,0,0,0,0,0,30,0,0,0,0,0,0,0,50.0,80.0,8.0,4.6,1.0,1
385,441,3223,2017-03-07,16,2,1,2,30,0,0,0,0,0,0,0,30,0,0,0,0,0,0,0,50.0,80.0,8.0,4.6,1.0,1
385,441,3223,2017-03-07,17,1,1,4,30,0,0,0,0,0,0,0,30,0,0,0,0,0,0,0,48.9,83.0,8.0,4.6,1.0,1
385,441,3223,2017-03-07,17,2,4,7,30,0,0,0,0,0,0,0,30,0,0,0,0,0,0,0,48.9,83.0,8.0,4.6,1.0,1
385,441,3223,2017-03-07,18,1,7,3,6,21,0,3,0,0,0,0,30,0,0,0,0,0,0,0,48.9,83.0,9.0,4.6,1.0,1
385,441,3223,2017-03-07,18,2,12,4,0,0,0,30,0,0,0,0,30,0,0,0,0,0,0,0,48.9,83.0,9.0,4.6,1.0,1
385,441,3223,2017-03-07,19,1,6,2,0,1,3,10,16,0,0,0,30,0,0,0,0,0,0,0,50.0,83.0,9.0,3.5,1.0,1
385,441,3223,2017-03-07,19,2,1,2,4,11,0,6,9,0,0,0,30,0,0,0,0,0,0,0,50.0,83.0,9.0,3.5,1.0,1
385,441,3223,2017-03-07,20,1,1,1,0,2,8,3,17,0,0,0,30,0,0,0,0,0,0,0,53.1,77.0,10.0,5.8,1.0,1
385,441,3223,2017-03-07,20,2,1,1,11,10,6,0,3,0,0,0,30,0,0,0,0,0,0,0,53.1,77.0,10.0,5.8,1.0,1
385,441,3223,2017-03-07,21,1,1,0,5,3,0,0,22,0,0,0,30,0,0,0,0,0,0,0,53.1,80.0,10.0,4.6,1.0,1
385,441,3223,2017-03-07,21,2,1,2,0,10,0,0,20,0,0,0,30,0,0,0,0,0,0,0,53.1,80.0,10.0,4.6,1.0,1
385,441,3223,2017-03-07,22,1,1,0,0,5,0,8,17,0,0,0,30,0,0,0,0,0,0,0,54.0,75.0,10.0,5.8,1.0,1
385,441,3223,2017-03-07,22,2,0,0,0,0,0,0,30,0,0,0,30,0,0,0,0,0,0,0,54.0,75.0,10.0,5.8,1.0,1
385,441,3223,2017-03-07,23,1,0,0,0,0,0,0,30,0,0,0,30,0,0,0,0,0,0,0,55.9,72.0,10.0,3.5,1.0,1
385,441,3223,2017-03-07,23,2,0,0,0,0,0,0,30,0,0,0,30,0,0,0,0,0,0,0,55.9,72.0,10.0,3.5,1.0,1
385,441,3223,2017-03-08,0,1,0,0,11,0,0,0,19,0,0,0,30,0,0,0,0,0,0,0,55.9,72.0,10.0,4.6,1.0,2
385,441,3223,2017-03-08,0,2,0,0,30,0,0,0,0,0,0,0,30,0,0,0,0,0,0,0,55.9,72.0,10.0,4.6,1.0,2
385,441,3223,2017-03-08,1,1,0,0,26,0,0,0,4,0,0,0,30,0,0,0,0,0,0,0,55.9,75.0,10.0,5.8,1.0,2
385,441,3223,2017-03-08,1,2,0,0,0,0,0,0,30,0,0,0,30,0,0,0,0,0,0,0,55.9,75.0,10.0,5.8,1.0,2
385,441,3223,2017-03-08,2,1,0,0,0,0,0,0,30,0,0,0,30,0,0,0,0,0,0,0,55.9,77.0,10.0,6.9,1.0,2
385,441,3223,2017-03-08,2,2,0,0,0,0,0,0,30,0,0,0,30,0,0,0,0,0,0,0,55.9,77.0,10.0,6.9,1.0,2
385,441,3223,2017-03-08,3,1,0,0,0,0,0,0,30,0,0,0,30,0,0,0,0,0,0,0,55.9,80.0,10.0,4.6,1.0,2
385,441,3223,2017-03-08,3,2,0,0,0,0,0,0,30,0,0,0,30,0,0,0,0,0,0,0,55.9,80.0,10.0,4.6,1.0,2
385,441,3223,2017-03-08,4,1,0,0,0,0,0,0,30,0,0,0,30,0,0,0,0,0,0,0,57.1,79.0,10.0,4.6,2.0,2
385,441,3223,2017-03-08,4,2,0,0,0,0,0,0,30,0,0,0,30,0,0,0,0,0,0,0,57.1,79.0,10.0,4.6,2.0,2
385,441,3223,2017-03-08,5,1,0,0,0,0,0,0,30,0,0,0,30,0,0,0,0,0,0,0,57.0,83.0,9.0,9.2,1.0,2
385,441,3223,2017-03-08,5,2,0,0,0,0,0,0,30,0,0,0,30,0,0,0,0,0,0,0,57.0,83.0,9.0,9.2,1.0,2
385,441,3223,2017-03-08,6,1,0,0,0,0,0,0,30,0,0,0,30,0,0,0,0,0,0,0,46.9,78.5,10.0,9.8,1.0,2
385,441,3223,2017-03-08,6,2,0,2,17,0,0,0,13,0,0,0,30,0,0,0,0,0,0,0,46.9,78.5,10.0,9.8,1.0,2
385,441,3223,2017-03-08,7,1,4,2,30,0,0,0,0,0,0,0,30,0,0,0,0,0,0,0,46.9,68.0,10.0,8.099999999999998,1.0,2
385,441,3223,2017-03-08,7,2,2,2,23,0,0,0,7,0,0,0,30,0,0,0,0,0,0,0,46.9,68.0,10.0,8.099999999999998,1.0,2
385,441,3223,2017-03-08,8,1,1,2,7,0,0,0,23,0,0,0,30,0,0,0,0,0,0,0,46.9,68.0,10.0,11.5,1.0,2
385,441,3223,2017-03-08,8,2,5,4,23,0,0,0,7,0,0,0,30,0,0,0,0,0,0,0,46.9,68.0,10.0,11.5,1.0,2
385,441,3223,2017-03-08,9,1,0,2,7,0,0,0,23,0,0,0,30,0,0,0,0,0,0,0,48.0,56.0,10.0,15.0,1.0,2
385,441,3223,2017-03-08,9,2,3,9,24,0,0,0,6,0,0,0,30,0,0,0,0,0,0,0,48.0,56.0,10.0,15.0,1.0,2
385,441,3223,2017-03-08,10,1,1,3,30,0,0,0,0,0,0,0,30,0,0,0,0,0,0,0,51.1,43.0,10.0,4.6,1.0,2
385,441,3223,2017-03-08,10,2,7,2,30,0,0,0,0,0,0,0,30,0,0,0,0,0,0,0,51.1,43.0,10.0,4.6,1.0,2
385,441,3223,2017-03-08,11,1,0,0,30,0,0,0,0,0,0,0,30,0,0,0,0,0,0,0,55.0,35.0,10.0,4.6,1.0,2
385,441,3223,2017-03-08,11,2,1,3,30,0,0,0,0,0,0,0,30,0,0,0,0,0,0,0,55.0,35.0,10.0,4.6,1.0,2
385,441,3223,2017-03-08,12,1,3,6,30,0,0,0,0,0,0,0,30,0,0,0,0,0,0,0,55.9,26.0,10.0,8.099999999999998,1.0,2
385,441,3223,2017-03-08,12,2,0,4,24,0,0,0,6,0,0,0,30,0,0,0,0,0,0,0,55.9,26.0,10.0,8.099999999999998,1.0,2
385,441,3223,2017-03-08,13,1,8,9,30,0,0,0,0,0,0,0,30,0,0,0,0,0,0,0,57.9,24.0,10.0,5.8,1.0,2
385,441,3223,2017-03-08,13,2,3,5,30,0,0,0,0,0,0,0,30,0,0,0,0,0,0,0,57.9,24.0,10.0,5.8,1.0,2
385,441,3223,2017-03-08,14,1,3,3,30,0,0,0,0,0,0,0,30,0,0,0,0,0,0,0,57.0,26.0,10.0,4.6,1.0,2
385,441,3223,2017-03-08,14,2,5,0,30,0,0,0,0,0,0,0,30,0,0,0,0,0,0,0,57.0,26.0,10.0,4.6,1.0,2
385,441,3223,2017-03-08,15,1,0,3,30,0,0,0,0,0,0,0,30,0,0,0,0,0,0,0,57.9,25.0,10.0,5.8,1.0,2
385,441,3223,2017-03-08,15,2,0,2,30,0,0,0,0,0,0,0,30,0,0,0,0,0,0,0,57.9,25.0,10.0,5.8,1.0,2
385,441,3223,2017-03-08,16,1,2,1,30,0,0,0,0,0,0,0,30,0,0,0,0,0,0,0,57.9,24.0,10.0,4.6,1.0,2
385,441,3223,2017-03-08,16,2,2,2,30,0,0,0,0,0,0,0,30,0,0,0,0,0,0,0,57.9,24.0,10.0,4.6,1.0,2
385,441,3223,2017-03-08,17,1,8,7,30,0,0,0,0,0,0,0,30,0,0,0,0,0,0,0,57.0,26.0,10.0,5.8,1.0,2
385,441,3223,2017-03-08,17,2,4,3,30,0,0,0,0,0,0,0,30,0,0,0,0,0,0,0,57.0,26.0,10.0,5.8,1.0,2
385,441,3223,2017-03-08,18,1,16,6,17,13,0,0,0,0,0,0,30,0,0,0,0,0,0,0,57.9,24.0,10.0,4.6,1.0,2
385,441,3223,2017-03-08,18,2,13,7,0,10,5,12,3,0,0,0,30,0,0,0,0,0,0,0,57.9,24.0,10.0,4.6,1.0,2
385,441,3223,2017-03-08,19,1,3,5,6,6,5,3,10,0,0,0,30,0,0,0,0,0,0,0,57.9,24.0,10.0,9.2,1.0,2
385,441,3223,2017-03-08,19,2,4,2,18,0,0,9,3,0,0,0,30,0,0,0,0,0,0,0,57.9,24.0,10.0,9.2,1.0,2
385,441,3223,2017-03-08,20,1,2,1,0,6,0,3,21,0,0,0,30,0,0,0,0,0,0,0,55.9,26.0,10.0,4.6,1.0,2
385,441,3223,2017-03-08,20,2,1,3,0,7,0,11,12,0,0,0,30,0,0,0,0,0,0,0,55.9,26.0,10.0,4.6,1.0,2
385,441,3223,2017-03-08,21,1,2,0,0,0,9,9,12,0,0,0,30,0,0,0,0,0,0,0,55.0,28.0,10.0,4.6,1.0,2
385,441,3223,2017-03-08,21,2,1,2,0,26,0,0,4,0,0,0,30,0,0,0,0,0,0,0,55.0,28.0,10.0,4.6,1.0,2
385,441,3223,2017-03-08,22,1,0,1,1,29,0,0,0,0,0,0,30,0,0,0,0,0,0,0,55.9,23.0,10.0,10.4,1.0,2
385,441,3223,2017-03-08,22,2,0,0,24,0,6,0,0,0,0,0,30,0,0,0,0,0,0,0,55.9,23.0,10.0,10.4,1.0,2
385,441,3223,2017-03-08,23,1,1,0,6,0,24,0,0,0,0,0,30,0,0,0,0,0,0,0,57.0,19.0,10.0,15.0,1.0,2
385,441,3223,2017-03-08,23,2,0,0,0,0,30,0,0,0,0,0,30,0,0,0,0,0,0,0,57.0,19.0,10.0,15.0,1.0,2
385,441,3223,2017-03-09,0,1,0,1,6,0,24,0,0,0,0,0,30,0,0,0,0,0,0,0,55.0,23.0,10.0,6.9,1.0,3
385,441,3223,2017-03-09,0,2,0,0,30,0,0,0,0,0,0,0,30,0,0,0,0,0,0,0,55.0,23.0,10.0,6.9,1.0,3
385,441,3223,2017-03-09,1,1,0,0,27,3,0,0,0,0,0,0,30,0,0,0,0,0,0,0,54.0,23.0,10.0,6.9,1.0,3
385,441,3223,2017-03-09,1,2,0,0,0,30,0,0,0,0,0,0,30,0,0,0,0,0,0,0,54.0,23.0,10.0,6.9,1.0,3
385,441,3223,2017-03-09,2,1,0,0,0,30,0,0,0,0,0,0,30,0,0,0,0,0,0,0,53.1,26.0,10.0,5.8,1.0,3
385,441,3223,2017-03-09,2,2,0,0,0,30,0,0,0,0,0,0,30,0,0,0,0,0,0,0,53.1,26.0,10.0,5.8,1.0,3
385,441,3223,2017-03-09,3,1,0,0,0,30,0,0,0,0,0,0,30,0,0,0,0,0,0,0,53.1,25.0,10.0,12.7,1.0,3
385,441,3223,2017-03-09,3,2,0,0,0,30,0,0,0,0,0,0,30,0,0,0,0,0,0,0,53.1,25.0,10.0,12.7,1.0,3
385,441,3223,2017-03-09,4,1,0,0,0,30,0,0,0,0,0,0,30,0,0,0,0,0,0,0,53.1,25.0,10.0,10.4,1.0,3
385,441,3223,2017-03-09,4,2,0,0,0,30,0,0,0,0,0,0,30,0,0,0,0,0,0,0,53.1,25.0,10.0,10.4,1.0,3
385,441,3223,2017-03-09,5,1,1,0,0,30,0,0,0,0,0,0,30,0,0,0,0,0,0,0,51.1,26.0,10.0,6.9,1.0,3
385,441,3223,2017-03-09,5,2,0,0,0,30,0,0,0,0,0,0,30,0,0,0,0,0,0,0,51.1,26.0,10.0,6.9,1.0,3
385,441,3223,2017-03-09,6,1,1,3,8,22,0,0,0,0,0,0,30,0,0,0,0,0,0,0,52.0,24.0,10.0,6.9,1.0,3
385,441,3223,2017-03-09,6,2,2,1,14,0,16,0,0,0,0,0,30,0,0,0,0,0,0,0,52.0,24.0,10.0,6.9,1.0,3
385,441,3223,2017-03-09,7,1,5,7,22,0,8,0,0,0,0,0,30,0,0,0,0,0,0,0,52.0,25.0,10.0,6.9,1.0,3
385,441,3223,2017-03-09,7,2,7,3,27,0,0,0,3,0,0,0,30,0,0,0,0,0,0,0,52.0,25.0,10.0,6.9,1.0,3
385,441,3223,2017-03-09,8,1,1,3,18,0,0,0,12,0,0,0,30,0,0,0,0,0,0,0,53.1,20.0,10.0,11.5,1.0,3
385,441,3223,2017-03-09,8,2,4,3,21,0,6,0,3,0,0,0,30,0,0,0,0,0,0,0,53.1,20.0,10.0,11.5,1.0,3
385,441,3223,2017-03-09,9,1,3,7,15,0,0,0,15,0,0,0,30,0,0,0,0,0,0,0,54.0,20.0,10.0,13.8,1.0,3
385,441,3223,2017-03-09,9,2,4,11,30,0,0,0,0,0,0,0,30,0,0,0,0,0,0,0,54.0,20.0,10.0,13.8,1.0,3
385,441,3223,2017-03-09,10,1,8,2,30,0,0,0,0,0,0,0,30,0,0,0,0,0,0,0,55.9,18.0,10.0,15.0,1.0,3
385,441,3223,2017-03-09,10,2,2,7,30,0,0,0,0,0,0,0,30,0,0,0,0,0,0,0,55.9,18.0,10.0,15.0,1.0,3
385,441,3223,2017-03-09,11,1,2,4,30,0,0,0,0,0,0,0,30,0,0,0,0,0,0,0,57.9,16.0,10.0,10.4,1.0,3
385,441,3223,2017-03-09,11,2,0,1,30,0,0,0,0,0,0,0,30,0,0,0,0,0,0,0,57.9,16.0,10.0,10.4,1.0,3
385,441,3223,2017-03-09,12,1,3,2,24,0,6,0,0,0,0,0,30,0,0,0,0,0,0,0,59.0,17.0,10.0,10.4,1.0,3
385,441,3223,2017-03-09,12,2,0,2,19,11,0,0,0,0,0,0,30,0,0,0,0,0,0,0,59.0,17.0,10.0,10.4,1.0,3
385,441,3223,2017-03-09,13,1,2,3,13,9,8,0,0,0,0,0,30,0,0,0,0,0,0,0,60.1,17.0,10.0,12.7,1.0,3
385,441,3223,2017-03-09,13,2,3,2,20,0,10,0,0,0,0,0,30,0,0,0,0,0,0,0,60.1,17.0,10.0,12.7,1.0,3
385,441,3223,2017-03-09,14,1,3,3,19,11,0,0,0,0,0,0,30,0,0,0,0,0,0,0,60.1,16.0,10.0,11.5,1.0,3
385,441,3223,2017-03-09,14,2,1,3,0,30,0,0,0,0,0,0,30,0,0,0,0,0,0,0,60.1,16.0,10.0,11.5,1.0,3
385,441,3223,2017-03-09,15,1,2,2,17,13,0,0,0,0,0,0,30,0,0,0,0,0,0,0,61.0,18.0,10.0,3.5,1.0,3
385,441,3223,2017-03-09,15,2,1,0,24,6,0,0,0,0,0,0,30,0,0,0,0,0,0,0,61.0,18.0,10.0,3.5,1.0,3
385,441,3223,2017-03-09,16,1,4,4,30,0,0,0,0,0,0,0,30,0,0,0,0,0,0,0,57.9,19.0,10.0,6.9,1.0,3
385,441,3223,2017-03-09,16,2,1,3,30,0,0,0,0,0,0,0,30,0,0,0,0,0,0,0,57.9,19.0,10.0,6.9,1.0,3
385,441,3223,2017-03-09,17,1,4,2,30,0,0,0,0,0,0,0,30,0,0,0,0,0,0,0,55.0,25.0,10.0,5.8,1.0,3
385,441,3223,2017-03-09,17,2,7,2,6,24,0,0,0,0,0,0,30,0,0,0,0,0,0,0,55.0,25.0,10.0,5.8,1.0,3
385,441,3223,2017-03-09,18,1,7,8,5,25,0,0,0,0,0,0,30,0,0,0,0,0,0,0,53.1,29.0,10.0,6.9,1.0,3
385,441,3223,2017-03-09,18,2,9,3,0,30,0,0,0,0,0,0,30,0,0,0,0,0,0,0,53.1,29.0,10.0,6.9,1.0,3
385,441,3223,2017-03-09,19,1,8,4,3,27,0,0,0,0,0,0,30,0,0,0,0,0,0,0,52.0,28.0,10.0,4.6,1.0,3
385,441,3223,2017-03-09,19,2,4,6,18,6,0,0,6,0,0,0,30,0,0,0,0,0,0,0,52.0,28.0,10.0,4.6,1.0,3
385,441,3223,2017-03-09,20,1,6,2,10,12,0,0,8,0,0,0,30,0,0,0,0,0,0,0,51.1,28.0,10.0,9.2,1.0,3
385,441,3223,2017-03-09,20,2,1,2,0,6,0,3,21,0,0,0,30,0,0,0,0,0,0,0,51.1,28.0,10.0,9.2,1.0,3
385,441,3223,2017-03-09,21,1,1,0,0,0,0,17,13,0,0,0,30,0,0,0,0,0,0,0,48.9,39.0,10.0,5.8,1.0,3
385,441,3223,2017-03-09,21,2,2,3,0,0,25,0,5,0,0,0,30,0,0,0,0,0,0,0,48.9,39.0,10.0,5.8,1.0,3
385,441,3223,2017-03-09,22,1,2,2,0,0,30,0,0,0,0,0,30,0,0,0,0,0,0,0,48.9,38.0,10.0,9.2,1.0,3
385,441,3223,2017-03-09,22,2,3,1,0,0,15,5,10,0,0,0,30,0,0,0,0,0,0,0,48.9,38.0,10.0,9.2,1.0,3
385,441,3223,2017-03-09,23,1,2,2,4,24,0,0,2,0,0,0,30,0,0,0,0,0,0,0,48.0,34.0,10.0,6.9,1.0,3
385,441,3223,2017-03-09,23,2,0,0,0,0,0,0,30,0,0,0,30,0,0,0,0,0,0,0,48.0,34.0,10.0,6.9,1.0,3
385,441,3223,2017-03-10,0,1,0,1,13,0,12,0,5,0,0,0,30,0,0,0,0,0,0,0,46.9,39.0,10.0,6.9,1.0,4
385,441,3223,2017-03-10,0,2,0,2,30,0,0,0,0,0,0,0,30,0,0,0,0,0,0,0,46.9,39.0,10.0,6.9,1.0,4
385,441,3223,2017-03-10,1,1,0,0,30,0,0,0,0,0,0,0,30,0,0,0,0,0,0,0,45.0,36.0,10.0,6.9,1.0,4
385,441,3223,2017-03-10,1,2,0,0,30,0,0,0,0,0,0,0,30,0,0,0,0,0,0,0,45.0,36.0,10.0,6.9,1.0,4
385,441,3223,2017-03-10,2,1,1,0,30,0,0,0,0,0,0,0,30,0,0,0,0,0,0,0,44.1,40.0,10.0,11.5,1.0,4
385,441,3223,2017-03-10,2,2,0,0,30,0,0,0,0,0,0,0,30,0,0,0,0,0,0,0,44.1,40.0,10.0,11.5,1.0,4
385,441,3223,2017-03-10,3,1,0,0,30,0,0,0,0,0,0,0,30,0,0,0,0,0,0,0,42.1,45.0,10.0,5.8,1.0,4
385,441,3223,2017-03-10,3,2,0,0,30,0,0,0,0,0,0,0,30,0,0,0,0,0,0,0,42.1,45.0,10.0,5.8,1.0,4
385,441,3223,2017-03-10,4,1,0,0,30,0,0,0,0,0,0,0,30,0,0,0,0,0,0,0,42.1,43.0,10.0,8.099999999999998,1.0,4
385,441,3223,2017-03-10,4,2,0,0,30,0,0,0,0,0,0,0,30,0,0,0,0,0,0,0,42.1,43.0,10.0,8.099999999999998,1.0,4
385,441,3223,2017-03-10,5,1,0,0,30,0,0,0,0,0,0,0,30,0,0,0,0,0,0,0,37.9,57.0,10.0,10.4,1.0,4
385,441,3223,2017-03-10,5,2,1,0,30,0,0,0,0,0,0,0,30,0,0,0,0,0,0,0,37.9,57.0,10.0,10.4,1.0,4
385,441,3223,2017-03-10,6,1,0,0,30,0,0,0,0,0,0,0,30,0,0,0,0,0,0,0,36.0,70.0,10.0,9.2,1.0,4
385,441,3223,2017-03-10,6,2,1,0,30,0,0,0,0,0,0,0,30,0,0,0,0,0,0,0,36.0,70.0,10.0,9.2,1.0,4
385,441,3223,2017-03-10,7,1,2,1,15,0,0,0,15,0,0,0,30,0,0,0,0,0,0,0,33.67999999999999,88.4,0.7,7.38,3.0,4
385,441,3223,2017-03-10,7,2,1,0,5,0,0,0,25,0,0,0,30,0,0,0,0,0,0,0,33.67999999999999,88.4,0.7,7.38,3.0,4
385,441,3223,2017-03-10,8,1,0,1,18,0,0,0,12,0,0,0,30,0,0,0,0,0,0,0,32.0,96.0,0.2,6.9,1.0,4
385,441,3223,2017-03-10,8,2,2,1,30,0,0,0,0,0,0,0,30,0,0,0,0,0,0,0,32.0,96.0,0.2,6.9,1.0,4
385,441,3223,2017-03-10,9,1,1,1,4,0,0,0,26,0,0,0,30,0,0,0,0,0,0,0,32.0,96.0,0.2,6.9,1.0,4
385,441,3223,2017-03-10,9,2,0,0,0,0,0,0,30,0,0,0,30,0,0,0,0,0,0,0,32.0,96.0,0.2,6.9,1.0,4
385,441,3223,2017-03-10,10,1,0,0,0,0,0,0,30,0,0,0,30,0,0,0,0,0,0,0,32.0,96.0,0.2,5.8,1.0,4
385,441,3223,2017-03-10,10,2,0,1,4,0,0,0,26,0,0,0,30,0,0,0,0,0,0,0,32.0,96.0,0.2,5.8,1.0,4
385,441,3223,2017-03-10,11,1,0,0,30,0,0,0,0,0,0,0,30,0,0,0,0,0,0,0,32.0,96.0,0.2,6.9,1.0,4
385,441,3223,2017-03-10,11,2,0,0,30,0,0,0,0,0,0,0,30,0,0,0,0,0,0,0,32.0,96.0,0.2,6.9,1.0,4
385,441,3223,2017-03-10,12,1,0,0,30,0,0,0,0,0,0,0,30,0,0,0,0,0,0,0,32.0,95.0,1.275,7.5,4.0,4
385,441,3223,2017-03-10,12,2,0,0,30,0,0,0,0,0,0,0,30,0,0,0,0,0,0,0,32.0,95.0,1.275,7.5,4.0,4
385,441,3223,2017-03-10,13,1,0,0,30,0,0,0,0,0,0,0,30,0,0,0,0,0,0,0,32.483333333333334,89.33333333333333,2.466666666666667,6.625,6.0,4
385,441,3223,2017-03-10,13,2,1,1,30,0,0,0,0,0,0,0,30,0,0,0,0,0,0,0,32.483333333333334,89.33333333333333,2.466666666666667,6.625,6.0,4
385,441,3223,2017-03-10,14,1,0,1,30,0,0,0,0,0,0,0,30,0,0,0,0,0,0,0,34.1,78.5,9.0,6.9,2.0,4
385,441,3223,2017-03-10,14,2,0,0,30,0,0,0,0,0,0,0,30,0,0,0,0,0,0,0,34.1,78.5,9.0,6.9,2.0,4
385,441,3223,2017-03-10,15,1,2,1,30,0,0,0,0,0,0,0,30,0,0,0,0,0,0,0,36.0,57.0,8.0,4.6,1.0,4
385,441,3223,2017-03-10,15,2,1,1,27,0,0,0,3,0,0,0,30,0,0,0,0,0,0,0,36.0,57.0,8.0,4.6,1.0,4
385,441,3223,2017-03-10,16,1,0,2,30,0,0,0,0,0,0,0,30,0,0,0,0,0,0,0,36.0,48.0,10.0,6.9,1.0,4
385,441,3223,2017-03-10,16,2,2,0,30,0,0,0,0,0,0,0,30,0,0,0,0,0,0,0,36.0,48.0,10.0,6.9,1.0,4
385,441,3223,2017-03-10,17,1,3,5,11,16,0,0,3,0,0,0,30,0,0,0,0,0,0,0,34.0,46.0,10.0,11.5,1.0,4
385,441,3223,2017-03-10,17,2,4,1,3,19,0,0,8,0,0,0,30,0,0,0,0,0,0,0,34.0,46.0,10.0,11.5,1.0,4
385,441,3223,2017-03-10,18,1,4,4,0,0,3,19,8,0,0,0,30,0,0,0,0,0,0,0,32.0,42.0,10.0,8.099999999999998,1.0,4
385,441,3223,2017-03-10,18,2,2,3,0,0,3,8,19,0,0,0,30,0,0,0,0,0,0,0,32.0,42.0,10.0,8.099999999999998,1.0,4
385,441,3223,2017-03-10,19,1,0,1,0,0,0,9,21,0,0,0,30,0,0,0,0,0,0,0,30.9,40.0,10.0,11.5,1.0,4
385,441,3223,2017-03-10,19,2,2,1,0,0,0,9,21,0,0,0,30,0,0,0,0,0,0,0,30.9,40.0,10.0,11.5,1.0,4
385,441,3223,2017-03-10,20,1,0,0,0,0,0,0,30,0,0,0,30,0,0,0,0,0,0,0,28.9,45.0,10.0,10.4,1.0,4
385,441,3223,2017-03-10,20,2,1,1,0,0,12,3,15,0,0,0,30,0,0,0,0,0,0,0,28.9,45.0,10.0,10.4,1.0,4
385,441,3223,2017-03-10,21,1,0,1,0,0,0,23,7,0,0,0,30,0,0,0,0,0,0,0,27.0,43.0,10.0,9.2,1.0,4
385,441,3223,2017-03-10,21,2,0,0,0,0,0,30,0,0,0,0,30,0,0,0,0,0,0,0,27.0,43.0,10.0,9.2,1.0,4
385,441,3223,2017-03-10,22,1,0,0,0,15,0,15,0,0,0,0,30,0,0,0,0,0,0,0,25.0,46.0,10.0,13.8,1.0,4
385,441,3223,2017-03-10,22,2,0,0,17,12,1,0,0,0,0,0,30,0,0,0,0,0,0,0,25.0,46.0,10.0,13.8,1.0,4
385,441,3223,2017-03-10,23,1,1,0,0,0,14,0,16,0,0,0,30,0,0,0,0,0,0,0,23.0,53.0,10.0,9.2,1.0,4
385,441,3223,2017-03-10,23,2,0,0,0,0,0,0,30,0,0,0,30,0,0,0,0,0,0,0,23.0,53.0,10.0,9.2,1.0,4
385,441,3223,2017-03-11,0,1,0,0,10,0,0,0,20,0,0,0,30,0,0,0,0,0,0,0,21.9,38.0,10.0,15.0,1.0,5
385,441,3223,2017-03-11,0,2,0,1,30,0,0,0,0,0,0,0,30,0,0,0,0,0,0,0,21.9,38.0,10.0,15.0,1.0,5
385,441,3223,2017-03-11,1,1,0,0,30,0,0,0,0,0,0,0,30,0,0,0,0,0,0,0,19.9,48.0,10.0,15.0,1.0,5
385,441,3223,2017-03-11,1,2,0,0,30,0,0,0,0,0,0,0,30,0,0,0,0,0,0,0,19.9,48.0,10.0,15.0,1.0,5
385,441,3223,2017-03-11,2,1,0,0,30,0,0,0,0,0,0,0,30,0,0,0,0,0,0,0,19.0,38.0,10.0,9.2,1.0,5
385,441,3223,2017-03-11,2,2,0,0,30,0,0,0,0,0,0,0,30,0,0,0,0,0,0,0,19.0,38.0,10.0,9.2,1.0,5
385,441,3223,2017-03-11,3,1,0,0,30,0,0,0,0,0,0,0,30,0,0,0,0,0,0,0,18.0,40.0,10.0,15.0,1.0,5
385,441,3223,2017-03-11,3,2,0,0,30,0,0,0,0,0,0,0,30,0,0,0,0,0,0,0,18.0,40.0,10.0,15.0,1.0,5
385,441,3223,2017-03-11,4,1,0,0,30,0,0,0,0,0,0,0,30,0,0,0,0,0,0,0,18.0,45.0,10.0,10.4,1.0,5
385,441,3223,2017-03-11,4,2,0,0,30,0,0,0,0,0,0,0,30,0,0,0,0,0,0,0,18.0,45.0,10.0,10.4,1.0,5
385,441,3223,2017-03-11,5,1,0,0,30,0,0,0,0,0,0,0,30,0,0,0,0,0,0,0,18.0,45.0,10.0,3.5,1.0,5
385,441,3223,2017-03-11,5,2,0,0,30,0,0,0,0,0,0,0,30,0,0,0,0,0,0,0,18.0,45.0,10.0,3.5,1.0,5
385,441,3223,2017-03-11,6,1,0,0,30,0,0,0,0,0,0,0,30,0,0,0,0,0,0,0,17.1,52.0,10.0,6.9,1.0,5
385,441,3223,2017-03-11,6,2,1,0,30,0,0,0,0,0,0,0,30,0,0,0,0,0,0,0,17.1,52.0,10.0,6.9,1.0,5
385,441,3223,2017-03-11,7,1,0,0,0,0,0,0,30,0,0,0,30,0,0,0,0,0,0,0,19.0,52.0,10.0,15.0,1.0,5
385,441,3223,2017-03-11,7,2,0,0,0,0,0,0,30,0,0,0,30,0,0,0,0,0,0,0,19.0,52.0,10.0,15.0,1.0,5
385,441,3223,2017-03-11,8,1,0,0,0,0,0,0,30,0,0,0,30,0,0,0,0,0,0,0,19.9,48.0,10.0,6.9,1.0,5
385,441,3223,2017-03-11,8,2,0,0,0,0,0,0,30,0,0,0,30,0,0,0,0,0,0,0,19.9,48.0,10.0,6.9,1.0,5
385,441,3223,2017-03-11,9,1,0,0,0,0,0,0,30,0,0,0,30,0,0,0,0,0,0,0,21.0,44.0,10.0,11.5,1.0,5
385,441,3223,2017-03-11,9,2,1,1,2,6,0,0,22,0,0,0,30,0,0,0,0,0,0,0,21.0,44.0,10.0,11.5,1.0,5
385,441,3223,2017-03-11,10,1,0,2,3,0,0,0,27,0,0,0,30,0,0,0,0,0,0,0,21.9,48.0,10.0,5.8,1.0,5
385,441,3223,2017-03-11,10,2,2,1,9,0,1,20,0,0,0,0,30,0,0,0,0,0,0,0,21.9,48.0,10.0,5.8,1.0,5
385,441,3223,2017-03-11,11,1,0,3,0,0,15,15,0,0,0,0,30,0,0,0,0,0,0,0,23.0,46.0,10.0,10.4,1.0,5
385,441,3223,2017-03-11,11,2,5,0,0,0,22,0,8,0,0,0,30,0,0,0,0,0,0,0,23.0,46.0,10.0,10.4,1.0,5
385,441,3223,2017-03-11,12,1,2,1,3,0,0,0,27,0,0,0,30,0,0,0,0,0,0,0,26.1,34.0,10.0,10.4,1.0,5
385,441,3223,2017-03-11,12,2,1,4,18,0,3,0,9,0,0,0,30,0,0,0,0,0,0,0,26.1,34.0,10.0,10.4,1.0,5
385,441,3223,2017-03-11,13,1,2,0,26,0,0,0,4,0,0,0,30,0,0,0,0,0,0,0,26.1,37.0,10.0,13.8,1.0,5
385,441,3223,2017-03-11,13,2,1,3,12,0,12,0,6,0,0,0,30,0,0,0,0,0,0,0,26.1,37.0,10.0,13.8,1.0,5
385,441,3223,2017-03-11,14,1,0,0,30,0,0,0,0,0,0,0,30,0,0,0,0,0,0,0,27.0,37.0,10.0,3.5,1.0,5
385,441,3223,2017-03-11,14,2,1,0,13,0,0,0,17,0,0,0,30,0,0,0,0,0,0,0,27.0,37.0,10.0,3.5,1.0,5
385,441,3223,2017-03-11,15,1,1,1,8,0,0,0,22,0,0,0,30,0,0,0,0,0,0,0,28.0,39.0,10.0,12.7,1.0,5
385,441,3223,2017-03-11,15,2,0,1,4,0,0,0,26,0,0,0,30,0,0,0,0,0,0,0,28.0,39.0,10.0,12.7,1.0,5
385,441,3223,2017-03-11,16,1,1,1,0,15,0,0,15,0,0,0,30,0,0,0,0,0,0,0,26.1,49.0,10.0,9.2,1.0,5
385,441,3223,2017-03-11,16,2,0,1,2,28,0,0,0,0,0,0,30,0,0,0,0,0,0,0,26.1,49.0,10.0,9.2,1.0,5
385,441,3223,2017-03-11,17,1,3,1,14,0,3,9,4,0,0,0,30,0,0,0,0,0,0,0,26.1,49.0,10.0,11.5,1.0,5
385,441,3223,2017-03-11,17,2,2,2,0,16,0,0,14,0,0,0,30,0,0,0,0,0,0,0,26.1,49.0,10.0,11.5,1.0,5
385,441,3223,2017-03-11,18,1,1,2,0,23,0,0,7,0,0,0,30,0,0,0,0,0,0,0,25.0,45.0,10.0,8.099999999999998,1.0,5
385,441,3223,2017-03-11,18,2,1,0,0,15,0,0,15,0,0,0,30,0,0,0,0,0,0,0,25.0,45.0,10.0,8.099999999999998,1.0,5
385,441,3223,2017-03-11,19,1,0,0,0,0,0,0,30,0,0,0,30,0,0,0,0,0,0,0,25.0,45.0,10.0,10.4,1.0,5
385,441,3223,2017-03-11,19,2,0,0,0,0,0,0,30,0,0,0,30,0,0,0,0,0,0,0,25.0,45.0,10.0,10.4,1.0,5
385,441,3223,2017-03-11,20,1,0,1,10,6,0,0,14,0,0,0,30,0,0,0,0,0,0,0,24.1,44.0,10.0,10.4,1.0,5
385,441,3223,2017-03-11,20,2,1,1,27,0,0,0,3,0,0,0,30,0,0,0,0,0,0,0,24.1,44.0,10.0,10.4,1.0,5
385,441,3223,2017-03-11,21,1,0,1,30,0,0,0,0,0,0,0,30,0,0,0,0,0,0,0,23.0,44.0,10.0,10.4,1.0,5
385,441,3223,2017-03-11,21,2,0,1,30,0,0,0,0,0,0,0,30,0,0,0,0,0,0,0,23.0,44.0,10.0,10.4,1.0,5
385,441,3223,2017-03-11,22,1,0,1,30,0,0,0,0,0,0,0,30,0,0,0,0,0,0,0,21.9,46.0,10.0,6.9,1.0,5
385,441,3223,2017-03-11,22,2,1,0,16,14,0,0,0,0,0,0,30,0,0,0,0,0,0,0,21.9,46.0,10.0,6.9,1.0,5
385,441,3223,2017-03-11,23,1,0,0,0,4,11,15,0,0,0,0,30,0,0,0,0,0,0,0,21.9,46.0,10.0,6.9,1.0,5
385,441,3223,2017-03-11,23,2,0,1,0,0,30,0,0,0,0,0,30,0,0,0,0,0,0,0,21.9,46.0,10.0,6.9,1.0,5
385,441,3223,2017-03-12,0,1,0,0,0,0,30,0,0,0,0,0,30,0,0,0,0,0,0,0,21.9,43.0,10.0,8.099999999999998,2.0,6
385,441,3223,2017-03-12,0,2,0,0,2,0,28,0,0,0,0,0,30,0,0,0,0,0,0,0,21.9,43.0,10.0,8.099999999999998,2.0,6
385,441,3223,2017-03-12,1,1,0,3,23,0,7,0,0,0,0,0,30,0,0,0,0,0,0,0,21.0,46.0,10.0,11.5,1.0,6
385,441,3223,2017-03-12,1,2,0,0,0,0,30,0,0,0,0,0,30,0,0,0,0,0,0,0,21.0,46.0,10.0,11.5,1.0,6
385,441,3223,2017-03-12,2,1,0,0,0,0,30,0,0,0,0,0,30,0,0,0,0,0,0,0,21.9,43.0,10.0,8.099999999999998,2.0,6
385,441,3223,2017-03-12,2,2,0,0,0,0,30,0,0,0,0,0,30,0,0,0,0,0,0,0,21.9,43.0,10.0,8.099999999999998,2.0,6
385,441,3223,2017-03-12,3,1,0,0,0,0,30,0,0,0,0,0,30,0,0,0,0,0,0,0,21.0,46.0,10.0,6.9,1.0,6
385,441,3223,2017-03-12,3,2,0,0,0,0,30,0,0,0,0,0,30,0,0,0,0,0,0,0,21.0,46.0,10.0,6.9,1.0,6
385,441,3223,2017-03-12,4,1,0,0,0,0,30,0,0,0,0,0,30,0,0,0,0,0,0,0,21.0,46.0,10.0,9.2,1.0,6
385,441,3223,2017-03-12,4,2,0,0,0,0,30,0,0,0,0,0,30,0,0,0,0,0,0,0,21.0,46.0,10.0,9.2,1.0,6
385,441,3223,2017-03-12,5,1,0,0,21,0,9,0,0,0,0,0,30,0,0,0,0,0,0,0,19.9,50.0,10.0,11.5,1.0,6
385,441,3223,2017-03-12,5,2,0,0,26,0,4,0,0,0,0,0,30,0,0,0,0,0,0,0,19.9,50.0,10.0,11.5,1.0,6
385,441,3223,2017-03-12,6,1,0,0,0,0,30,0,0,0,0,0,30,0,0,0,0,0,0,0,19.0,47.0,10.0,8.099999999999998,1.0,6
385,441,3223,2017-03-12,6,2,1,1,0,0,30,0,0,0,0,0,30,0,0,0,0,0,0,0,19.0,47.0,10.0,8.099999999999998,1.0,6
385,441,3223,2017-03-12,7,1,0,0,0,0,30,0,0,0,0,0,30,0,0,0,0,0,0,0,19.0,47.0,10.0,10.4,1.0,6
385,441,3223,2017-03-12,7,2,0,0,0,0,30,0,0,0,0,0,30,0,0,0,0,0,0,0,19.0,47.0,10.0,10.4,1.0,6
385,441,3223,2017-03-12,8,1,0,0,9,0,21,0,0,0,0,0,30,0,0,0,0,0,0,0,19.9,48.0,10.0,6.9,1.0,6
385,441,3223,2017-03-12,8,2,0,0,0,1,11,18,0,0,0,0,30,0,0,0,0,0,0,0,19.9,48.0,10.0,6.9,1.0,6
385,441,3223,2017-03-12,9,1,0,0,5,25,0,0,0,0,0,0,30,0,0,0,0,0,0,0,21.0,44.0,10.0,11.5,1.0,6
385,441,3223,2017-03-12,9,2,1,0,16,0,14,0,0,0,0,0,30,0,0,0,0,0,0,0,21.0,44.0,10.0,11.5,1.0,6
385,441,3223,2017-03-12,10,1,0,1,0,0,30,0,0,0,0,0,30,0,0,0,0,0,0,0,23.0,44.0,10.0,6.9,1.0,6
385,441,3223,2017-03-12,10,2,1,0,21,0,9,0,0,0,0,0,30,0,0,0,0,0,0,0,23.0,44.0,10.0,6.9,1.0,6
385,441,3223,2017-03-12,11,1,0,2,30,0,0,0,0,0,0,0,30,0,0,0,0,0,0,0,25.0,39.0,10.0,4.6,1.0,6
385,441,3223,2017-03-12,11,2,4,0,30,0,0,0,0,0,0,0,30,0,0,0,0,0,0,0,25.0,39.0,10.0,4.6,1.0,6
385,441,3223,2017-03-12,12,1,4,1,21,0,3,0,6,0,0,0,30,0,0,0,0,0,0,0,27.0,37.0,10.0,13.8,1.0,6
385,441,3223,2017-03-12,12,2,1,1,14,0,16,0,0,0,0,0,30,0,0,0,0,0,0,0,27.0,37.0,10.0,13.8,1.0,6
385,441,3223,2017-03-12,13,1,2,1,18,0,9,0,3,0,0,0,30,0,0,0,0,0,0,0,27.0,37.0,10.0,8.099999999999998,1.0,6
385,441,3223,2017-03-12,13,2,0,0,0,0,0,0,30,0,0,0,30,0,0,0,0,0,0,0,27.0,37.0,10.0,8.099999999999998,1.0,6
385,441,3223,2017-03-12,14,1,0,0,0,0,0,0,30,0,0,0,30,0,0,0,0,0,0,0,28.0,36.0,10.0,11.5,1.0,6
385,441,3223,2017-03-12,14,2,0,0,0,0,0,0,30,0,0,0,30,0,0,0,0,0,0,0,28.0,36.0,10.0,11.5,1.0,6
385,441,3223,2017-03-12,15,1,0,0,0,0,0,0,30,0,0,0,30,0,0,0,0,0,0,0,28.9,35.0,10.0,10.4,1.0,6
385,441,3223,2017-03-12,15,2,0,4,25,0,0,0,5,0,0,0,30,0,0,0,0,0,0,0,28.9,35.0,10.0,10.4,1.0,6
385,441,3223,2017-03-12,16,1,2,0,30,0,0,0,0,0,0,0,30,0,0,0,0,0,0,0,28.9,33.0,10.0,9.2,1.0,6
385,441,3223,2017-03-12,16,2,2,0,9,0,0,0,21,0,0,0,30,0,0,0,0,0,0,0,28.9,33.0,10.0,9.2,1.0,6
385,441,3223,2017-03-12,17,1,1,3,0,20,0,0,10,0,0,0,30,0,0,0,0,0,0,0,28.0,34.0,10.0,5.8,1.0,6
385,441,3223,2017-03-12,17,2,0,0,0,11,7,12,0,0,0,0,30,0,0,0,0,0,0,0,28.0,34.0,10.0,5.8,1.0,6
385,441,3223,2017-03-12,18,1,0,1,10,0,20,0,0,0,0,0,30,0,0,0,0,0,0,0,28.0,31.0,10.0,10.4,1.0,6
385,441,3223,2017-03-12,18,2,0,1,20,10,0,0,0,0,0,0,30,0,0,0,0,0,0,0,28.0,31.0,10.0,10.4,1.0,6
385,441,3223,2017-03-12,19,1,0,4,15,15,0,0,0,0,0,0,30,0,0,0,0,0,0,0,27.0,34.0,10.0,8.099999999999998,1.0,6
385,441,3223,2017-03-12,19,2,0,0,6,24,0,0,0,0,0,0,30,0,0,0,0,0,0,0,27.0,34.0,10.0,8.099999999999998,1.0,6
385,441,3223,2017-03-12,20,1,0,0,0,30,0,0,0,0,0,0,30,0,0,0,0,0,0,0,27.0,33.0,10.0,11.5,1.0,6
385,441,3223,2017-03-12,20,2,1,1,0,30,0,0,0,0,0,0,30,0,0,0,0,0,0,0,27.0,33.0,10.0,11.5,1.0,6
385,441,3223,2017-03-12,21,1,0,0,0,30,0,0,0,0,0,0,30,0,0,0,0,0,0,0,26.1,32.0,10.0,6.9,1.0,6
385,441,3223,2017-03-12,21,2,0,1,9,21,0,0,0,0,0,0,30,0,0,0,0,0,0,0,26.1,32.0,10.0,6.9,1.0,6
385,441,3223,2017-03-12,22,1,0,2,30,0,0,0,0,0,0,0,30,0,0,0,0,0,0,0,25.0,34.0,10.0,9.2,1.0,6
385,441,3223,2017-03-12,22,2,1,0,30,0,0,0,0,0,0,0,30,0,0,0,0,0,0,0,25.0,34.0,10.0,9.2,1.0,6
385,441,3223,2017-03-12,23,1,0,0,30,0,0,0,0,0,0,0,30,0,0,0,0,0,0,0,23.0,37.0,10.0,3.5,1.0,6
385,441,3223,2017-03-12,23,2,0,0,30,0,0,0,0,0,0,0,30,0,0,0,0,0,0,0,23.0,37.0,10.0,3.5,1.0,6
385,441,3223,2017-03-13,0,1,0,0,30,0,0,0,0,0,0,0,30,0,0,0,0,0,0,0,21.9,40.0,10.0,9.2,1.0,0
385,441,3223,2017-03-13,0,2,0,1,30,0,0,0,0,0,0,0,30,0,0,0,0,0,0,0,21.9,40.0,10.0,9.2,1.0,0
385,441,3223,2017-03-13,1,1,0,1,30,0,0,0,0,0,0,0,30,0,0,0,0,0,0,0,21.9,42.0,10.0,9.2,1.0,0
385,441,3223,2017-03-13,1,2,0,0,30,0,0,0,0,0,0,0,30,0,0,0,0,0,0,0,21.9,42.0,10.0,9.2,1.0,0
385,441,3223,2017-03-13,2,1,0,0,30,0,0,0,0,0,0,0,30,0,0,0,0,0,0,0,21.0,46.0,10.0,6.9,1.0,0
385,441,3223,2017-03-13,2,2,0,0,30,0,0,0,0,0,0,0,30,0,0,0,0,0,0,0,21.0,46.0,10.0,6.9,1.0,0
385,441,3223,2017-03-13,3,1,0,0,30,0,0,0,0,0,0,0,30,0,0,0,0,0,0,0,21.0,48.0,10.0,3.5,1.0,0
385,441,3223,2017-03-13,3,2,0,0,30,0,0,0,0,0,0,0,30,0,0,0,0,0,0,0,21.0,48.0,10.0,3.5,1.0,0
385,441,3223,2017-03-13,4,1,0,0,30,0,0,0,0,0,0,0,30,0,0,0,0,0,0,0,19.9,50.0,10.0,3.5,1.0,0
385,441,3223,2017-03-13,4,2,0,0,30,0,0,0,0,0,0,0,30,0,0,0,0,0,0,0,19.9,50.0,10.0,3.5,1.0,0
385,441,3223,2017-03-13,5,1,1,0,30,0,0,0,0,0,0,0,30,0,0,0,0,0,0,0,19.9,52.0,10.0,4.6,1.0,0
385,441,3223,2017-03-13,5,2,1,0,30,0,0,0,0,0,0,0,30,0,0,0,0,0,0,0,19.9,52.0,10.0,4.6,1.0,0
385,441,3223,2017-03-13,6,1,1,2,30,0,0,0,0,0,0,0,30,0,0,0,0,0,0,0,19.9,50.0,10.0,9.2,1.0,0
385,441,3223,2017-03-13,6,2,1,0,30,0,0,0,0,0,0,0,30,0,0,0,0,0,0,0,19.9,50.0,10.0,9.2,1.0,0
385,441,3223,2017-03-13,7,1,2,3,30,0,0,0,0,0,0,0,30,0,0,0,0,0,0,0,19.9,50.0,10.0,4.6,1.0,0
385,441,3223,2017-03-13,7,2,4,0,30,0,0,0,0,0,0,0,30,0,0,0,0,0,0,0,19.9,50.0,10.0,4.6,1.0,0
385,441,3223,2017-03-13,8,1,4,4,30,0,0,0,0,0,0,0,30,0,0,0,0,0,0,0,21.0,50.0,10.0,9.2,1.0,0
385,441,3223,2017-03-13,8,2,6,0,18,0,0,0,12,0,0,0,30,0,0,0,0,0,0,0,21.0,50.0,10.0,9.2,1.0,0
385,441,3223,2017-03-13,9,1,0,0,0,0,0,0,30,0,0,0,30,0,0,0,0,0,0,0,23.0,48.0,10.0,3.5,1.0,0
385,441,3223,2017-03-13,9,2,0,1,0,0,3,0,27,0,0,0,30,0,0,0,0,0,0,0,23.0,48.0,10.0,3.5,1.0,0
385,441,3223,2017-03-13,10,1,0,2,21,0,9,0,0,0,0,0,30,0,0,0,0,0,0,0,24.1,44.0,10.0,5.8,1.0,0
385,441,3223,2017-03-13,10,2,3,1,30,0,0,0,0,0,0,0,30,0,0,0,0,0,0,0,24.1,44.0,10.0,5.8,1.0,0
385,441,3223,2017-03-13,11,1,0,2,30,0,0,0,0,0,0,0,30,0,0,0,0,0,0,0,27.0,39.0,10.0,3.5,1.0,0
385,441,3223,2017-03-13,11,2,1,1,30,0,0,0,0,0,0,0,30,0,0,0,0,0,0,0,27.0,39.0,10.0,3.5,1.0,0
385,441,3223,2017-03-13,12,1,3,5,30,0,0,0,0,0,0,0,30,0,0,0,0,0,0,0,32.0,32.0,10.0,4.6,1.0,0
385,441,3223,2017-03-13,12,2,1,1,30,0,0,0,0,0,0,0,30,0,0,0,0,0,0,0,32.0,32.0,10.0,4.6,1.0,0
385,441,3223,2017-03-13,13,1,4,0,30,0,0,0,0,0,0,0,30,0,0,0,0,0,0,0,33.1,32.0,10.0,3.5,1.0,0
385,441,3223,2017-03-13,13,2,2,4,30,0,0,0,0,0,0,0,30,0,0,0,0,0,0,0,33.1,32.0,10.0,3.5,1.0,0
385,441,3223,2017-03-13,14,1,1,2,30,0,0,0,0,0,0,0,30,0,0,0,0,0,0,0,34.0,26.0,10.0,9.2,1.0,0
385,441,3223,2017-03-13,14,2,2,2,30,0,0,0,0,0,0,0,30,0,0,0,0,0,0,0,34.0,26.0,10.0,9.2,1.0,0
385,441,3223,2017-03-13,15,1,3,2,30,0,0,0,0,0,0,0,30,0,0,0,0,0,0,0,33.1,24.0,10.0,4.6,1.0,0
385,441,3223,2017-03-13,15,2,4,0,30,0,0,0,0,0,0,0,30,0,0,0,0,0,0,0,33.1,24.0,10.0,4.6,1.0,0
385,441,3223,2017-03-13,16,1,1,0,5,0,0,0,25,0,0,0,30,0,0,0,0,0,0,0,35.1,25.0,10.0,9.2,1.0,0
385,441,3223,2017-03-13,16,2,0,0,0,0,0,0,30,0,0,0,30,0,0,0,0,0,0,0,35.1,25.0,10.0,9.2,1.0,0
385,441,3223,2017-03-13,17,1,0,2,17,0,0,0,13,0,0,0,30,0,0,0,0,0,0,0,33.1,35.0,10.0,4.6,1.0,0
385,441,3223,2017-03-13,17,2,4,2,22,0,0,0,8,0,0,0,30,0,0,0,0,0,0,0,33.1,35.0,10.0,4.6,1.0,0
385,441,3223,2017-03-13,18,1,3,2,15,0,0,0,15,0,0,0,30,0,0,0,0,0,0,0,30.9,42.0,10.0,8.099999999999998,1.0,0
385,441,3223,2017-03-13,18,2,0,3,17,0,0,0,13,0,0,0,30,0,0,0,0,0,0,0,30.9,42.0,10.0,8.099999999999998,1.0,0
385,441,3223,2017-03-13,19,1,3,4,30,0,0,0,0,0,0,0,30,0,0,0,0,0,0,0,30.0,49.0,10.0,9.2,1.0,0
385,441,3223,2017-03-13,19,2,2,2,30,0,0,0,0,0,0,0,30,0,0,0,0,0,0,0,30.0,49.0,10.0,9.2,1.0,0
385,441,3223,2017-03-13,20,1,3,5,18,12,0,0,0,0,0,0,30,0,0,0,0,0,0,0,32.0,54.0,10.0,9.2,1.0,0
385,441,3223,2017-03-13,20,2,4,2,3,27,0,0,0,0,0,0,30,0,0,0,0,0,0,0,32.0,54.0,10.0,9.2,1.0,0
385,441,3223,2017-03-13,21,1,0,1,6,24,0,0,0,0,0,0,30,0,0,0,0,0,0,0,32.0,56.0,10.0,9.2,1.0,0
385,441,3223,2017-03-13,21,2,0,1,0,0,3,27,0,0,0,0,30,0,0,0,0,0,0,0,32.0,56.0,10.0,9.2,1.0,0
385,441,3223,2017-03-13,22,1,0,0,0,0,23,7,0,0,0,0,30,0,0,0,0,0,0,0,32.0,61.0,10.0,11.5,1.0,0
385,441,3223,2017-03-13,22,2,1,0,0,10,5,15,0,0,0,0,30,0,0,0,0,0,0,0,32.0,61.0,10.0,11.5,1.0,0
385,441,3223,2017-03-13,23,1,0,0,0,30,0,0,0,0,0,0,30,0,0,0,0,0,0,0,30.9,69.0,10.0,6.9,1.0,0
385,441,3223,2017-03-13,23,2,0,0,0,9,0,0,21,0,0,0,30,0,0,0,0,0,0,0,30.9,69.0,10.0,6.9,1.0,0
385,441,3223,2017-03-14,0,1,0,1,0,0,0,0,30,0,0,0,30,0,0,0,0,0,0,0,30.9,69.0,10.0,8.099999999999998,1.0,1
385,441,3223,2017-03-14,0,2,0,0,26,0,0,4,0,0,0,0,30,0,0,0,0,0,0,0,30.9,69.0,10.0,8.099999999999998,1.0,1
385,441,3223,2017-03-14,1,1,0,0,23,0,0,0,7,0,0,0,30,0,0,0,0,0,0,0,30.366666666666664,77.0,1.5666666666666669,9.633333333333333,3.0,1
385,441,3223,2017-03-14,1,2,0,0,0,0,0,0,30,0,0,0,30,0,0,0,0,0,0,0,30.366666666666664,77.0,1.5666666666666669,9.633333333333333,3.0,1
385,441,3223,2017-03-14,2,1,0,0,0,0,0,0,30,0,0,0,30,0,0,0,0,0,0,0,28.45,89.5,0.725,10.95,3.0,1
385,441,3223,2017-03-14,2,2,0,0,0,0,0,0,30,0,0,0,30,0,0,0,0,0,0,0,28.45,89.5,0.725,10.95,3.0,1
385,441,3223,2017-03-14,3,1,0,0,0,0,0,0,30,0,0,0,30,0,0,0,0,0,0,0,28.9,92.0,0.2,15.0,1.0,1
385,441,3223,2017-03-14,3,2,0,0,0,0,0,0,30,0,0,0,30,0,0,0,0,0,0,0,28.9,92.0,0.2,15.0,1.0,1
385,441,3223,2017-03-14,4,1,0,0,0,0,0,0,30,0,0,0,30,0,0,0,0,0,0,0,28.9,96.0,0.5,17.3,1.0,1
385,441,3223,2017-03-14,4,2,0,0,0,0,0,0,30,0,0,0,30,0,0,0,0,0,0,0,28.9,96.0,0.5,17.3,1.0,1
385,441,3223,2017-03-14,5,1,0,0,0,0,0,0,30,0,0,0,30,0,0,0,0,0,0,0,28.0,96.0,0.5,6.9,1.0,1
385,441,3223,2017-03-14,5,2,0,0,0,0,0,0,30,0,0,0,30,0,0,0,0,0,0,0,28.0,96.0,0.5,6.9,1.0,1
385,441,3223,2017-03-14,6,1,0,0,0,0,0,0,30,0,0,0,30,0,0,0,0,0,0,0,28.0,96.0,0.5,12.7,1.0,1
385,441,3223,2017-03-14,6,2,0,0,0,0,0,0,30,0,0,0,30,0,0,0,0,0,0,0,28.0,96.0,0.5,12.7,1.0,1
385,441,3223,2017-03-14,7,1,0,0,0,0,0,0,30,0,0,0,30,0,0,0,0,0,0,0,28.0,92.0,0.8666666666666667,14.6,3.0,1
385,441,3223,2017-03-14,7,2,0,0,0,0,0,0,30,0,0,0,30,0,0,0,0,0,0,0,28.0,92.0,0.8666666666666667,14.6,3.0,1
385,441,3223,2017-03-14,8,1,0,0,0,0,0,0,30,0,0,0,30,0,0,0,0,0,0,0,28.0,96.0,0.5,18.4,1.0,1
385,441,3223,2017-03-14,8,2,0,0,0,0,0,0,30,0,0,0,30,0,0,0,0,0,0,0,28.0,96.0,0.5,18.4,1.0,1
385,441,3223,2017-03-14,9,1,0,0,0,0,0,0,30,0,0,0,30,0,0,0,0,0,0,0,28.0,96.0,0.5,18.4,1.0,1
385,441,3223,2017-03-14,9,2,0,0,0,0,0,0,30,0,0,0,30,0,0,0,0,0,0,0,28.0,96.0,0.5,18.4,1.0,1
385,441,3223,2017-03-14,10,1,0,0,0,0,0,0,30,0,0,0,30,0,0,0,0,0,0,0,28.45,96.0,0.5,16.7,2.0,1
385,441,3223,2017-03-14,10,2,0,0,0,0,0,0,30,0,0,0,30,0,0,0,0,0,0,0,28.45,96.0,0.5,16.7,2.0,1
385,441,3223,2017-03-14,11,1,0,0,0,0,0,0,30,0,0,0,30,0,0,0,0,0,0,0,30.9,92.0,0.9,17.3,1.0,1
385,441,3223,2017-03-14,11,2,0,0,0,0,0,0,30,0,0,0,30,0,0,0,0,0,0,0,30.9,92.0,0.9,17.3,1.0,1
385,441,3223,2017-03-14,12,1,0,0,0,0,0,0,30,0,0,0,30,0,0,0,0,0,0,0,30.45,96.0,0.65,12.65,1.0,1
385,441,3223,2017-03-14,12,2,0,0,0,0,0,0,30,0,0,0,30,0,0,0,0,0,0,0,30.45,96.0,0.65,12.65,1.0,1
385,441,3223,2017-03-14,13,1,0,0,0,0,0,0,30,0,0,0,30,0,0,0,0,0,0,0,30.9,89.0,0.5,17.3,1.0,1
385,441,3223,2017-03-14,13,2,0,0,0,0,0,0,30,0,0,0,30,0,0,0,0,0,0,0,30.9,89.0,0.5,17.3,1.0,1
385,441,3223,2017-03-14,14,1,0,0,0,0,0,0,30,0,0,0,30,0,0,0,0,0,0,0,28.0,92.0,0.5,6.9,1.0,1
385,441,3223,2017-03-14,14,2,0,0,0,0,0,0,30,0,0,0,30,0,0,0,0,0,0,0,28.0,92.0,0.5,6.9,1.0,1
385,441,3223,2017-03-14,15,1,0,0,0,0,0,0,30,0,0,0,30,0,0,0,0,0,0,0,28.0,90.0,0.8,8.05,2.0,1
385,441,3223,2017-03-14,15,2,0,0,0,0,0,0,30,0,0,0,30,0,0,0,0,0,0,0,28.0,90.0,0.8,8.05,2.0,1
385,441,3223,2017-03-14,16,1,0,0,0,0,0,0,30,0,0,0,30,0,0,0,0,0,0,0,29.175,86.0,1.45,8.074999999999998,4.0,1
385,441,3223,2017-03-14,16,2,0,0,0,0,0,0,30,0,0,0,30,0,0,0,0,0,0,0,29.175,86.0,1.45,8.074999999999998,4.0,1
385,441,3223,2017-03-14,17,1,0,0,0,0,0,0,30,0,0,0,30,0,0,0,0,0,0,0,30.0,85.0,0.8,11.5,1.0,1
385,441,3223,2017-03-14,17,2,0,0,0,0,0,0,30,0,0,0,30,0,0,0,0,0,0,0,30.0,85.0,0.8,11.5,1.0,1
385,441,3223,2017-03-14,18,1,0,0,0,0,0,0,30,0,0,0,30,0,0,0,0,0,0,0,29.725,81.0,4.8,12.4,2.0,1
385,441,3223,2017-03-14,18,2,0,0,0,0,0,0,30,0,0,0,30,0,0,0,0,0,0,0,29.725,81.0,4.8,12.4,2.0,1
385,441,3223,2017-03-14,19,1,0,0,0,0,0,0,30,0,0,0,30,0,0,0,0,0,0,0,30.45,67.5,10.0,12.1,2.0,1
385,441,3223,2017-03-14,19,2,0,0,0,0,0,0,30,0,0,0,30,0,0,0,0,0,0,0,30.45,67.5,10.0,12.1,2.0,1
385,441,3223,2017-03-14,20,1,0,0,0,0,0,0,30,0,0,0,30,0,0,0,0,0,0,0,28.9,67.0,10.0,8.099999999999998,1.0,1
385,441,3223,2017-03-14,20,2,0,0,0,0,0,0,30,0,0,0,30,0,0,0,0,0,0,0,28.9,67.0,10.0,8.099999999999998,1.0,1
385,441,3223,2017-03-14,21,1,0,0,0,0,0,0,30,0,0,0,30,0,0,0,0,0,0,0,25.0,63.0,10.0,16.1,1.0,1
385,441,3223,2017-03-14,21,2,0,0,0,0,0,0,30,0,0,0,30,0,0,0,0,0,0,0,25.0,63.0,10.0,16.1,1.0,1
385,441,3223,2017-03-14,22,1,0,0,0,0,0,0,30,0,0,0,30,0,0,0,0,0,0,0,23.0,63.0,10.0,6.9,1.0,1
385,441,3223,2017-03-14,22,2,0,0,0,0,0,0,30,0,0,0,30,0,0,0,0,0,0,0,23.0,63.0,10.0,6.9,1.0,1
385,441,3223,2017-03-14,23,1,0,0,0,0,0,0,30,0,0,0,30,0,0,0,0,0,0,0,21.0,57.0,10.0,17.3,1.0,1
385,441,3223,2017-03-14,23,2,0,0,0,0,0,0,30,0,0,0,30,0,0,0,0,0,0,0,21.0,57.0,10.0,17.3,1.0,1
385,441,3223,2017-03-15,0,1,0,0,0,0,0,0,30,0,0,0,30,0,0,0,0,0,0,0,21.0,57.0,10.0,12.7,1.0,2
385,441,3223,2017-03-15,0,2,0,0,0,0,0,0,30,0,0,0,30,0,0,0,0,0,0,0,21.0,57.0,10.0,12.7,1.0,2
385,441,3223,2017-03-15,1,1,0,0,0,0,0,0,30,0,0,0,30,0,0,0,0,0,0,0,21.0,55.0,10.0,12.7,1.0,2
385,441,3223,2017-03-15,1,2,0,0,0,0,0,0,30,0,0,0,30,0,0,0,0,0,0,0,21.0,55.0,10.0,12.7,1.0,2
385,441,3223,2017-03-15,2,1,0,0,0,0,0,0,30,0,0,0,30,0,0,0,0,0,0,0,21.0,55.0,10.0,6.9,1.0,2
385,441,3223,2017-03-15,2,2,0,0,0,0,0,0,30,0,0,0,30,0,0,0,0,0,0,0,21.0,55.0,10.0,6.9,1.0,2
385,441,3223,2017-03-15,3,1,0,0,0,0,0,0,30,0,0,0,30,0,0,0,0,0,0,0,21.0,55.0,10.0,9.2,1.0,2
385,441,3223,2017-03-15,3,2,0,0,0,0,0,0,30,0,0,0,30,0,0,0,0,0,0,0,21.0,55.0,10.0,9.2,1.0,2
385,441,3223,2017-03-15,4,1,0,0,0,0,0,0,30,0,0,0,30,0,0,0,0,0,0,0,21.0,55.0,10.0,16.1,1.0,2
385,441,3223,2017-03-15,4,2,0,0,0,0,0,0,30,0,0,0,30,0,0,0,0,0,0,0,21.0,55.0,10.0,16.1,1.0,2
385,441,3223,2017-03-15,5,1,0,0,0,0,0,0,30,0,0,0,30,0,0,0,0,0,0,0,19.9,60.0,10.0,10.4,1.0,2
385,441,3223,2017-03-15,5,2,0,0,0,0,0,0,30,0,0,0,30,0,0,0,0,0,0,0,19.9,60.0,10.0,10.4,1.0,2
385,441,3223,2017-03-15,6,1,0,0,0,0,0,0,30,0,0,0,30,0,0,0,0,0,0,0,19.9,62.0,10.0,10.4,1.0,2
385,441,3223,2017-03-15,6,2,0,0,0,0,0,0,30,0,0,0,30,0,0,0,0,0,0,0,19.9,62.0,10.0,10.4,1.0,2
385,441,3223,2017-03-15,7,1,0,0,0,0,0,0,30,0,0,0,30,0,0,0,0,0,0,0,21.0,55.0,10.0,8.099999999999998,1.0,2
385,441,3223,2017-03-15,7,2,0,0,0,0,0,0,30,0,0,0,30,0,0,0,0,0,0,0,21.0,55.0,10.0,8.099999999999998,1.0,2
385,441,3223,2017-03-15,8,1,0,0,0,0,0,0,30,0,0,0,30,0,0,0,0,0,0,0,21.9,58.0,10.0,12.7,1.0,2
385,441,3223,2017-03-15,8,2,0,0,0,0,0,0,30,0,0,0,30,0,0,0,0,0,0,0,21.9,58.0,10.0,12.7,1.0,2
385,441,3223,2017-03-15,9,1,0,0,0,0,0,0,30,0,0,0,30,0,0,0,0,0,0,0,23.0,53.0,10.0,11.5,1.0,2
385,441,3223,2017-03-15,9,2,0,0,0,0,0,0,30,0,0,0,30,0,0,0,0,0,0,0,23.0,53.0,10.0,11.5,1.0,2
385,441,3223,2017-03-15,10,1,0,0,0,0,0,0,30,0,0,0,30,0,0,0,0,0,0,0,23.0,50.0,10.0,13.8,1.0,2
385,441,3223,2017-03-15,10,2,0,0,0,0,0,0,30,0,0,0,30,0,0,0,0,0,0,0,23.0,50.0,10.0,13.8,1.0,2
385,441,3223,2017-03-15,11,1,0,0,0,0,0,0,30,0,0,0,30,0,0,0,0,0,0,0,23.0,55.0,9.0,16.1,1.0,2
385,441,3223,2017-03-15,11,2,0,0,0,0,0,0,30,0,0,0,30,0,0,0,0,0,0,0,23.0,55.0,9.0,16.1,1.0,2
385,441,3223,2017-03-15,12,1,0,0,0,0,0,0,30,0,0,0,30,0,0,0,0,0,0,0,24.1,57.0,10.0,11.5,1.0,2
385,441,3223,2017-03-15,12,2,0,0,0,0,0,0,30,0,0,0,30,0,0,0,0,0,0,0,24.1,57.0,10.0,11.5,1.0,2
385,441,3223,2017-03-15,13,1,0,0,0,0,0,0,30,0,0,0,30,0,0,0,0,0,0,0,25.0,60.0,8.0,11.5,1.0,2
385,441,3223,2017-03-15,13,2,0,0,0,0,0,0,30,0,0,0,30,0,0,0,0,0,0,0,25.0,60.0,8.0,11.5,1.0,2
385,441,3223,2017-03-15,14,1,0,0,0,0,0,0,30,0,0,0,30,0,0,0,0,0,0,0,25.0,53.0,9.0,15.0,1.0,2
385,441,3223,2017-03-15,14,2,0,0,0,0,0,0,30,0,0,0,30,0,0,0,0,0,0,0,25.0,53.0,9.0,15.0,1.0,2
385,441,3223,2017-03-15,15,1,0,0,0,0,0,0,30,0,0,0,30,0,0,0,0,0,0,0,25.0,58.0,10.0,11.5,1.0,2
385,441,3223,2017-03-15,15,2,0,0,0,0,0,0,30,0,0,0,30,0,0,0,0,0,0,0,25.0,58.0,10.0,11.5,1.0,2
385,441,3223,2017-03-15,16,1,0,0,0,0,0,0,30,0,0,0,30,0,0,0,0,0,0,0,25.0,55.0,10.0,18.4,1.0,2
385,441,3223,2017-03-15,16,2,0,0,0,0,0,0,30,0,0,0,30,0,0,0,0,0,0,0,25.0,55.0,10.0,18.4,1.0,2
385,441,3223,2017-03-15,17,1,0,0,0,0,0,0,30,0,0,0,30,0,0,0,0,0,0,0,25.0,51.0,10.0,12.7,1.0,2
385,441,3223,2017-03-15,17,2,0,0,0,0,0,0,30,0,0,0,30,0,0,0,0,0,0,0,25.0,51.0,10.0,12.7,1.0,2
385,441,3223,2017-03-15,18,1,0,0,0,0,0,0,30,0,0,0,30,0,0,0,0,0,0,0,26.1,44.0,10.0,9.2,1.0,2
385,441,3223,2017-03-15,18,2,0,0,0,0,0,0,30,0,0,0,30,0,0,0,0,0,0,0,26.1,44.0,10.0,9.2,1.0,2
385,441,3223,2017-03-15,19,1,0,0,0,0,0,0,30,0,0,0,30,0,0,0,0,0,0,0,26.1,44.0,10.0,6.9,1.0,2
385,441,3223,2017-03-15,19,2,0,0,0,0,0,0,30,0,0,0,30,0,0,0,0,0,0,0,26.1,44.0,10.0,6.9,1.0,2
385,441,3223,2017-03-15,20,1,0,0,0,0,0,0,30,0,0,0,30,0,0,0,0,0,0,0,26.1,47.0,10.0,10.4,1.0,2
385,441,3223,2017-03-15,20,2,0,0,0,0,0,0,30,0,0,0,30,0,0,0,0,0,0,0,26.1,47.0,10.0,10.4,1.0,2
385,441,3223,2017-03-15,21,1,0,0,0,0,0,0,30,0,0,0,30,0,0,0,0,0,0,0,26.1,51.0,10.0,16.1,1.0,2
385,441,3223,2017-03-15,21,2,0,0,0,0,0,0,30,0,0,0,30,0,0,0,0,0,0,0,26.1,51.0,10.0,16.1,1.0,2
385,441,3223,2017-03-15,22,1,0,0,0,0,0,0,30,0,0,0,30,0,0,0,0,0,0,0,25.0,63.0,10.0,12.7,1.0,2
385,441,3223,2017-03-15,22,2,0,0,0,0,0,0,30,0,0,0,30,0,0,0,0,0,0,0,25.0,63.0,10.0,12.7,1.0,2
385,441,3223,2017-03-15,23,1,0,0,0,0,0,0,30,0,0,0,30,0,0,0,0,0,0,0,26.1,55.0,10.0,9.2,1.0,2
385,441,3223,2017-03-15,23,2,0,0,0,0,0,0,30,0,0,0,30,0,0,0,0,0,0,0,26.1,55.0,10.0,9.2,1.0,2
385,441,3223,2017-03-16,0,1,0,0,0,0,0,0,30,0,0,0,30,0,0,0,0,0,0,0,26.1,53.0,10.0,10.4,1.0,3
385,441,3223,2017-03-16,0,2,0,0,0,0,0,0,30,0,0,0,30,0,0,0,0,0,0,0,26.1,53.0,10.0,10.4,1.0,3
385,441,3223,2017-03-16,1,1,0,0,0,0,0,0,30,0,0,0,30,0,0,0,0,0,0,0,26.1,51.0,10.0,9.2,1.0,3
385,441,3223,2017-03-16,1,2,0,0,0,0,0,0,30,0,0,0,30,0,0,0,0,0,0,0,26.1,51.0,10.0,9.2,1.0,3
385,441,3223,2017-03-16,2,1,0,0,0,0,0,0,30,0,0,0,30,0,0,0,0,0,0,0,25.0,53.0,10.0,6.9,1.0,3
385,441,3223,2017-03-16,2,2,0,0,0,0,0,0,30,0,0,0,30,0,0,0,0,0,0,0,25.0,53.0,10.0,6.9,1.0,3
385,441,3223,2017-03-16,3,1,0,0,0,0,0,0,30,0,0,0,30,0,0,0,0,0,0,0,25.0,51.0,10.0,6.9,1.0,3
385,441,3223,2017-03-16,3,2,0,0,0,0,0,0,30,0,0,0,30,0,0,0,0,0,0,0,25.0,51.0,10.0,6.9,1.0,3
385,441,3223,2017-03-16,4,1,0,0,0,0,0,0,30,0,0,0,30,0,0,0,0,0,0,0,25.0,51.0,10.0,10.4,1.0,3
385,441,3223,2017-03-16,4,2,0,0,0,0,0,0,30,0,0,0,30,0,0,0,0,0,0,0,25.0,51.0,10.0,10.4,1.0,3
385,441,3223,2017-03-16,5,1,0,0,0,0,0,0,30,0,0,0,30,0,0,0,0,0,0,0,24.1,55.0,10.0,4.6,1.0,3
385,441,3223,2017-03-16,5,2,0,0,0,0,0,0,30,0,0,0,30,0,0,0,0,0,0,0,24.1,55.0,10.0,4.6,1.0,3
385,441,3223,2017-03-16,6,1,0,0,0,0,0,0,30,0,0,0,30,0,0,0,0,0,0,0,24.1,53.0,10.0,10.4,1.0,3
385,441,3223,2017-03-16,6,2,0,0,0,0,0,0,30,0,0,0,30,0,0,0,0,0,0,0,24.1,53.0,10.0,10.4,1.0,3
385,441,3223,2017-03-16,7,1,0,0,0,0,0,0,30,0,0,0,30,0,0,0,0,0,0,0,24.1,55.0,10.0,10.4,1.0,3
385,441,3223,2017-03-16,7,2,0,0,0,0,0,0,30,0,0,0,30,0,0,0,0,0,0,0,24.1,55.0,10.0,10.4,1.0,3
385,441,3223,2017-03-16,8,1,0,0,0,0,0,0,30,0,0,0,30,0,0,0,0,0,0,0,25.0,55.0,10.0,3.5,1.0,3
385,441,3223,2017-03-16,8,2,0,0,0,0,0,0,30,0,0,0,30,0,0,0,0,0,0,0,25.0,55.0,10.0,3.5,1.0,3
385,441,3223,2017-03-16,9,1,0,0,0,0,0,0,30,0,0,0,30,0,0,0,0,0,0,0,27.0,49.0,10.0,8.099999999999998,1.0,3
385,441,3223,2017-03-16,9,2,0,0,0,0,0,0,30,0,0,0,30,0,0,0,0,0,0,0,27.0,49.0,10.0,8.099999999999998,1.0,3
385,441,3223,2017-03-16,10,1,0,0,0,0,0,0,30,0,0,0,30,0,0,0,0,0,0,0,30.0,41.0,10.0,10.4,1.0,3
385,441,3223,2017-03-16,10,2,0,0,0,0,0,0,30,0,0,0,30,0,0,0,0,0,0,0,30.0,41.0,10.0,10.4,1.0,3
385,441,3223,2017-03-16,11,1,0,0,0,0,0,0,30,0,0,0,30,0,0,0,0,0,0,0,32.0,38.0,10.0,13.8,1.0,3
385,441,3223,2017-03-16,11,2,0,0,0,0,0,0,30,0,0,0,30,0,0,0,0,0,0,0,32.0,38.0,10.0,13.8,1.0,3
385,441,3223,2017-03-16,12,1,0,0,0,0,0,0,30,0,0,0,30,0,0,0,0,0,0,0,34.0,37.0,10.0,9.2,1.0,3
385,441,3223,2017-03-16,12,2,0,0,0,0,0,0,30,0,0,0,30,0,0,0,0,0,0,0,34.0,37.0,10.0,9.2,1.0,3
385,441,3223,2017-03-16,13,1,0,0,0,0,0,0,30,0,0,0,30,0,0,0,0,0,0,0,35.1,34.0,10.0,6.9,1.0,3
385,441,3223,2017-03-16,13,2,0,0,0,0,0,0,30,0,0,0,30,0,0,0,0,0,0,0,35.1,34.0,10.0,6.9,1.0,3
385,441,3223,2017-03-16,14,1,0,0,0,0,0,0,30,0,0,0,30,0,0,0,0,0,0,0,37.0,33.0,10.0,10.4,1.0,3
385,441,3223,2017-03-16,14,2,0,0,0,0,0,0,30,0,0,0,30,0,0,0,0,0,0,0,37.0,33.0,10.0,10.4,1.0,3
385,441,3223,2017-03-16,15,1,0,0,0,0,0,0,30,0,0,0,30,0,0,0,0,0,0,0,37.9,32.0,10.0,12.7,1.0,3
385,441,3223,2017-03-16,15,2,0,0,0,0,0,0,30,0,0,0,30,0,0,0,0,0,0,0,37.9,32.0,10.0,12.7,1.0,3
385,441,3223,2017-03-16,16,1,0,0,0,0,0,0,30,0,0,0,30,0,0,0,0,0,0,0,39.0,30.0,10.0,10.4,1.0,3
385,441,3223,2017-03-16,16,2,0,0,0,0,0,0,30,0,0,0,30,0,0,0,0,0,0,0,39.0,30.0,10.0,10.4,1.0,3
385,441,3223,2017-03-16,17,1,0,0,0,0,0,0,30,0,0,0,30,0,0,0,0,0,0,0,39.0,28.0,10.0,9.2,1.0,3
385,441,3223,2017-03-16,17,2,0,0,0,0,0,0,30,0,0,0,30,0,0,0,0,0,0,0,39.0,28.0,10.0,9.2,1.0,3
385,441,3223,2017-03-16,18,1,0,0,0,0,0,0,30,0,0,0,30,0,0,0,0,0,0,0,37.9,30.0,10.0,4.6,1.0,3
385,441,3223,2017-03-16,18,2,0,0,0,0,0,0,30,0,0,0,30,0,0,0,0,0,0,0,37.9,30.0,10.0,4.6,1.0,3
385,441,3223,2017-03-16,19,1,0,0,0,0,0,0,30,0,0,0,30,0,0,0,0,0,0,0,37.0,31.0,10.0,9.2,1.0,3
385,441,3223,2017-03-16,19,2,0,0,0,0,0,0,30,0,0,0,30,0,0,0,0,0,0,0,37.0,31.0,10.0,9.2,1.0,3
385,441,3223,2017-03-16,20,1,0,0,0,0,0,0,30,0,0,0,30,0,0,0,0,0,0,0,37.0,30.0,10.0,10.4,1.0,3
385,441,3223,2017-03-16,20,2,0,0,0,0,0,0,30,0,0,0,30,0,0,0,0,0,0,0,37.0,30.0,10.0,10.4,1.0,3
385,441,3223,2017-03-16,21,1,0,0,0,0,0,0,30,0,0,0,30,0,0,0,0,0,0,0,35.1,33.0,10.0,8.099999999999998,1.0,3
385,441,3223,2017-03-16,21,2,0,0,0,0,0,0,30,0,0,0,30,0,0,0,0,0,0,0,35.1,33.0,10.0,8.099999999999998,1.0,3
385,441,3223,2017-03-16,22,1,0,0,0,0,0,0,30,0,0,0,30,0,0,0,0,0,0,0,33.1,38.0,10.0,3.5,1.0,3
385,441,3223,2017-03-16,22,2,0,0,0,0,0,0,30,0,0,0,30,0,0,0,0,0,0,0,33.1,38.0,10.0,3.5,1.0,3
385,441,3223,2017-03-16,23,1,0,0,0,0,0,0,30,0,0,0,30,0,0,0,0,0,0,0,33.1,40.0,10.0,8.099999999999998,1.0,3
385,441,3223,2017-03-16,23,2,0,0,0,0,0,0,30,0,0,0,30,0,0,0,0,0,0,0,33.1,40.0,10.0,8.099999999999998,1.0,3
385,441,3223,2017-03-17,0,1,0,0,0,0,0,0,30,0,0,0,30,0,0,0,0,0,0,0,33.1,40.0,10.0,6.9,1.0,4
385,441,3223,2017-03-17,0,2,0,0,0,0,0,0,30,0,0,0,30,0,0,0,0,0,0,0,33.1,40.0,10.0,6.9,1.0,4
385,441,3223,2017-03-17,1,1,0,0,0,0,0,0,30,0,0,0,30,0,0,0,0,0,0,0,33.1,46.0,10.0,5.8,1.0,4
385,441,3223,2017-03-17,1,2,0,0,0,0,0,0,30,0,0,0,30,0,0,0,0,0,0,0,33.1,46.0,10.0,5.8,1.0,4
385,441,3223,2017-03-17,2,1,0,0,0,0,0,0,30,0,0,0,30,0,0,0,0,0,0,0,32.0,50.0,10.0,11.5,1.0,4
385,441,3223,2017-03-17,2,2,0,0,0,0,0,0,30,0,0,0,30,0,0,0,0,0,0,0,32.0,50.0,10.0,11.5,1.0,4
385,441,3223,2017-03-17,3,1,0,0,0,0,0,0,30,0,0,0,30,0,0,0,0,0,0,0,30.9,54.0,10.0,9.2,1.0,4
385,441,3223,2017-03-17,3,2,0,0,0,0,0,0,30,0,0,0,30,0,0,0,0,0,0,0,30.9,54.0,10.0,9.2,1.0,4
385,441,3223,2017-03-17,4,1,0,0,0,0,0,0,30,0,0,0,30,0,0,0,0,0,0,0,30.9,52.0,10.0,9.2,1.0,4
385,441,3223,2017-03-17,4,2,0,0,0,0,0,0,30,0,0,0,30,0,0,0,0,0,0,0,30.9,52.0,10.0,9.2,1.0,4
385,441,3223,2017-03-17,5,1,0,0,0,0,0,0,30,0,0,0,30,0,0,0,0,0,0,0,30.0,56.0,10.0,5.8,1.0,4
385,441,3223,2017-03-17,5,2,0,0,0,0,0,0,30,0,0,0,30,0,0,0,0,0,0,0,30.0,56.0,10.0,5.8,1.0,4
385,441,3223,2017-03-17,6,1,0,0,0,0,26,0,4,0,0,0,30,0,0,0,0,0,0,0,30.0,56.0,10.0,8.099999999999998,1.0,4
385,441,3223,2017-03-17,6,2,2,0,0,0,30,0,0,0,0,0,30,0,0,0,0,0,0,0,30.0,56.0,10.0,8.099999999999998,1.0,4
385,441,3223,2017-03-17,7,1,0,1,0,0,30,0,0,0,0,0,30,0,0,0,0,0,0,0,30.0,56.0,10.0,4.6,1.0,4
385,441,3223,2017-03-17,7,2,1,0,0,0,30,0,0,0,0,0,30,0,0,0,0,0,0,0,30.0,56.0,10.0,4.6,1.0,4
385,441,3223,2017-03-17,8,1,0,0,0,0,30,0,0,0,0,0,30,0,0,0,0,0,0,0,30.9,54.0,10.0,8.099999999999998,1.0,4
385,441,3223,2017-03-17,8,2,3,1,0,0,30,0,0,0,0,0,30,0,0,0,0,0,0,0,30.9,54.0,10.0,8.099999999999998,1.0,4
385,441,3223,2017-03-17,9,1,3,0,13,0,17,0,0,0,0,0,30,0,0,0,0,0,0,0,32.0,50.0,10.0,8.099999999999998,1.0,4
385,441,3223,2017-03-17,9,2,4,2,0,0,30,0,0,0,0,0,30,0,0,0,0,0,0,0,32.0,50.0,10.0,8.099999999999998,1.0,4
385,441,3223,2017-03-17,10,1,1,1,0,0,30,0,0,0,0,0,30,0,0,0,0,0,0,0,34.0,46.0,10.0,6.9,1.0,4
385,441,3223,2017-03-17,10,2,1,1,0,0,30,0,0,0,0,0,30,0,0,0,0,0,0,0,34.0,46.0,10.0,6.9,1.0,4
385,441,3223,2017-03-17,11,1,1,0,0,0,30,0,0,0,0,0,30,0,0,0,0,0,0,0,37.0,41.0,10.0,4.6,1.0,4
385,441,3223,2017-03-17,11,2,2,1,0,0,30,0,0,0,0,0,30,0,0,0,0,0,0,0,37.0,41.0,10.0,4.6,1.0,4
385,441,3223,2017-03-17,12,1,0,1,7,0,23,0,0,0,0,0,30,0,0,0,0,0,0,0,39.9,35.0,10.0,5.8,1.0,4
385,441,3223,2017-03-17,12,2,1,0,30,0,0,0,0,0,0,0,30,0,0,0,0,0,0,0,39.9,35.0,10.0,5.8,1.0,4
385,441,3223,2017-03-17,13,1,2,0,30,0,0,0,0,0,0,0,30,0,0,0,0,0,0,0,41.0,31.0,10.0,6.9,1.0,4
385,441,3223,2017-03-17,13,2,1,2,6,0,24,0,0,0,0,0,30,0,0,0,0,0,0,0,41.0,31.0,10.0,6.9,1.0,4
385,441,3223,2017-03-17,14,1,1,0,0,0,30,0,0,0,0,0,30,0,0,0,0,0,0,0,44.1,27.0,10.0,8.099999999999998,1.0,4
385,441,3223,2017-03-17,14,2,1,0,0,0,30,0,0,0,0,0,30,0,0,0,0,0,0,0,44.1,27.0,10.0,8.099999999999998,1.0,4
385,441,3223,2017-03-17,15,1,2,2,0,0,30,0,0,0,0,0,30,0,0,0,0,0,0,0,46.0,20.0,10.0,6.9,1.0,4
385,441,3223,2017-03-17,15,2,0,0,9,0,21,0,0,0,0,0,30,0,0,0,0,0,0,0,46.0,20.0,10.0,6.9,1.0,4
385,441,3223,2017-03-17,16,1,3,4,12,0,18,0,0,0,0,0,30,0,0,0,0,0,0,0,46.0,22.0,10.0,6.9,1.0,4
385,441,3223,2017-03-17,16,2,0,2,15,0,15,0,0,0,0,0,30,0,0,0,0,0,0,0,46.0,22.0,10.0,6.9,1.0,4
385,441,3223,2017-03-17,17,1,5,1,0,0,30,0,0,0,0,0,30,0,0,0,0,0,0,0,46.0,22.0,10.0,5.8,1.0,4
385,441,3223,2017-03-17,17,2,8,1,30,0,0,0,0,0,0,0,30,0,0,0,0,0,0,0,46.0,22.0,10.0,5.8,1.0,4
385,441,3223,2017-03-17,18,1,5,3,9,0,18,3,0,0,0,0,30,0,0,0,0,0,0,0,44.1,25.0,10.0,6.9,1.0,4
385,441,3223,2017-03-17,18,2,5,1,0,0,12,9,9,0,0,0,30,0,0,0,0,0,0,0,44.1,25.0,10.0,6.9,1.0,4
385,441,3223,2017-03-17,19,1,1,1,0,0,0,9,21,0,0,0,30,0,0,0,0,0,0,0,43.0,30.0,10.0,3.5,1.0,4
385,441,3223,2017-03-17,19,2,1,1,0,0,0,21,9,0,0,0,30,0,0,0,0,0,0,0,43.0,30.0,10.0,3.5,1.0,4
385,441,3223,2017-03-17,20,1,0,0,0,0,0,0,30,0,0,0,30,0,0,0,0,0,0,0,41.0,32.0,10.0,4.6,1.0,4
385,441,3223,2017-03-17,20,2,0,0,0,0,0,0,30,0,0,0,30,0,0,0,0,0,0,0,41.0,32.0,10.0,4.6,1.0,4
385,441,3223,2017-03-17,21,1,0,1,0,0,0,14,16,0,0,0,30,0,0,0,0,0,0,0,41.0,36.0,10.0,8.099999999999998,1.0,4
385,441,3223,2017-03-17,21,2,1,1,0,0,0,30,0,0,0,0,30,0,0,0,0,0,0,0,41.0,36.0,10.0,8.099999999999998,1.0,4
385,441,3223,2017-03-17,22,1,0,1,0,0,0,30,0,0,0,0,30,0,0,0,0,0,0,0,39.0,41.0,10.0,5.8,1.0,4
385,441,3223,2017-03-17,22,2,2,0,0,0,0,12,18,0,0,0,30,0,0,0,0,0,0,0,39.0,41.0,10.0,5.8,1.0,4
385,441,3223,2017-03-17,23,1,0,1,0,0,22,0,8,0,0,0,30,0,0,0,0,0,0,0,39.0,41.0,10.0,5.8,1.0,4
385,441,3223,2017-03-17,23,2,0,0,0,0,30,0,0,0,0,0,30,0,0,0,0,0,0,0,39.0,41.0,10.0,5.8,1.0,4
385,441,3223,2017-03-18,0,1,0,0,0,0,30,0,0,0,0,0,30,0,0,0,0,0,0,0,37.9,41.0,10.0,4.6,1.0,5
385,441,3223,2017-03-18,0,2,0,1,0,0,30,0,0,0,0,0,30,0,0,0,0,0,0,0,37.9,41.0,10.0,4.6,1.0,5
385,441,3223,2017-03-18,1,1,0,0,0,0,23,7,0,0,0,0,30,0,0,0,0,0,0,0,37.9,41.0,10.0,4.6,1.0,5
385,441,3223,2017-03-18,1,2,0,1,0,0,0,30,0,0,0,0,30,0,0,0,0,0,0,0,37.9,41.0,10.0,4.6,1.0,5
385,441,3223,2017-03-18,2,1,1,0,0,0,0,30,0,0,0,0,30,0,0,0,0,0,0,0,36.0,44.0,10.0,4.6,1.0,5
385,441,3223,2017-03-18,2,2,0,0,0,0,0,30,0,0,0,0,30,0,0,0,0,0,0,0,36.0,44.0,10.0,4.6,1.0,5
385,441,3223,2017-03-18,3,1,1,0,0,0,0,30,0,0,0,0,30,0,0,0,0,0,0,0,37.0,44.0,10.0,4.6,1.0,5
385,441,3223,2017-03-18,3,2,0,0,0,0,0,30,0,0,0,0,30,0,0,0,0,0,0,0,37.0,44.0,10.0,4.6,1.0,5
385,441,3223,2017-03-18,4,1,0,0,0,0,0,30,0,0,0,0,30,0,0,0,0,0,0,0,36.0,50.0,10.0,4.6,1.0,5
385,441,3223,2017-03-18,4,2,0,0,0,0,0,30,0,0,0,0,30,0,0,0,0,0,0,0,36.0,50.0,10.0,4.6,1.0,5
385,441,3223,2017-03-18,5,1,0,0,0,0,0,30,0,0,0,0,30,0,0,0,0,0,0,0,35.1,50.0,10.0,6.9,1.0,5
385,441,3223,2017-03-18,5,2,0,0,0,0,0,30,0,0,0,0,30,0,0,0,0,0,0,0,35.1,50.0,10.0,6.9,1.0,5
385,441,3223,2017-03-18,6,1,2,0,0,0,0,7,23,0,0,0,30,0,0,0,0,0,0,0,35.1,57.0,10.0,4.6,1.0,5
385,441,3223,2017-03-18,6,2,0,0,0,0,0,0,30,0,0,0,30,0,0,0,0,0,0,0,35.1,57.0,10.0,4.6,1.0,5
385,441,3223,2017-03-18,7,1,0,0,0,0,0,0,30,0,0,0,30,0,0,0,0,0,0,0,36.0,48.0,10.0,4.6,1.0,5
385,441,3223,2017-03-18,7,2,0,0,0,0,0,0,30,0,0,0,30,0,0,0,0,0,0,0,36.0,48.0,10.0,4.6,1.0,5
385,441,3223,2017-03-18,8,1,0,0,0,0,0,0,30,0,0,0,30,0,0,0,0,0,0,0,36.0,48.0,10.0,10.4,1.0,5
385,441,3223,2017-03-18,8,2,0,0,0,0,0,0,30,0,0,0,30,0,0,0,0,0,0,0,36.0,48.0,10.0,10.4,1.0,5
385,441,3223,2017-03-18,9,1,0,0,0,0,0,0,30,0,0,0,30,0,0,0,0,0,0,0,35.1,59.0,10.0,11.5,1.0,5
385,441,3223,2017-03-18,9,2,0,0,0,0,0,0,30,0,0,0,30,0,0,0,0,0,0,0,35.1,59.0,10.0,11.5,1.0,5
385,441,3223,2017-03-18,10,1,0,0,0,0,0,0,30,0,0,0,30,0,0,0,0,0,0,0,35.1,61.0,10.0,10.4,1.0,5
385,441,3223,2017-03-18,10,2,1,2,0,0,0,20,10,0,0,0,30,0,0,0,0,0,0,0,35.1,61.0,10.0,10.4,1.0,5
385,441,3223,2017-03-18,11,1,2,4,0,5,0,25,0,0,0,0,30,0,0,0,0,0,0,0,35.1,67.0,9.0,12.7,1.0,5
385,441,3223,2017-03-18,11,2,5,3,8,0,22,0,0,0,0,0,30,0,0,0,0,0,0,0,35.1,67.0,9.0,12.7,1.0,5
385,441,3223,2017-03-18,12,1,0,1,1,0,17,12,0,0,0,0,30,0,0,0,0,0,0,0,35.05,71.25,5.95,11.225,2.0,5
385,441,3223,2017-03-18,12,2,2,0,0,0,8,12,10,0,0,0,30,0,0,0,0,0,0,0,35.05,71.25,5.95,11.225,2.0,5
385,441,3223,2017-03-18,13,1,0,1,0,0,28,2,0,0,0,0,30,0,0,0,0,0,0,0,36.0,76.0,10.0,9.2,1.0,5
385,441,3223,2017-03-18,13,2,4,3,0,0,0,10,20,0,0,0,30,0,0,0,0,0,0,0,36.0,76.0,10.0,9.2,1.0,5
385,441,3223,2017-03-18,14,1,1,1,0,0,14,12,4,0,0,0,30,0,0,0,0,0,0,0,36.0,79.0,10.0,11.5,1.0,5
385,441,3223,2017-03-18,14,2,0,0,0,0,0,0,30,0,0,0,30,0,0,0,0,0,0,0,36.0,79.0,10.0,11.5,1.0,5
385,441,3223,2017-03-18,15,1,0,1,0,0,0,2,28,0,0,0,30,0,0,0,0,0,0,0,35.55,85.5,5.5,10.4,2.0,5
385,441,3223,2017-03-18,15,2,0,0,0,0,24,4,2,0,0,0,30,0,0,0,0,0,0,0,35.55,85.5,5.5,10.4,2.0,5
385,441,3223,2017-03-18,16,1,1,1,15,0,0,0,15,0,0,0,30,0,0,0,0,0,0,0,35.1,91.0,2.833333333333333,8.833333333333334,3.0,5
385,441,3223,2017-03-18,16,2,0,2,0,5,0,25,0,0,0,0,30,0,0,0,0,0,0,0,35.1,91.0,2.833333333333333,8.833333333333334,3.0,5
385,441,3223,2017-03-18,17,1,0,0,0,12,0,18,0,0,0,0,30,0,0,0,0,0,0,0,34.0,96.0,4.0,8.099999999999998,1.0,5
385,441,3223,2017-03-18,17,2,1,0,0,0,24,6,0,0,0,0,30,0,0,0,0,0,0,0,34.0,96.0,4.0,8.099999999999998,1.0,5
385,441,3223,2017-03-18,18,1,0,1,0,0,30,0,0,0,0,0,30,0,0,0,0,0,0,0,34.0,93.0,1.95,12.95,3.0,5
385,441,3223,2017-03-18,18,2,2,0,0,0,30,0,0,0,0,0,30,0,0,0,0,0,0,0,34.0,93.0,1.95,12.95,3.0,5
385,441,3223,2017-03-18,19,1,1,0,0,0,7,0,23,0,0,0,30,0,0,0,0,0,0,0,34.0,92.0,6.5,12.65,1.0,5
385,441,3223,2017-03-18,19,2,0,1,0,0,19,0,11,0,0,0,30,0,0,0,0,0,0,0,34.0,92.0,6.5,12.65,1.0,5
385,441,3223,2017-03-18,20,1,0,1,0,0,30,0,0,0,0,0,30,0,0,0,0,0,0,0,34.55,87.0,10.0,13.8,2.0,5
385,441,3223,2017-03-18,20,2,3,0,0,0,22,0,8,0,0,0,30,0,0,0,0,0,0,0,34.55,87.0,10.0,13.8,2.0,5
385,441,3223,2017-03-18,21,1,0,0,0,0,0,0,30,0,0,0,30,0,0,0,0,0,0,0,36.0,82.0,10.0,13.8,1.0,5
385,441,3223,2017-03-18,21,2,0,0,0,0,0,0,30,0,0,0,30,0,0,0,0,0,0,0,36.0,82.0,10.0,13.8,1.0,5
385,441,3223,2017-03-18,22,1,0,0,0,0,0,0,30,0,0,0,30,0,0,0,0,0,0,0,36.0,73.0,10.0,13.8,1.0,5
385,441,3223,2017-03-18,22,2,1,1,0,0,3,8,19,0,0,0,30,0,0,0,0,0,0,0,36.0,73.0,10.0,13.8,1.0,5
385,441,3223,2017-03-18,23,1,1,1,0,0,0,23,7,0,0,0,30,0,0,0,0,0,0,0,36.0,70.0,10.0,11.5,1.0,5
385,441,3223,2017-03-18,23,2,0,0,0,0,0,0,30,0,0,0,30,0,0,0,0,0,0,0,36.0,70.0,10.0,11.5,1.0,5
385,441,3223,2017-03-19,0,1,0,0,0,0,3,13,14,0,0,0,30,0,0,0,0,0,0,0,35.1,72.0,10.0,11.5,1.0,6
385,441,3223,2017-03-19,0,2,0,0,0,0,0,21,9,0,0,0,30,0,0,0,0,0,0,0,35.1,72.0,10.0,11.5,1.0,6
385,441,3223,2017-03-19,1,1,0,1,0,0,0,10,20,0,0,0,30,0,0,0,0,0,0,0,35.1,72.0,10.0,10.4,1.0,6
385,441,3223,2017-03-19,1,2,0,0,0,0,0,30,0,0,0,0,30,0,0,0,0,0,0,0,35.1,72.0,10.0,10.4,1.0,6
385,441,3223,2017-03-19,2,1,0,0,0,0,0,30,0,0,0,0,30,0,0,0,0,0,0,0,35.1,72.0,10.0,9.2,1.0,6
385,441,3223,2017-03-19,2,2,0,0,0,0,0,30,0,0,0,0,30,0,0,0,0,0,0,0,35.1,72.0,10.0,9.2,1.0,6
385,441,3223,2017-03-19,3,1,0,0,0,0,0,30,0,0,0,0,30,0,0,0,0,0,0,0,34.55,71.5,10.0,8.05,2.0,6
385,441,3223,2017-03-19,3,2,0,0,0,0,0,30,0,0,0,0,30,0,0,0,0,0,0,0,34.55,71.5,10.0,8.05,2.0,6
385,441,3223,2017-03-19,4,1,0,0,0,0,0,30,0,0,0,0,30,0,0,0,0,0,0,0,35.1,69.0,10.0,7.666666666666667,3.0,6
385,441,3223,2017-03-19,4,2,1,0,0,0,0,18,12,0,0,0,30,0,0,0,0,0,0,0,35.1,69.0,10.0,7.666666666666667,3.0,6
385,441,3223,2017-03-19,5,1,0,0,0,0,0,0,30,0,0,0,30,0,0,0,0,0,0,0,34.0,70.0,10.0,10.95,2.0,6
385,441,3223,2017-03-19,5,2,0,0,0,0,0,0,30,0,0,0,30,0,0,0,0,0,0,0,34.0,70.0,10.0,10.95,2.0,6
385,441,3223,2017-03-19,6,1,0,0,0,0,0,0,30,0,0,0,30,0,0,0,0,0,0,0,34.0,70.0,10.0,12.7,1.0,6
385,441,3223,2017-03-19,6,2,0,0,0,0,0,0,30,0,0,0,30,0,0,0,0,0,0,0,34.0,70.0,10.0,12.7,1.0,6
385,441,3223,2017-03-19,7,1,0,0,0,0,0,0,30,0,0,0,30,0,0,0,0,0,0,0,34.0,70.0,10.0,10.4,1.0,6
385,441,3223,2017-03-19,7,2,0,0,0,0,0,0,30,0,0,0,30,0,0,0,0,0,0,0,34.0,70.0,10.0,10.4,1.0,6
385,441,3223,2017-03-19,8,1,0,1,0,0,0,21,9,0,0,0,30,0,0,0,0,0,0,0,36.0,64.0,10.0,9.2,1.0,6
385,441,3223,2017-03-19,8,2,1,0,0,0,0,14,16,0,0,0,30,0,0,0,0,0,0,0,36.0,64.0,10.0,9.2,1.0,6
385,441,3223,2017-03-19,9,1,0,0,0,0,0,0,30,0,0,0,30,0,0,0,0,0,0,0,37.0,62.0,10.0,8.099999999999998,1.0,6
385,441,3223,2017-03-19,9,2,0,1,0,0,20,0,10,0,0,0,30,0,0,0,0,0,0,0,37.0,62.0,10.0,8.099999999999998,1.0,6
385,441,3223,2017-03-19,10,1,1,1,0,0,27,0,3,0,0,0,30,0,0,0,0,0,0,0,39.9,58.0,10.0,8.099999999999998,1.0,6
385,441,3223,2017-03-19,10,2,1,0,0,0,6,0,24,0,0,0,30,0,0,0,0,0,0,0,39.9,58.0,10.0,8.099999999999998,1.0,6
385,441,3223,2017-03-19,11,1,1,1,10,0,6,0,14,0,0,0,30,0,0,0,0,0,0,0,42.1,51.0,10.0,8.099999999999998,1.0,6
385,441,3223,2017-03-19,11,2,0,0,0,0,0,0,30,0,0,0,30,0,0,0,0,0,0,0,42.1,51.0,10.0,8.099999999999998,1.0,6
385,441,3223,2017-03-19,12,1,0,2,0,0,8,0,22,0,0,0,30,0,0,0,0,0,0,0,44.1,45.0,10.0,10.4,1.0,6
385,441,3223,2017-03-19,12,2,2,2,0,0,7,12,11,0,0,0,30,0,0,0,0,0,0,0,44.1,45.0,10.0,10.4,1.0,6
385,441,3223,2017-03-19,13,1,1,1,0,0,2,15,13,0,0,0,30,0,0,0,0,0,0,0,45.0,42.0,10.0,13.8,1.0,6
385,441,3223,2017-03-19,13,2,3,1,6,0,7,0,17,0,0,0,30,0,0,0,0,0,0,0,45.0,42.0,10.0,13.8,1.0,6
385,441,3223,2017-03-19,14,1,0,5,4,0,12,0,14,0,0,0,30,0,0,0,0,0,0,0,46.0,35.0,10.0,10.4,1.0,6
385,441,3223,2017-03-19,14,2,9,2,9,18,0,3,0,0,0,0,30,0,0,0,0,0,0,0,46.0,35.0,10.0,10.4,1.0,6
385,441,3223,2017-03-19,15,1,1,2,0,15,0,4,11,0,0,0,30,0,0,0,0,0,0,0,46.9,30.0,10.0,11.5,1.0,6
385,441,3223,2017-03-19,15,2,4,4,0,0,0,27,3,0,0,0,30,0,0,0,0,0,0,0,46.9,30.0,10.0,11.5,1.0,6
385,441,3223,2017-03-19,16,1,0,2,21,0,3,6,0,0,0,0,30,0,0,0,0,0,0,0,46.0,26.0,10.0,10.4,1.0,6
385,441,3223,2017-03-19,16,2,3,1,12,0,18,0,0,0,0,0,30,0,0,0,0,0,0,0,46.0,26.0,10.0,10.4,1.0,6
385,441,3223,2017-03-19,17,1,4,5,6,10,0,14,0,0,0,0,30,0,0,0,0,0,0,0,46.0,24.0,10.0,10.4,1.0,6
385,441,3223,2017-03-19,17,2,3,1,0,0,0,19,11,0,0,0,30,0,0,0,0,0,0,0,46.0,24.0,10.0,10.4,1.0,6
385,441,3223,2017-03-19,18,1,0,0,0,0,0,0,30,0,0,0,30,0,0,0,0,0,0,0,45.0,25.0,10.0,4.6,1.0,6
385,441,3223,2017-03-19,18,2,0,1,2,0,0,0,28,0,0,0,30,0,0,0,0,0,0,0,45.0,25.0,10.0,4.6,1.0,6
385,441,3223,2017-03-19,19,1,2,4,5,0,25,0,0,0,0,0,30,0,0,0,0,0,0,0,43.0,30.0,10.0,5.8,1.0,6
385,441,3223,2017-03-19,19,2,0,0,3,0,27,0,0,0,0,0,30,0,0,0,0,0,0,0,43.0,30.0,10.0,5.8,1.0,6
385,441,3223,2017-03-19,20,1,2,0,0,0,30,0,0,0,0,0,30,0,0,0,0,0,0,0,42.1,31.0,10.0,3.5,1.0,6
385,441,3223,2017-03-19,20,2,1,2,9,7,7,7,0,0,0,0,30,0,0,0,0,0,0,0,42.1,31.0,10.0,3.5,1.0,6
385,441,3223,2017-03-19,21,1,0,1,0,1,0,29,0,0,0,0,30,0,0,0,0,0,0,0,41.0,32.0,10.0,3.5,1.0,6
385,441,3223,2017-03-19,21,2,0,0,30,0,0,0,0,0,0,0,30,0,0,0,0,0,0,0,41.0,32.0,10.0,3.5,1.0,6
385,441,3223,2017-03-19,22,1,0,1,18,12,0,0,0,0,0,0,30,0,0,0,0,0,0,0,39.9,35.0,10.0,3.5,1.0,6
385,441,3223,2017-03-19,22,2,0,2,30,0,0,0,0,0,0,0,30,0,0,0,0,0,0,0,39.9,35.0,10.0,3.5,1.0,6
385,441,3223,2017-03-19,23,1,0,0,30,0,0,0,0,0,0,0,30,0,0,0,0,0,0,0,39.0,38.0,10.0,3.5,1.0,6
385,441,3223,2017-03-19,23,2,0,0,30,0,0,0,0,0,0,0,30,0,0,0,0,0,0,0,39.0,38.0,10.0,3.5,1.0,6
385,441,3223,2017-03-20,0,1,1,0,22,0,0,0,8,0,0,0,30,0,0,0,0,0,0,0,37.9,39.0,10.0,5.8,1.0,0
385,441,3223,2017-03-20,0,2,0,0,0,0,4,0,26,0,0,0,30,0,0,0,0,0,0,0,37.9,39.0,10.0,5.8,1.0,0
385,441,3223,2017-03-20,1,1,0,0,0,0,30,0,0,0,0,0,30,0,0,0,0,0,0,0,37.0,41.0,10.0,3.5,1.0,0
385,441,3223,2017-03-20,1,2,0,1,0,0,30,0,0,0,0,0,30,0,0,0,0,0,0,0,37.0,41.0,10.0,3.5,1.0,0
385,441,3223,2017-03-20,2,1,0,0,0,0,30,0,0,0,0,0,30,0,0,0,0,0,0,0,37.0,41.0,10.0,3.5,1.0,0
385,441,3223,2017-03-20,2,2,0,0,0,0,30,0,0,0,0,0,30,0,0,0,0,0,0,0,37.0,41.0,10.0,3.5,1.0,0
385,441,3223,2017-03-20,3,1,0,0,0,0,30,0,0,0,0,0,30,0,0,0,0,0,0,0,36.0,41.0,10.0,9.2,1.0,0
385,441,3223,2017-03-20,3,2,0,0,0,0,30,0,0,0,0,0,30,0,0,0,0,0,0,0,36.0,41.0,10.0,9.2,1.0,0
385,441,3223,2017-03-20,4,1,0,0,0,0,30,0,0,0,0,0,30,0,0,0,0,0,0,0,34.0,48.0,10.0,3.5,1.0,0
385,441,3223,2017-03-20,4,2,0,0,0,0,30,0,0,0,0,0,30,0,0,0,0,0,0,0,34.0,48.0,10.0,3.5,1.0,0
385,441,3223,2017-03-20,5,1,0,0,0,0,30,0,0,0,0,0,30,0,0,0,0,0,0,0,34.0,46.0,10.0,5.8,1.0,0
385,441,3223,2017-03-20,5,2,1,1,0,0,30,0,0,0,0,0,30,0,0,0,0,0,0,0,34.0,46.0,10.0,5.8,1.0,0
385,441,3223,2017-03-20,6,1,1,0,0,0,30,0,0,0,0,0,30,0,0,0,0,0,0,0,33.1,48.0,10.0,8.099999999999998,1.0,0
385,441,3223,2017-03-20,6,2,3,0,0,0,26,0,4,0,0,0,30,0,0,0,0,0,0,0,33.1,48.0,10.0,8.099999999999998,1.0,0
385,441,3223,2017-03-20,7,1,1,1,3,0,0,0,27,0,0,0,30,0,0,0,0,0,0,0,34.0,48.0,10.0,5.8,1.0,0
385,441,3223,2017-03-20,7,2,1,1,0,0,5,0,25,0,0,0,30,0,0,0,0,0,0,0,34.0,48.0,10.0,5.8,1.0,0
385,441,3223,2017-03-20,8,1,1,1,1,0,6,0,23,0,0,0,30,0,0,0,0,0,0,0,35.1,48.0,10.0,4.6,1.0,0
385,441,3223,2017-03-20,8,2,2,5,10,0,20,0,0,0,0,0,30,0,0,0,0,0,0,0,35.1,48.0,10.0,4.6,1.0,0
385,441,3223,2017-03-20,9,1,2,1,27,0,3,0,0,0,0,0,30,0,0,0,0,0,0,0,37.0,44.0,10.0,5.8,1.0,0
385,441,3223,2017-03-20,9,2,3,3,5,0,25,0,0,0,0,0,30,0,0,0,0,0,0,0,37.0,44.0,10.0,5.8,1.0,0
385,441,3223,2017-03-20,10,1,1,1,6,0,24,0,0,0,0,0,30,0,0,0,0,0,0,0,39.9,40.0,10.0,5.8,1.0,0
385,441,3223,2017-03-20,10,2,1,1,0,0,30,0,0,0,0,0,30,0,0,0,0,0,0,0,39.9,40.0,10.0,5.8,1.0,0
385,441,3223,2017-03-20,11,1,0,2,0,0,30,0,0,0,0,0,30,0,0,0,0,0,0,0,44.1,28.0,10.0,10.4,1.0,0
385,441,3223,2017-03-20,11,2,2,2,0,0,30,0,0,0,0,0,30,0,0,0,0,0,0,0,44.1,28.0,10.0,10.4,1.0,0
385,441,3223,2017-03-20,12,1,2,2,0,0,30,0,0,0,0,0,30,0,0,0,0,0,0,0,46.0,28.0,10.0,5.8,1.0,0
385,441,3223,2017-03-20,12,2,0,3,0,0,30,0,0,0,0,0,30,0,0,0,0,0,0,0,46.0,28.0,10.0,5.8,1.0,0
385,441,3223,2017-03-20,13,1,1,3,10,0,20,0,0,0,0,0,30,0,0,0,0,0,0,0,48.0,24.0,10.0,6.9,1.0,0
385,441,3223,2017-03-20,13,2,0,4,30,0,0,0,0,0,0,0,30,0,0,0,0,0,0,0,48.0,24.0,10.0,6.9,1.0,0
385,441,3223,2017-03-20,14,1,1,2,30,0,0,0,0,0,0,0,30,0,0,0,0,0,0,0,48.9,23.0,10.0,3.5,1.0,0
385,441,3223,2017-03-20,14,2,4,0,30,0,0,0,0,0,0,0,30,0,0,0,0,0,0,0,48.9,23.0,10.0,3.5,1.0,0
385,441,3223,2017-03-20,15,1,4,4,30,0,0,0,0,0,0,0,30,0,0,0,0,0,0,0,50.0,20.0,10.0,3.5,1.0,0
385,441,3223,2017-03-20,15,2,3,4,30,0,0,0,0,0,0,0,30,0,0,0,0,0,0,0,50.0,20.0,10.0,3.5,1.0,0
385,441,3223,2017-03-20,16,1,1,3,30,0,0,0,0,0,0,0,30,0,0,0,0,0,0,0,50.0,18.0,10.0,5.8,1.0,0
385,441,3223,2017-03-20,16,2,4,1,30,0,0,0,0,0,0,0,30,0,0,0,0,0,0,0,50.0,18.0,10.0,5.8,1.0,0
385,441,3223,2017-03-20,17,1,5,5,30,0,0,0,0,0,0,0,30,0,0,0,0,0,0,0,51.1,19.0,10.0,6.9,1.0,0
385,441,3223,2017-03-20,17,2,6,4,30,0,0,0,0,0,0,0,30,0,0,0,0,0,0,0,51.1,19.0,10.0,6.9,1.0,0
385,441,3223,2017-03-20,18,1,5,4,23,7,0,0,0,0,0,0,30,0,0,0,0,0,0,0,50.0,21.0,10.0,5.8,1.0,0
385,441,3223,2017-03-20,18,2,9,4,6,24,0,0,0,0,0,0,30,0,0,0,0,0,0,0,50.0,21.0,10.0,5.8,1.0,0
385,441,3223,2017-03-20,19,1,6,4,6,15,3,0,6,0,0,0,30,0,0,0,0,0,0,0,50.0,26.0,10.0,4.6,1.0,0
385,441,3223,2017-03-20,19,2,1,7,13,0,17,0,0,0,0,0,30,0,0,0,0,0,0,0,50.0,26.0,10.0,4.6,1.0,0
385,441,3223,2017-03-20,20,1,2,5,30,0,0,0,0,0,0,0,30,0,0,0,0,0,0,0,48.0,30.0,10.0,4.6,1.0,0
385,441,3223,2017-03-20,20,2,5,0,0,30,0,0,0,0,0,0,30,0,0,0,0,0,0,0,48.0,30.0,10.0,4.6,1.0,0
385,441,3223,2017-03-20,21,1,6,2,0,30,0,0,0,0,0,0,30,0,0,0,0,0,0,0,46.0,37.0,10.0,4.6,1.0,0
385,441,3223,2017-03-20,21,2,1,2,0,30,0,0,0,0,0,0,30,0,0,0,0,0,0,0,46.0,37.0,10.0,4.6,1.0,0
385,441,3223,2017-03-20,22,1,1,1,0,30,0,0,0,0,0,0,30,0,0,0,0,0,0,0,46.0,37.0,10.0,5.8,1.0,0
385,441,3223,2017-03-20,22,2,0,0,0,19,0,11,0,0,0,0,30,0,0,0,0,0,0,0,46.0,37.0,10.0,5.8,1.0,0
385,441,3223,2017-03-20,23,1,0,0,0,0,6,24,0,0,0,0,30,0,0,0,0,0,0,0,45.0,40.0,10.0,6.9,1.0,0
385,441,3223,2017-03-20,23,2,0,0,0,0,30,0,0,0,0,0,30,0,0,0,0,0,0,0,45.0,40.0,10.0,6.9,1.0,0
385,441,3223,2017-03-21,0,1,0,0,0,0,30,0,0,0,0,0,30,0,0,0,0,0,0,0,45.0,39.0,10.0,4.6,1.0,1
385,441,3223,2017-03-21,0,2,0,1,0,0,30,0,0,0,0,0,30,0,0,0,0,0,0,0,45.0,39.0,10.0,4.6,1.0,1
385,441,3223,2017-03-21,1,1,0,0,0,0,30,0,0,0,0,0,30,0,0,0,0,0,0,0,44.1,42.0,10.0,4.6,1.0,1
385,441,3223,2017-03-21,1,2,0,0,0,0,30,0,0,0,0,0,30,0,0,0,0,0,0,0,44.1,42.0,10.0,4.6,1.0,1
385,441,3223,2017-03-21,2,1,0,0,0,0,30,0,0,0,0,0,30,0,0,0,0,0,0,0,43.0,45.0,10.0,3.5,1.0,1
385,441,3223,2017-03-21,2,2,0,0,0,0,30,0,0,0,0,0,30,0,0,0,0,0,0,0,43.0,45.0,10.0,3.5,1.0,1
385,441,3223,2017-03-21,3,1,0,0,0,0,30,0,0,0,0,0,30,0,0,0,0,0,0,0,43.0,43.0,10.0,4.6,1.0,1
385,441,3223,2017-03-21,3,2,0,0,0,0,30,0,0,0,0,0,30,0,0,0,0,0,0,0,43.0,43.0,10.0,4.6,1.0,1
385,441,3223,2017-03-21,4,1,0,0,0,0,30,0,0,0,0,0,30,0,0,0,0,0,0,0,43.0,45.0,10.0,4.6,1.0,1
385,441,3223,2017-03-21,4,2,0,0,0,0,30,0,0,0,0,0,30,0,0,0,0,0,0,0,43.0,45.0,10.0,4.6,1.0,1
385,441,3223,2017-03-21,5,1,0,0,0,0,30,0,0,0,0,0,30,0,0,0,0,0,0,0,43.0,47.0,10.0,4.6,1.0,1
385,441,3223,2017-03-21,5,2,1,0,0,0,10,20,0,0,0,0,30,0,0,0,0,0,0,0,43.0,47.0,10.0,4.6,1.0,1
385,441,3223,2017-03-21,6,1,4,2,0,0,0,30,0,0,0,0,30,0,0,0,0,0,0,0,43.0,47.0,10.0,4.6,1.0,1
385,441,3223,2017-03-21,6,2,1,1,0,0,3,0,27,0,0,0,30,0,0,0,0,0,0,0,43.0,47.0,10.0,4.6,1.0,1
385,441,3223,2017-03-21,7,1,1,5,18,0,1,0,11,0,0,0,30,0,0,0,0,0,0,0,43.0,45.0,10.0,4.6,1.0,1
385,441,3223,2017-03-21,7,2,6,3,0,0,30,0,0,0,0,0,30,0,0,0,0,0,0,0,43.0,45.0,10.0,4.6,1.0,1
385,441,3223,2017-03-21,8,1,0,2,12,0,3,0,15,0,0,0,30,0,0,0,0,0,0,0,44.1,40.0,10.0,5.8,1.0,1
385,441,3223,2017-03-21,8,2,3,1,11,0,0,0,19,0,0,0,30,0,0,0,0,0,0,0,44.1,40.0,10.0,5.8,1.0,1
385,441,3223,2017-03-21,9,1,1,2,10,0,0,0,20,0,0,0,30,0,0,0,0,0,0,0,46.0,39.0,10.0,3.5,1.0,1
385,441,3223,2017-03-21,9,2,1,4,24,0,0,0,6,0,0,0,30,0,0,0,0,0,0,0,46.0,39.0,10.0,3.5,1.0,1
385,441,3223,2017-03-21,10,1,1,1,30,0,0,0,0,0,0,0,30,0,0,0,0,0,0,0,48.0,39.0,10.0,3.5,1.0,1
385,441,3223,2017-03-21,10,2,5,1,30,0,0,0,0,0,0,0,30,0,0,0,0,0,0,0,48.0,39.0,10.0,3.5,1.0,1
385,441,3223,2017-03-21,11,1,1,1,11,0,0,0,19,0,0,0,30,0,0,0,0,0,0,0,48.9,39.0,10.0,3.5,1.0,1
385,441,3223,2017-03-21,11,2,1,4,20,0,0,0,10,0,0,0,30,0,0,0,0,0,0,0,48.9,39.0,10.0,3.5,1.0,1
385,441,3223,2017-03-21,12,1,2,0,2,0,22,6,0,0,0,0,30,0,0,0,0,0,0,0,50.0,38.0,10.0,6.9,1.0,1
385,441,3223,2017-03-21,12,2,2,4,2,0,28,0,0,0,0,0,30,0,0,0,0,0,0,0,50.0,38.0,10.0,6.9,1.0,1
385,441,3223,2017-03-21,13,1,1,3,26,0,4,0,0,0,0,0,30,0,0,0,0,0,0,0,52.0,35.0,10.0,5.8,1.0,1
385,441,3223,2017-03-21,13,2,2,2,30,0,0,0,0,0,0,0,30,0,0,0,0,0,0,0,52.0,35.0,10.0,5.8,1.0,1
385,441,3223,2017-03-21,14,1,2,2,30,0,0,0,0,0,0,0,30,0,0,0,0,0,0,0,57.0,34.0,10.0,4.6,1.0,1
385,441,3223,2017-03-21,14,2,4,2,30,0,0,0,0,0,0,0,30,0,0,0,0,0,0,0,57.0,34.0,10.0,4.6,1.0,1
385,441,3223,2017-03-21,15,1,2,3,30,0,0,0,0,0,0,0,30,0,0,0,0,0,0,0,57.9,35.0,10.0,4.6,1.0,1
385,441,3223,2017-03-21,15,2,1,2,30,0,0,0,0,0,0,0,30,0,0,0,0,0,0,0,57.9,35.0,10.0,4.6,1.0,1
385,441,3223,2017-03-21,16,1,3,3,30,0,0,0,0,0,0,0,30,0,0,0,0,0,0,0,57.9,36.0,10.0,4.6,1.0,1
385,441,3223,2017-03-21,16,2,4,2,23,0,0,0,7,0,0,0,30,0,0,0,0,0,0,0,57.9,36.0,10.0,4.6,1.0,1
385,441,3223,2017-03-21,17,1,0,9,30,0,0,0,0,0,0,0,30,0,0,0,0,0,0,0,57.9,35.0,10.0,9.2,1.0,1
385,441,3223,2017-03-21,17,2,6,10,30,0,0,0,0,0,0,0,30,0,0,0,0,0,0,0,57.9,35.0,10.0,9.2,1.0,1
385,441,3223,2017-03-21,18,1,17,8,13,17,0,0,0,0,0,0,30,0,0,0,0,0,0,0,57.0,36.0,10.0,5.8,1.0,1
385,441,3223,2017-03-21,18,2,10,6,15,12,0,0,3,0,0,0,30,0,0,0,0,0,0,0,57.0,36.0,10.0,5.8,1.0,1
385,441,3223,2017-03-21,19,1,5,3,3,25,0,0,2,0,0,0,30,0,0,0,0,0,0,0,55.0,31.0,10.0,9.2,1.0,1
385,441,3223,2017-03-21,19,2,1,5,3,8,6,6,7,0,0,0,30,0,0,0,0,0,0,0,55.0,31.0,10.0,9.2,1.0,1
385,441,3223,2017-03-21,20,1,6,4,0,0,13,17,0,0,0,0,30,0,0,0,0,0,0,0,55.0,33.0,10.0,4.6,1.0,1
385,441,3223,2017-03-21,20,2,0,2,0,8,0,22,0,0,0,0,30,0,0,0,0,0,0,0,55.0,33.0,10.0,4.6,1.0,1
385,441,3223,2017-03-21,21,1,2,1,0,30,0,0,0,0,0,0,30,0,0,0,0,0,0,0,55.0,34.0,10.0,4.6,1.0,1
385,441,3223,2017-03-21,21,2,1,1,1,22,7,0,0,0,0,0,30,0,0,0,0,0,0,0,55.0,34.0,10.0,4.6,1.0,1
385,441,3223,2017-03-21,22,1,0,1,21,0,9,0,0,0,0,0,30,0,0,0,0,0,0,0,53.1,38.0,10.0,8.099999999999998,1.0,1
385,441,3223,2017-03-21,22,2,0,0,21,0,9,0,0,0,0,0,30,0,0,0,0,0,0,0,53.1,38.0,10.0,8.099999999999998,1.0,1
385,441,3223,2017-03-21,23,1,1,0,27,0,3,0,0,0,0,0,30,0,0,0,0,0,0,0,51.1,35.0,10.0,3.5,1.0,1
385,441,3223,2017-03-21,23,2,0,0,30,0,0,0,0,0,0,0,30,0,0,0,0,0,0,0,51.1,35.0,10.0,3.5,1.0,1
385,441,3223,2017-03-22,0,1,0,0,29,0,0,0,1,0,0,0,30,0,0,0,0,0,0,0,50.0,29.0,10.0,6.9,1.0,2
385,441,3223,2017-03-22,0,2,1,1,6,0,0,0,24,0,0,0,30,0,0,0,0,0,0,0,50.0,29.0,10.0,6.9,1.0,2
385,441,3223,2017-03-22,1,1,0,0,0,0,4,0,26,0,0,0,30,0,0,0,0,0,0,0,48.0,30.0,10.0,3.5,1.0,2
385,441,3223,2017-03-22,1,2,0,0,0,0,30,0,0,0,0,0,30,0,0,0,0,0,0,0,48.0,30.0,10.0,3.5,1.0,2
385,441,3223,2017-03-22,2,1,0,0,0,0,30,0,0,0,0,0,30,0,0,0,0,0,0,0,48.0,32.0,10.0,4.6,1.0,2
385,441,3223,2017-03-22,2,2,0,0,0,0,30,0,0,0,0,0,30,0,0,0,0,0,0,0,48.0,32.0,10.0,4.6,1.0,2
385,441,3223,2017-03-22,3,1,0,0,0,0,30,0,0,0,0,0,30,0,0,0,0,0,0,0,44.1,43.0,10.0,5.8,1.0,2
385,441,3223,2017-03-22,3,2,0,0,0,0,30,0,0,0,0,0,30,0,0,0,0,0,0,0,44.1,43.0,10.0,5.8,1.0,2
385,441,3223,2017-03-22,4,1,0,0,0,0,30,0,0,0,0,0,30,0,0,0,0,0,0,0,43.0,45.0,10.0,13.8,1.0,2
385,441,3223,2017-03-22,4,2,0,0,0,0,30,0,0,0,0,0,30,0,0,0,0,0,0,0,43.0,45.0,10.0,13.8,1.0,2
385,441,3223,2017-03-22,5,1,0,0,0,0,30,0,0,0,0,0,30,0,0,0,0,0,0,0,39.9,41.0,10.0,10.4,1.0,2
385,441,3223,2017-03-22,5,2,1,0,0,0,30,0,0,0,0,0,30,0,0,0,0,0,0,0,39.9,41.0,10.0,10.4,1.0,2
385,441,3223,2017-03-22,6,1,0,1,0,0,30,0,0,0,0,0,30,0,0,0,0,0,0,0,39.0,43.0,10.0,15.0,1.0,2
385,441,3223,2017-03-22,6,2,3,2,8,0,22,0,0,0,0,0,30,0,0,0,0,0,0,0,39.0,43.0,10.0,15.0,1.0,2
385,441,3223,2017-03-22,7,1,1,3,30,0,0,0,0,0,0,0,30,0,0,0,0,0,0,0,36.0,44.0,10.0,10.4,1.0,2
385,441,3223,2017-03-22,7,2,4,0,10,0,15,0,5,0,0,0,30,0,0,0,0,0,0,0,36.0,44.0,10.0,10.4,1.0,2
385,441,3223,2017-03-22,8,1,4,5,14,0,9,0,7,0,0,0,30,0,0,0,0,0,0,0,36.0,39.0,10.0,15.0,1.0,2
385,441,3223,2017-03-22,8,2,1,1,7,0,0,0,23,0,0,0,30,0,0,0,0,0,0,0,36.0,39.0,10.0,15.0,1.0,2
385,441,3223,2017-03-22,9,1,3,4,21,0,0,0,9,0,0,0,30,0,0,0,0,0,0,0,35.1,40.0,10.0,13.8,1.0,2
385,441,3223,2017-03-22,9,2,2,1,21,0,0,0,9,0,0,0,24,6,0,0,0,0,0,0,35.1,40.0,10.0,13.8,1.0,2
385,441,3223,2017-03-22,10,1,1,5,30,0,0,0,0,0,0,0,0,30,0,0,0,0,0,0,33.1,34.0,10.0,16.1,1.0,2
385,441,3223,2017-03-22,10,2,1,6,30,0,0,0,0,0,0,0,0,30,0,0,0,0,0,0,33.1,34.0,10.0,16.1,1.0,2
385,441,3223,2017-03-22,11,1,3,4,30,0,0,0,0,0,0,0,6,24,0,0,0,0,0,0,33.1,29.0,10.0,13.8,1.0,2
385,441,3223,2017-03-22,11,2,1,3,30,0,0,0,0,0,0,0,8,22,0,0,0,0,0,0,33.1,29.0,10.0,13.8,1.0,2
385,441,3223,2017-03-22,12,1,3,4,17,0,13,0,0,0,0,0,30,0,0,0,0,0,0,0,34.0,26.0,10.0,12.7,1.0,2
385,441,3223,2017-03-22,12,2,1,0,10,0,20,0,0,0,0,0,30,0,0,0,0,0,0,0,34.0,26.0,10.0,12.7,1.0,2
385,441,3223,2017-03-22,13,1,1,1,30,0,0,0,0,0,0,0,11,19,0,0,0,0,0,0,32.0,22.0,10.0,10.4,1.0,2
385,441,3223,2017-03-22,13,2,4,0,30,0,0,0,0,0,0,0,6,24,0,0,0,0,0,0,32.0,22.0,10.0,10.4,1.0,2
385,441,3223,2017-03-22,14,1,0,4,30,0,0,0,0,0,0,0,19,11,0,0,0,0,0,0,33.1,19.0,10.0,20.7,1.0,2
385,441,3223,2017-03-22,14,2,1,0,30,0,0,0,0,0,0,0,21,9,0,0,0,0,0,0,33.1,19.0,10.0,20.7,1.0,2
385,441,3223,2017-03-22,15,1,1,2,30,0,0,0,0,0,0,0,30,0,0,0,0,0,0,0,32.0,20.0,10.0,9.2,1.0,2
385,441,3223,2017-03-22,15,2,1,1,30,0,0,0,0,0,0,0,30,0,0,0,0,0,0,0,32.0,20.0,10.0,9.2,1.0,2
385,441,3223,2017-03-22,16,1,2,1,30,0,0,0,0,0,0,0,30,0,0,0,0,0,0,0,32.0,23.0,10.0,13.8,1.0,2
385,441,3223,2017-03-22,16,2,0,0,30,0,0,0,0,0,0,0,30,0,0,0,0,0,0,0,32.0,23.0,10.0,13.8,1.0,2
385,441,3223,2017-03-22,17,1,2,4,30,0,0,0,0,0,0,0,30,0,0,0,0,0,0,0,30.9,23.0,10.0,19.6,1.0,2
385,441,3223,2017-03-22,17,2,2,4,30,0,0,0,0,0,0,0,30,0,0,0,0,0,0,0,30.9,23.0,10.0,19.6,1.0,2
385,441,3223,2017-03-22,18,1,2,9,30,0,0,0,0,0,0,0,30,0,0,0,0,0,0,0,30.0,22.0,10.0,11.5,1.0,2
385,441,3223,2017-03-22,18,2,1,3,30,0,0,0,0,0,0,0,30,0,0,0,0,0,0,0,30.0,22.0,10.0,11.5,1.0,2
385,441,3223,2017-03-22,19,1,4,6,30,0,0,0,0,0,0,0,30,0,0,0,0,0,0,0,28.9,23.0,10.0,12.7,1.0,2
385,441,3223,2017-03-22,19,2,1,1,30,0,0,0,0,0,0,0,3,0,0,0,27,0,0,0,28.9,23.0,10.0,12.7,1.0,2
385,441,3223,2017-03-22,20,1,1,1,30,0,0,0,0,0,0,0,9,0,0,0,21,0,0,0,28.0,24.0,10.0,4.6,1.0,2
385,441,3223,2017-03-22,20,2,0,0,30,0,0,0,0,0,0,0,0,0,0,0,30,0,0,0,28.0,24.0,10.0,4.6,1.0,2
385,441,3223,2017-03-22,21,1,2,1,30,0,0,0,0,0,0,0,24,0,0,0,6,0,0,0,26.1,27.0,10.0,6.9,1.0,2
385,441,3223,2017-03-22,21,2,0,1,30,0,0,0,0,0,0,0,6,0,0,0,24,0,0,0,26.1,27.0,10.0,6.9,1.0,2
385,441,3223,2017-03-22,22,1,2,1,30,0,0,0,0,0,0,0,24,0,0,0,6,0,0,0,25.0,33.0,10.0,10.4,1.0,2
385,441,3223,2017-03-22,22,2,0,1,30,0,0,0,0,0,0,0,5,0,0,0,25,0,0,0,25.0,33.0,10.0,10.4,1.0,2
385,441,3223,2017-03-22,23,1,1,0,30,0,0,0,0,0,0,0,30,0,0,0,0,0,0,0,24.1,32.0,10.0,9.2,1.0,2
385,441,3223,2017-03-22,23,2,1,0,30,0,0,0,0,0,0,0,30,0,0,0,0,0,0,0,24.1,32.0,10.0,9.2,1.0,2
385,441,3223,2017-03-23,0,1,0,0,30,0,0,0,0,0,0,0,30,0,0,0,0,0,0,0,24.1,35.0,10.0,6.9,1.0,3
385,441,3223,2017-03-23,0,2,1,0,30,0,0,0,0,0,0,0,30,0,0,0,0,0,0,0,24.1,35.0,10.0,6.9,1.0,3
385,441,3223,2017-03-23,1,1,0,0,30,0,0,0,0,0,0,0,30,0,0,0,0,0,0,0,23.0,42.0,10.0,6.9,1.0,3
385,441,3223,2017-03-23,1,2,0,0,30,0,0,0,0,0,0,0,30,0,0,0,0,0,0,0,23.0,42.0,10.0,6.9,1.0,3
385,441,3223,2017-03-23,2,1,0,0,30,0,0,0,0,0,0,0,30,0,0,0,0,0,0,0,23.0,44.0,10.0,3.5,1.0,3
385,441,3223,2017-03-23,2,2,0,0,30,0,0,0,0,0,0,0,30,0,0,0,0,0,0,0,23.0,44.0,10.0,3.5,1.0,3
385,441,3223,2017-03-23,3,1,0,0,30,0,0,0,0,0,0,0,30,0,0,0,0,0,0,0,23.0,46.0,10.0,6.9,1.0,3
385,441,3223,2017-03-23,3,2,0,0,30,0,0,0,0,0,0,0,30,0,0,0,0,0,0,0,23.0,46.0,10.0,6.9,1.0,3
385,441,3223,2017-03-23,4,1,0,0,30,0,0,0,0,0,0,0,30,0,0,0,0,0,0,0,23.0,48.0,10.0,5.8,1.0,3
385,441,3223,2017-03-23,4,2,0,0,30,0,0,0,0,0,0,0,30,0,0,0,0,0,0,0,23.0,48.0,10.0,5.8,1.0,3
385,441,3223,2017-03-23,5,1,0,0,30,0,0,0,0,0,0,0,30,0,0,0,0,0,0,0,23.0,50.0,10.0,5.8,1.0,3
385,441,3223,2017-03-23,5,2,1,0,30,0,0,0,0,0,0,0,30,0,0,0,0,0,0,0,23.0,50.0,10.0,5.8,1.0,3
385,441,3223,2017-03-23,6,1,2,3,30,0,0,0,0,0,0,0,30,0,0,0,0,0,0,0,23.0,48.0,10.0,8.099999999999998,1.0,3
385,441,3223,2017-03-23,6,2,2,0,30,0,0,0,0,0,0,0,30,0,0,0,0,0,0,0,23.0,48.0,10.0,8.099999999999998,1.0,3
385,441,3223,2017-03-23,7,1,1,2,30,0,0,0,0,0,0,0,30,0,0,0,0,0,0,0,24.1,46.0,10.0,3.5,1.0,3
385,441,3223,2017-03-23,7,2,6,1,30,0,0,0,0,0,0,0,30,0,0,0,0,0,0,0,24.1,46.0,10.0,3.5,1.0,3
385,441,3223,2017-03-23,8,1,6,4,30,0,0,0,0,0,0,0,30,0,0,0,0,0,0,0,25.0,43.0,10.0,8.099999999999998,1.0,3
385,441,3223,2017-03-23,8,2,6,1,30,0,0,0,0,0,0,0,30,0,0,0,0,0,0,0,25.0,43.0,10.0,8.099999999999998,1.0,3
385,441,3223,2017-03-23,9,1,1,3,30,0,0,0,0,0,0,0,30,0,0,0,0,0,0,0,27.0,34.0,10.0,6.9,1.0,3
385,441,3223,2017-03-23,9,2,3,1,30,0,0,0,0,0,0,0,22,8,0,0,0,0,0,0,27.0,34.0,10.0,6.9,1.0,3
385,441,3223,2017-03-23,10,1,2,2,30,0,0,0,0,0,0,0,12,18,0,0,0,0,0,0,30.9,28.0,10.0,4.6,1.0,3
385,441,3223,2017-03-23,10,2,1,2,30,0,0,0,0,0,0,0,30,0,0,0,0,0,0,0,30.9,28.0,10.0,4.6,1.0,3
385,441,3223,2017-03-23,11,1,0,2,30,0,0,0,0,0,0,0,30,0,0,0,0,0,0,0,32.0,26.0,10.0,3.5,1.0,3
385,441,3223,2017-03-23,11,2,3,3,30,0,0,0,0,0,0,0,30,0,0,0,0,0,0,0,32.0,26.0,10.0,3.5,1.0,3
385,441,3223,2017-03-23,12,1,1,3,30,0,0,0,0,0,0,0,30,0,0,0,0,0,0,0,37.0,19.0,10.0,6.9,1.0,3
385,441,3223,2017-03-23,12,2,1,1,30,0,0,0,0,0,0,0,30,0,0,0,0,0,0,0,37.0,19.0,10.0,6.9,1.0,3
385,441,3223,2017-03-23,13,1,0,1,30,0,0,0,0,0,0,0,30,0,0,0,0,0,0,0,37.9,20.0,10.0,4.6,1.0,3
385,441,3223,2017-03-23,13,2,4,1,30,0,0,0,0,0,0,0,30,0,0,0,0,0,0,0,37.9,20.0,10.0,4.6,1.0,3
385,441,3223,2017-03-23,14,1,2,3,30,0,0,0,0,0,0,0,30,0,0,0,0,0,0,0,39.9,19.0,10.0,6.9,1.0,3
385,441,3223,2017-03-23,14,2,1,0,30,0,0,0,0,0,0,0,30,0,0,0,0,0,0,0,39.9,19.0,10.0,6.9,1.0,3
385,441,3223,2017-03-23,15,1,2,2,30,0,0,0,0,0,0,0,30,0,0,0,0,0,0,0,41.0,16.0,10.0,8.099999999999998,1.0,3
385,441,3223,2017-03-23,15,2,1,1,30,0,0,0,0,0,0,0,30,0,0,0,0,0,0,0,41.0,16.0,10.0,8.099999999999998,1.0,3
385,441,3223,2017-03-23,16,1,4,0,30,0,0,0,0,0,0,0,30,0,0,0,0,0,0,0,42.1,16.0,10.0,5.8,1.0,3
385,441,3223,2017-03-23,16,2,1,6,30,0,0,0,0,0,0,0,30,0,0,0,0,0,0,0,42.1,16.0,10.0,5.8,1.0,3
385,441,3223,2017-03-23,17,1,1,2,30,0,0,0,0,0,0,0,30,0,0,0,0,0,0,0,42.1,15.0,10.0,5.8,1.0,3
385,441,3223,2017-03-23,17,2,4,10,30,0,0,0,0,0,0,0,30,0,0,0,0,0,0,0,42.1,15.0,10.0,5.8,1.0,3
385,441,3223,2017-03-23,18,1,5,1,30,0,0,0,0,0,0,0,30,0,0,0,0,0,0,0,41.0,18.0,10.0,6.9,1.0,3
385,441,3223,2017-03-23,18,2,3,1,30,0,0,0,0,0,0,0,30,0,0,0,0,0,0,0,41.0,18.0,10.0,6.9,1.0,3
385,441,3223,2017-03-23,19,1,3,3,30,0,0,0,0,0,0,0,30,0,0,0,0,0,0,0,39.9,17.0,10.0,3.5,1.0,3
385,441,3223,2017-03-23,19,2,4,3,30,0,0,0,0,0,0,0,30,0,0,0,0,0,0,0,39.9,17.0,10.0,3.5,1.0,3
385,441,3223,2017-03-23,20,1,2,1,30,0,0,0,0,0,0,0,30,0,0,0,0,0,0,0,39.9,17.0,10.0,3.5,1.0,3
385,441,3223,2017-03-23,20,2,0,2,30,0,0,0,0,0,0,0,30,0,0,0,0,0,0,0,39.9,17.0,10.0,3.5,1.0,3
385,441,3223,2017-03-23,21,1,1,1,30,0,0,0,0,0,0,0,30,0,0,0,0,0,0,0,39.9,18.0,10.0,6.9,1.0,3
385,441,3223,2017-03-23,21,2,0,3,30,0,0,0,0,0,0,0,30,0,0,0,0,0,0,0,39.9,18.0,10.0,6.9,1.0,3
385,441,3223,2017-03-23,22,1,0,2,30,0,0,0,0,0,0,0,30,0,0,0,0,0,0,0,37.9,28.0,10.0,6.9,1.0,3
385,441,3223,2017-03-23,22,2,0,0,30,0,0,0,0,0,0,0,30,0,0,0,0,0,0,0,37.9,28.0,10.0,6.9,1.0,3
385,441,3223,2017-03-23,23,1,0,1,30,0,0,0,0,0,0,0,30,0,0,0,0,0,0,0,37.9,48.0,10.0,3.5,1.0,3
385,441,3223,2017-03-23,23,2,0,1,30,0,0,0,0,0,0,0,30,0,0,0,0,0,0,0,37.9,48.0,10.0,3.5,1.0,3
385,441,3223,2017-03-24,0,1,0,2,30,0,0,0,0,0,0,0,30,0,0,0,0,0,0,0,37.9,45.0,10.0,3.5,1.0,4
385,441,3223,2017-03-24,0,2,0,0,30,0,0,0,0,0,0,0,30,0,0,0,0,0,0,0,37.9,45.0,10.0,3.5,1.0,4
385,441,3223,2017-03-24,1,1,0,1,30,0,0,0,0,0,0,0,30,0,0,0,0,0,0,0,37.0,46.0,10.0,3.5,1.0,4
385,441,3223,2017-03-24,1,2,0,0,30,0,0,0,0,0,0,0,30,0,0,0,0,0,0,0,37.0,46.0,10.0,3.5,1.0,4
385,441,3223,2017-03-24,2,1,0,0,30,0,0,0,0,0,0,0,30,0,0,0,0,0,0,0,39.0,33.0,10.0,4.6,1.0,4
385,441,3223,2017-03-24,2,2,0,0,30,0,0,0,0,0,0,0,30,0,0,0,0,0,0,0,39.0,33.0,10.0,4.6,1.0,4
385,441,3223,2017-03-24,3,1,0,0,30,0,0,0,0,0,0,0,30,0,0,0,0,0,0,0,37.0,41.0,10.0,5.8,1.0,4
385,441,3223,2017-03-24,3,2,0,0,30,0,0,0,0,0,0,0,30,0,0,0,0,0,0,0,37.0,41.0,10.0,5.8,1.0,4
385,441,3223,2017-03-24,4,1,0,0,30,0,0,0,0,0,0,0,30,0,0,0,0,0,0,0,37.0,42.0,10.0,5.8,1.0,4
385,441,3223,2017-03-24,4,2,0,0,30,0,0,0,0,0,0,0,30,0,0,0,0,0,0,0,37.0,42.0,10.0,5.8,1.0,4
385,441,3223,2017-03-24,5,1,0,0,30,0,0,0,0,0,0,0,30,0,0,0,0,0,0,0,37.0,42.0,10.0,9.2,1.0,4
385,441,3223,2017-03-24,5,2,0,0,30,0,0,0,0,0,0,0,30,0,0,0,0,0,0,0,37.0,42.0,10.0,9.2,1.0,4
385,441,3223,2017-03-24,6,1,1,1,30,0,0,0,0,0,0,0,30,0,0,0,0,0,0,0,37.0,46.0,10.0,9.2,1.0,4
385,441,3223,2017-03-24,6,2,3,2,30,0,0,0,0,0,0,0,30,0,0,0,0,0,0,0,37.0,46.0,10.0,9.2,1.0,4
385,441,3223,2017-03-24,7,1,1,5,30,0,0,0,0,0,0,0,30,0,0,0,0,0,0,0,37.9,51.0,10.0,5.8,1.0,4
385,441,3223,2017-03-24,7,2,1,1,30,0,0,0,0,0,0,0,30,0,0,0,0,0,0,0,37.9,51.0,10.0,5.8,1.0,4
385,441,3223,2017-03-24,8,1,9,5,30,0,0,0,0,0,0,0,30,0,0,0,0,0,0,0,39.9,49.0,10.0,8.099999999999998,1.0,4
385,441,3223,2017-03-24,8,2,8,4,30,0,0,0,0,0,0,0,30,0,0,0,0,0,0,0,39.9,49.0,10.0,8.099999999999998,1.0,4
385,441,3223,2017-03-24,9,1,4,2,30,0,0,0,0,0,0,0,30,0,0,0,0,0,0,0,42.1,49.0,10.0,3.5,1.0,4
385,441,3223,2017-03-24,9,2,8,4,30,0,0,0,0,0,0,0,30,0,0,0,0,0,0,0,42.1,49.0,10.0,3.5,1.0,4
385,441,3223,2017-03-24,10,1,3,5,30,0,0,0,0,0,0,0,30,0,0,0,0,0,0,0,44.1,43.0,10.0,3.5,1.0,4
385,441,3223,2017-03-24,10,2,0,1,30,0,0,0,0,0,0,0,30,0,0,0,0,0,0,0,44.1,43.0,10.0,3.5,1.0,4
385,441,3223,2017-03-24,11,1,2,2,30,0,0,0,0,0,0,0,30,0,0,0,0,0,0,0,45.0,39.0,10.0,8.099999999999998,1.0,4
385,441,3223,2017-03-24,11,2,1,5,30,0,0,0,0,0,0,0,30,0,0,0,0,0,0,0,45.0,39.0,10.0,8.099999999999998,1.0,4
385,441,3223,2017-03-24,12,1,2,2,30,0,0,0,0,0,0,0,30,0,0,0,0,0,0,0,46.9,37.0,10.0,8.099999999999998,1.0,4
385,441,3223,2017-03-24,12,2,1,4,24,0,6,0,0,0,0,0,30,0,0,0,0,0,0,0,46.9,37.0,10.0,8.099999999999998,1.0,4
385,441,3223,2017-03-24,13,1,1,3,18,0,12,0,0,0,0,0,30,0,0,0,0,0,0,0,46.0,50.0,10.0,6.9,1.0,4
385,441,3223,2017-03-24,13,2,3,2,30,0,0,0,0,0,0,0,30,0,0,0,0,0,0,0,46.0,50.0,10.0,6.9,1.0,4
385,441,3223,2017-03-24,14,1,4,0,30,0,0,0,0,0,0,0,30,0,0,0,0,0,0,0,48.0,44.0,10.0,9.2,1.0,4
385,441,3223,2017-03-24,14,2,2,0,30,0,0,0,0,0,0,0,30,0,0,0,0,0,0,0,48.0,44.0,10.0,9.2,1.0,4
385,441,3223,2017-03-24,15,1,2,5,30,0,0,0,0,0,0,0,30,0,0,0,0,0,0,0,51.1,43.0,10.0,3.5,1.0,4
385,441,3223,2017-03-24,15,2,3,1,30,0,0,0,0,0,0,0,30,0,0,0,0,0,0,0,51.1,43.0,10.0,3.5,1.0,4
385,441,3223,2017-03-24,16,1,1,2,30,0,0,0,0,0,0,0,30,0,0,0,0,0,0,0,54.0,41.0,10.0,3.5,1.0,4
385,441,3223,2017-03-24,16,2,3,2,30,0,0,0,0,0,0,0,30,0,0,0,0,0,0,0,54.0,41.0,10.0,3.5,1.0,4
385,441,3223,2017-03-24,17,1,7,3,30,0,0,0,0,0,0,0,30,0,0,0,0,0,0,0,55.9,40.0,10.0,3.5,1.0,4
385,441,3223,2017-03-24,17,2,6,4,30,0,0,0,0,0,0,0,30,0,0,0,0,0,0,0,55.9,40.0,10.0,3.5,1.0,4
385,441,3223,2017-03-24,18,1,11,8,8,22,0,0,0,0,0,0,30,0,0,0,0,0,0,0,55.9,44.0,10.0,3.5,1.0,4
385,441,3223,2017-03-24,18,2,4,3,13,17,0,0,0,0,0,0,30,0,0,0,0,0,0,0,55.9,44.0,10.0,3.5,1.0,4
385,441,3223,2017-03-24,19,1,4,1,30,0,0,0,0,0,0,0,30,0,0,0,0,0,0,0,55.0,45.0,10.0,3.5,1.0,4
385,441,3223,2017-03-24,19,2,0,2,27,0,3,0,0,0,0,0,30,0,0,0,0,0,0,0,55.0,45.0,10.0,3.5,1.0,4
385,441,3223,2017-03-24,20,1,2,1,30,0,0,0,0,0,0,0,30,0,0,0,0,0,0,0,55.0,45.0,10.0,10.4,1.0,4
385,441,3223,2017-03-24,20,2,5,2,18,12,0,0,0,0,0,0,30,0,0,0,0,0,0,0,55.0,45.0,10.0,10.4,1.0,4
385,441,3223,2017-03-24,21,1,2,1,9,21,0,0,0,0,0,0,30,0,0,0,0,0,0,0,54.0,43.0,10.0,4.6,1.0,4
385,441,3223,2017-03-24,21,2,1,0,0,30,0,0,0,0,0,0,30,0,0,0,0,0,0,0,54.0,43.0,10.0,4.6,1.0,4
385,441,3223,2017-03-24,22,1,0,2,15,15,0,0,0,0,0,0,30,0,0,0,0,0,0,0,53.1,45.0,10.0,4.6,1.0,4
385,441,3223,2017-03-24,22,2,0,1,30,0,0,0,0,0,0,0,30,0,0,0,0,0,0,0,53.1,45.0,10.0,4.6,1.0,4
385,441,3223,2017-03-24,23,1,0,0,30,0,0,0,0,0,0,0,30,0,0,0,0,0,0,0,54.0,43.0,10.0,5.8,1.0,4
385,441,3223,2017-03-24,23,2,1,2,30,0,0,0,0,0,0,0,30,0,0,0,0,0,0,0,54.0,43.0,10.0,5.8,1.0,4
385,441,3223,2017-03-25,0,1,0,0,30,0,0,0,0,0,0,0,30,0,0,0,0,0,0,0,53.1,47.0,10.0,11.5,1.0,5
385,441,3223,2017-03-25,0,2,3,2,30,0,0,0,0,0,0,0,30,0,0,0,0,0,0,0,53.1,47.0,10.0,11.5,1.0,5
385,441,3223,2017-03-25,1,1,0,0,30,0,0,0,0,0,0,0,30,0,0,0,0,0,0,0,54.0,47.0,10.0,12.7,1.0,5
385,441,3223,2017-03-25,1,2,0,1,30,0,0,0,0,0,0,0,30,0,0,0,0,0,0,0,54.0,47.0,10.0,12.7,1.0,5
385,441,3223,2017-03-25,2,1,0,0,30,0,0,0,0,0,0,0,30,0,0,0,0,0,0,0,53.1,48.0,10.0,9.2,1.0,5
385,441,3223,2017-03-25,2,2,0,0,30,0,0,0,0,0,0,0,30,0,0,0,0,0,0,0,53.1,48.0,10.0,9.2,1.0,5
385,441,3223,2017-03-25,3,1,0,0,30,0,0,0,0,0,0,0,30,0,0,0,0,0,0,0,52.0,53.0,10.0,11.5,1.0,5
385,441,3223,2017-03-25,3,2,0,0,30,0,0,0,0,0,0,0,30,0,0,0,0,0,0,0,52.0,53.0,10.0,11.5,1.0,5
385,441,3223,2017-03-25,4,1,0,0,30,0,0,0,0,0,0,0,30,0,0,0,0,0,0,0,53.1,52.0,10.0,9.2,1.0,5
385,441,3223,2017-03-25,4,2,0,1,30,0,0,0,0,0,0,0,30,0,0,0,0,0,0,0,53.1,52.0,10.0,9.2,1.0,5
385,441,3223,2017-03-25,5,1,0,0,30,0,0,0,0,0,0,0,30,0,0,0,0,0,0,0,54.0,53.0,10.0,8.099999999999998,1.0,5
385,441,3223,2017-03-25,5,2,0,0,30,0,0,0,0,0,0,0,30,0,0,0,0,0,0,0,54.0,53.0,10.0,8.099999999999998,1.0,5
385,441,3223,2017-03-25,6,1,1,0,30,0,0,0,0,0,0,0,30,0,0,0,0,0,0,0,53.1,57.0,10.0,5.8,1.0,5
385,441,3223,2017-03-25,6,2,0,0,30,0,0,0,0,0,0,0,30,0,0,0,0,0,0,0,53.1,57.0,10.0,5.8,1.0,5
385,441,3223,2017-03-25,7,1,1,0,30,0,0,0,0,0,0,0,30,0,0,0,0,0,0,0,52.0,59.0,10.0,11.5,1.0,5
385,441,3223,2017-03-25,7,2,1,0,30,0,0,0,0,0,0,0,30,0,0,0,0,0,0,0,52.0,59.0,10.0,11.5,1.0,5
385,441,3223,2017-03-25,8,1,1,1,25,5,0,0,0,0,0,0,30,0,0,0,0,0,0,0,55.0,53.0,10.0,11.5,1.0,5
385,441,3223,2017-03-25,8,2,3,0,0,30,0,0,0,0,0,0,30,0,0,0,0,0,0,0,55.0,53.0,10.0,11.5,1.0,5
385,441,3223,2017-03-25,9,1,1,2,19,11,0,0,0,0,0,0,30,0,0,0,0,0,0,0,57.0,51.0,10.0,11.5,1.0,5
385,441,3223,2017-03-25,9,2,1,0,28,2,0,0,0,0,0,0,30,0,0,0,0,0,0,0,57.0,51.0,10.0,11.5,1.0,5
385,441,3223,2017-03-25,10,1,0,2,3,27,0,0,0,0,0,0,30,0,0,0,0,0,0,0,57.9,49.0,10.0,4.6,1.0,5
385,441,3223,2017-03-25,10,2,2,8,12,18,0,0,0,0,0,0,30,0,0,0,0,0,0,0,57.9,49.0,10.0,4.6,1.0,5
385,441,3223,2017-03-25,11,1,1,1,30,0,0,0,0,0,0,0,30,0,0,0,0,0,0,0,57.9,47.0,8.0,11.5,1.0,5
385,441,3223,2017-03-25,11,2,3,1,30,0,0,0,0,0,0,0,30,0,0,0,0,0,0,0,57.9,47.0,8.0,11.5,1.0,5
385,441,3223,2017-03-25,12,1,1,5,20,10,0,0,0,0,0,0,30,0,0,0,0,0,0,0,61.0,42.0,9.0,5.8,1.0,5
385,441,3223,2017-03-25,12,2,2,5,19,11,0,0,0,0,0,0,30,0,0,0,0,0,0,0,61.0,42.0,9.0,5.8,1.0,5
385,441,3223,2017-03-25,13,1,6,3,30,0,0,0,0,0,0,0,30,0,0,0,0,0,0,0,60.1,46.0,9.0,5.8,1.0,5
385,441,3223,2017-03-25,13,2,7,0,30,0,0,0,0,0,0,0,30,0,0,0,0,0,0,0,60.1,46.0,9.0,5.8,1.0,5
385,441,3223,2017-03-25,14,1,2,1,30,0,0,0,0,0,0,0,30,0,0,0,0,0,0,0,57.9,53.0,10.0,9.2,1.0,5
385,441,3223,2017-03-25,14,2,4,2,25,0,0,0,5,0,0,0,30,0,0,0,0,0,0,0,57.9,53.0,10.0,9.2,1.0,5
385,441,3223,2017-03-25,15,1,4,4,9,0,21,0,0,0,0,0,30,0,0,0,0,0,0,0,54.0,62.0,9.0,5.8,1.0,5
385,441,3223,2017-03-25,15,2,4,6,30,0,0,0,0,0,0,0,30,0,0,0,0,0,0,0,54.0,62.0,9.0,5.8,1.0,5
385,441,3223,2017-03-25,16,1,2,4,30,0,0,0,0,0,0,0,30,0,0,0,0,0,0,0,52.0,61.0,10.0,10.4,1.0,5
385,441,3223,2017-03-25,16,2,2,2,30,0,0,0,0,0,0,0,30,0,0,0,0,0,0,0,52.0,61.0,10.0,10.4,1.0,5
385,441,3223,2017-03-25,17,1,4,2,12,0,18,0,0,0,0,0,30,0,0,0,0,0,0,0,48.9,69.0,10.0,4.6,1.0,5
385,441,3223,2017-03-25,17,2,0,2,30,0,0,0,0,0,0,0,30,0,0,0,0,0,0,0,48.9,69.0,10.0,4.6,1.0,5
385,441,3223,2017-03-25,18,1,3,2,23,7,0,0,0,0,0,0,30,0,0,0,0,0,0,0,50.0,66.0,10.0,3.5,1.0,5
385,441,3223,2017-03-25,18,2,0,0,22,8,0,0,0,0,0,0,30,0,0,0,0,0,0,0,50.0,66.0,10.0,3.5,1.0,5
385,441,3223,2017-03-25,19,1,0,0,30,0,0,0,0,0,0,0,30,0,0,0,0,0,0,0,46.9,80.0,10.0,9.2,1.0,5
385,441,3223,2017-03-25,19,2,0,2,30,0,0,0,0,0,0,0,30,0,0,0,0,0,0,0,46.9,80.0,10.0,9.2,1.0,5
385,441,3223,2017-03-25,20,1,2,0,30,0,0,0,0,0,0,0,30,0,0,0,0,0,0,0,44.26666666666667,82.66666666666667,10.0,8.833333333333334,3.0,5
385,441,3223,2017-03-25,20,2,2,0,30,0,0,0,0,0,0,0,30,0,0,0,0,0,0,0,44.26666666666667,82.66666666666667,10.0,8.833333333333334,3.0,5
385,441,3223,2017-03-25,21,1,0,3,30,0,0,0,0,0,0,0,30,0,0,0,0,0,0,0,45.0,86.0,10.0,8.099999999999998,1.0,5
385,441,3223,2017-03-25,21,2,0,0,30,0,0,0,0,0,0,0,30,0,0,0,0,0,0,0,45.0,86.0,10.0,8.099999999999998,1.0,5
385,441,3223,2017-03-25,22,1,1,0,30,0,0,0,0,0,0,0,30,0,0,0,0,0,0,0,44.1,82.0,10.0,6.9,1.0,5
385,441,3223,2017-03-25,22,2,0,0,30,0,0,0,0,0,0,0,30,0,0,0,0,0,0,0,44.1,82.0,10.0,6.9,1.0,5
385,441,3223,2017-03-25,23,1,0,0,30,0,0,0,0,0,0,0,30,0,0,0,0,0,0,0,43.55,77.5,10.0,9.8,2.0,5
385,441,3223,2017-03-25,23,2,1,0,30,0,0,0,0,0,0,0,30,0,0,0,0,0,0,0,43.55,77.5,10.0,9.8,2.0,5
385,441,3223,2017-03-26,0,1,0,0,30,0,0,0,0,0,0,0,30,0,0,0,0,0,0,0,42.1,74.5,10.0,12.1,2.0,6
385,441,3223,2017-03-26,0,2,0,2,30,0,0,0,0,0,0,0,30,0,0,0,0,0,0,0,42.1,74.5,10.0,12.1,2.0,6
385,441,3223,2017-03-26,1,1,0,0,30,0,0,0,0,0,0,0,30,0,0,0,0,0,0,0,42.1,71.5,10.0,8.649999999999999,2.0,6
385,441,3223,2017-03-26,1,2,0,1,30,0,0,0,0,0,0,0,30,0,0,0,0,0,0,0,42.1,71.5,10.0,8.649999999999999,2.0,6
385,441,3223,2017-03-26,2,1,0,1,30,0,0,0,0,0,0,0,30,0,0,0,0,0,0,0,39.9,83.0,6.0,6.9,1.0,6
385,441,3223,2017-03-26,2,2,0,0,30,0,0,0,0,0,0,0,30,0,0,0,0,0,0,0,39.9,83.0,6.0,6.9,1.0,6
385,441,3223,2017-03-26,3,1,0,0,30,0,0,0,0,0,0,0,30,0,0,0,0,0,0,0,38.45,87.5,4.0,10.35,2.0,6
385,441,3223,2017-03-26,3,2,0,0,30,0,0,0,0,0,0,0,30,0,0,0,0,0,0,0,38.45,87.5,4.0,10.35,2.0,6
385,441,3223,2017-03-26,4,1,0,0,30,0,0,0,0,0,0,0,30,0,0,0,0,0,0,0,37.9,90.33333333333333,7.0,9.2,3.0,6
385,441,3223,2017-03-26,4,2,0,0,30,0,0,0,0,0,0,0,30,0,0,0,0,0,0,0,37.9,90.33333333333333,7.0,9.2,3.0,6
385,441,3223,2017-03-26,5,1,0,0,30,0,0,0,0,0,0,0,30,0,0,0,0,0,0,0,37.9,85.0,10.0,11.9,3.0,6
385,441,3223,2017-03-26,5,2,0,0,30,0,0,0,0,0,0,0,30,0,0,0,0,0,0,0,37.9,85.0,10.0,11.9,3.0,6
385,441,3223,2017-03-26,6,1,0,0,30,0,0,0,0,0,0,0,30,0,0,0,0,0,0,0,37.9,76.0,10.0,12.7,1.0,6
385,441,3223,2017-03-26,6,2,0,0,30,0,0,0,0,0,0,0,30,0,0,0,0,0,0,0,37.9,76.0,10.0,12.7,1.0,6
385,441,3223,2017-03-26,7,1,0,0,30,0,0,0,0,0,0,0,30,0,0,0,0,0,0,0,37.2,77.0,10.0,14.4,2.0,6
385,441,3223,2017-03-26,7,2,1,0,30,0,0,0,0,0,0,0,30,0,0,0,0,0,0,0,37.2,77.0,10.0,14.4,2.0,6
385,441,3223,2017-03-26,8,1,0,0,30,0,0,0,0,0,0,0,30,0,0,0,0,0,0,0,37.45,80.5,10.0,11.55,2.0,6
385,441,3223,2017-03-26,8,2,1,0,16,14,0,0,0,0,0,0,30,0,0,0,0,0,0,0,37.45,80.5,10.0,11.55,2.0,6
385,441,3223,2017-03-26,9,1,2,0,7,4,0,0,19,0,0,0,30,0,0,0,0,0,0,0,37.9,83.0,10.0,5.8,1.0,6
385,441,3223,2017-03-26,9,2,0,0,0,0,0,0,30,0,0,0,30,0,0,0,0,0,0,0,37.9,83.0,10.0,5.8,1.0,6
385,441,3223,2017-03-26,10,1,2,3,3,6,0,0,21,0,0,0,30,0,0,0,0,0,0,0,39.0,77.5,10.0,11.5,2.0,6
385,441,3223,2017-03-26,10,2,1,1,0,30,0,0,0,0,0,0,30,0,0,0,0,0,0,0,39.0,77.5,10.0,11.5,2.0,6
385,441,3223,2017-03-26,11,1,1,1,24,6,0,0,0,0,0,0,30,0,0,0,0,0,0,0,39.0,79.0,10.0,5.8,1.0,6
385,441,3223,2017-03-26,11,2,3,3,27,3,0,0,0,0,0,0,30,0,0,0,0,0,0,0,39.0,79.0,10.0,5.8,1.0,6
385,441,3223,2017-03-26,12,1,1,2,30,0,0,0,0,0,0,0,30,0,0,0,0,0,0,0,39.0,79.0,10.0,5.8,1.0,6
385,441,3223,2017-03-26,12,2,4,2,18,0,0,0,12,0,0,0,30,0,0,0,0,0,0,0,39.0,79.0,10.0,5.8,1.0,6
385,441,3223,2017-03-26,13,1,2,1,25,0,0,0,5,0,0,0,30,0,0,0,0,0,0,0,39.0,76.0,10.0,9.2,1.0,6
385,441,3223,2017-03-26,13,2,2,4,26,0,0,0,4,0,0,0,30,0,0,0,0,0,0,0,39.0,76.0,10.0,9.2,1.0,6
385,441,3223,2017-03-26,14,1,1,0,13,0,17,0,0,0,0,0,30,0,0,0,0,0,0,0,39.9,77.0,10.0,8.649999999999999,2.0,6
385,441,3223,2017-03-26,14,2,0,3,0,0,30,0,0,0,0,0,30,0,0,0,0,0,0,0,39.9,77.0,10.0,8.649999999999999,2.0,6
385,441,3223,2017-03-26,15,1,1,2,0,0,30,0,0,0,0,0,30,0,0,0,0,0,0,0,41.0,73.0,10.0,8.099999999999998,1.0,6
385,441,3223,2017-03-26,15,2,2,3,30,0,0,0,0,0,0,0,30,0,0,0,0,0,0,0,41.0,73.0,10.0,8.099999999999998,1.0,6
385,441,3223,2017-03-26,16,1,0,1,30,0,0,0,0,0,0,0,30,0,0,0,0,0,0,0,41.0,73.0,10.0,6.35,2.0,6
385,441,3223,2017-03-26,16,2,2,2,30,0,0,0,0,0,0,0,30,0,0,0,0,0,0,0,41.0,73.0,10.0,6.35,2.0,6
385,441,3223,2017-03-26,17,1,1,4,30,0,0,0,0,0,0,0,30,0,0,0,0,0,0,0,41.0,76.0,10.0,9.2,1.0,6
385,441,3223,2017-03-26,17,2,2,1,30,0,0,0,0,0,0,0,30,0,0,0,0,0,0,0,41.0,76.0,10.0,9.2,1.0,6
385,441,3223,2017-03-26,18,1,1,0,30,0,0,0,0,0,0,0,30,0,0,0,0,0,0,0,39.9,83.0,10.0,5.8,1.0,6
385,441,3223,2017-03-26,18,2,4,1,30,0,0,0,0,0,0,0,30,0,0,0,0,0,0,0,39.9,83.0,10.0,5.8,1.0,6
385,441,3223,2017-03-26,19,1,0,1,30,0,0,0,0,0,0,0,30,0,0,0,0,0,0,0,41.0,79.0,9.0,8.099999999999998,1.0,6
385,441,3223,2017-03-26,19,2,0,0,30,0,0,0,0,0,0,0,30,0,0,0,0,0,0,0,41.0,79.0,9.0,8.099999999999998,1.0,6
385,441,3223,2017-03-26,20,1,0,0,30,0,0,0,0,0,0,0,30,0,0,0,0,0,0,0,39.6,89.33333333333333,5.0,7.7,3.0,6
385,441,3223,2017-03-26,20,2,0,0,30,0,0,0,0,0,0,0,30,0,0,0,0,0,0,0,39.6,89.33333333333333,5.0,7.7,3.0,6
385,441,3223,2017-03-26,21,1,1,0,30,0,0,0,0,0,0,0,30,0,0,0,0,0,0,0,39.0,96.0,4.0,12.1,1.0,6
385,441,3223,2017-03-26,21,2,1,0,30,0,0,0,0,0,0,0,30,0,0,0,0,0,0,0,39.0,96.0,4.0,12.1,1.0,6
385,441,3223,2017-03-26,22,1,0,1,30,0,0,0,0,0,0,0,30,0,0,0,0,0,0,0,39.0,96.0,3.0,5.8,1.0,6
385,441,3223,2017-03-26,22,2,0,2,30,0,0,0,0,0,0,0,30,0,0,0,0,0,0,0,39.0,96.0,3.0,5.8,1.0,6
385,441,3223,2017-03-26,23,1,0,0,30,0,0,0,0,0,0,0,30,0,0,0,0,0,0,0,39.0,96.0,2.5,5.4,3.0,6
385,441,3223,2017-03-26,23,2,0,0,30,0,0,0,0,0,0,0,30,0,0,0,0,0,0,0,39.0,96.0,2.5,5.4,3.0,6
385,441,3223,2017-03-27,0,1,0,0,30,0,0,0,0,0,0,0,30,0,0,0,0,0,0,0,37.9,97.0,3.0,8.65,2.0,0
385,441,3223,2017-03-27,0,2,0,0,30,0,0,0,0,0,0,0,30,0,0,0,0,0,0,0,37.9,97.0,3.0,8.65,2.0,0
385,441,3223,2017-03-27,1,1,0,1,30,0,0,0,0,0,0,0,30,0,0,0,0,0,0,0,37.73333333333333,98.0,3.0,7.3,3.0,0
385,441,3223,2017-03-27,1,2,0,0,30,0,0,0,0,0,0,0,30,0,0,0,0,0,0,0,37.73333333333333,98.0,3.0,7.3,3.0,0
385,441,3223,2017-03-27,2,1,0,0,30,0,0,0,0,0,0,0,30,0,0,0,0,0,0,0,37.65,98.5,3.0,8.649999999999999,2.0,0
385,441,3223,2017-03-27,2,2,0,0,30,0,0,0,0,0,0,0,30,0,0,0,0,0,0,0,37.65,98.5,3.0,8.649999999999999,2.0,0
385,441,3223,2017-03-27,3,1,0,0,30,0,0,0,0,0,0,0,30,0,0,0,0,0,0,0,37.9,97.0,3.0,6.9,1.0,0
385,441,3223,2017-03-27,3,2,0,0,30,0,0,0,0,0,0,0,30,0,0,0,0,0,0,0,37.9,97.0,3.0,6.9,1.0,0
385,441,3223,2017-03-27,4,1,0,0,30,0,0,0,0,0,0,0,30,0,0,0,0,0,0,0,37.73333333333333,98.0,2.833333333333333,7.7,2.0,0
385,441,3223,2017-03-27,4,2,0,0,30,0,0,0,0,0,0,0,30,0,0,0,0,0,0,0,37.73333333333333,98.0,2.833333333333333,7.7,2.0,0
385,441,3223,2017-03-27,5,1,0,0,30,0,0,0,0,0,0,0,30,0,0,0,0,0,0,0,37.9,98.5,2.5,6.949999999999999,2.0,0
385,441,3223,2017-03-27,5,2,0,0,30,0,0,0,0,0,0,0,30,0,0,0,0,0,0,0,37.9,98.5,2.5,6.949999999999999,2.0,0
385,441,3223,2017-03-27,6,1,0,0,30,0,0,0,0,0,0,0,30,0,0,0,0,0,0,0,38.45,98.0,2.75,5.75,2.0,0
385,441,3223,2017-03-27,6,2,1,1,30,0,0,0,0,0,0,0,30,0,0,0,0,0,0,0,38.45,98.0,2.75,5.75,2.0,0
385,441,3223,2017-03-27,7,1,0,2,30,0,0,0,0,0,0,0,30,0,0,0,0,0,0,0,39.0,96.0,1.5,6.949999999999999,2.0,0
385,441,3223,2017-03-27,7,2,2,1,30,0,0,0,0,0,0,0,30,0,0,0,0,0,0,0,39.0,96.0,1.5,6.949999999999999,2.0,0
385,441,3223,2017-03-27,8,1,0,0,30,0,0,0,0,0,0,0,30,0,0,0,0,0,0,0,39.0,100.0,0.5,4.6,1.0,0
385,441,3223,2017-03-27,8,2,9,0,29,0,0,0,1,0,0,0,30,0,0,0,0,0,0,0,39.0,100.0,0.5,4.6,1.0,0
385,441,3223,2017-03-27,9,1,0,0,0,0,0,0,30,0,0,0,30,0,0,0,0,0,0,0,39.9,100.0,5.0,3.5,1.0,0
385,441,3223,2017-03-27,9,2,0,0,0,0,0,0,30,0,0,0,30,0,0,0,0,0,0,0,39.9,100.0,5.0,3.5,1.0,0
385,441,3223,2017-03-27,10,1,1,2,0,0,16,0,14,0,0,0,30,0,0,0,0,0,0,0,42.1,96.0,3.0,8.65,1.0,0
385,441,3223,2017-03-27,10,2,0,1,0,0,30,0,0,0,0,0,30,0,0,0,0,0,0,0,42.1,96.0,3.0,8.65,1.0,0
385,441,3223,2017-03-27,11,1,0,0,0,0,30,0,0,0,0,0,30,0,0,0,0,0,0,0,44.1,93.0,4.0,4.6,1.0,0
385,441,3223,2017-03-27,11,2,1,0,0,0,30,0,0,0,0,0,30,0,0,0,0,0,0,0,44.1,93.0,4.0,4.6,1.0,0
385,441,3223,2017-03-27,12,1,1,1,0,0,30,0,0,0,0,0,30,0,0,0,0,0,0,0,48.0,83.0,6.0,3.5,1.0,0
385,441,3223,2017-03-27,12,2,0,0,26,0,4,0,0,0,0,0,30,0,0,0,0,0,0,0,48.0,83.0,6.0,3.5,1.0,0
385,441,3223,2017-03-27,13,1,1,2,30,0,0,0,0,0,0,0,30,0,0,0,0,0,0,0,51.1,80.0,7.0,8.65,1.0,0
385,441,3223,2017-03-27,13,2,2,0,20,0,0,0,10,0,0,0,30,0,0,0,0,0,0,0,51.1,80.0,7.0,8.65,1.0,0
385,441,3223,2017-03-27,14,1,0,0,0,0,0,0,30,0,0,0,30,0,0,0,0,0,0,0,51.1,80.0,5.0,3.5,1.0,0
385,441,3223,2017-03-27,14,2,0,0,0,0,0,0,30,0,0,0,30,0,0,0,0,0,0,0,51.1,80.0,5.0,3.5,1.0,0
385,441,3223,2017-03-27,15,1,1,1,26,0,0,0,4,0,0,0,30,0,0,0,0,0,0,0,52.0,80.0,6.0,8.65,1.0,0
385,441,3223,2017-03-27,15,2,1,7,22,0,0,0,8,0,0,0,30,0,0,0,0,0,0,0,52.0,80.0,6.0,8.65,1.0,0
385,441,3223,2017-03-27,16,1,2,1,30,0,0,0,0,0,0,0,30,0,0,0,0,0,0,0,52.066666666666656,78.0,7.666666666666667,5.2,3.0,0
385,441,3223,2017-03-27,16,2,1,2,30,0,0,0,0,0,0,0,30,0,0,0,0,0,0,0,52.066666666666656,78.0,7.666666666666667,5.2,3.0,0
385,441,3223,2017-03-27,17,1,2,4,30,0,0,0,0,0,0,0,30,0,0,0,0,0,0,0,51.1,77.0,8.0,5.8,1.0,0
385,441,3223,2017-03-27,17,2,6,7,15,0,0,15,0,0,0,0,30,0,0,0,0,0,0,0,51.1,77.0,8.0,5.8,1.0,0
385,441,3223,2017-03-27,18,1,12,8,3,9,0,18,0,0,0,0,30,0,0,0,0,0,0,0,49.45,81.5,7.0,4.6,2.0,0
385,441,3223,2017-03-27,18,2,5,4,0,6,0,24,0,0,0,0,30,0,0,0,0,0,0,0,49.45,81.5,7.0,4.6,2.0,0
385,441,3223,2017-03-27,19,1,3,2,0,0,5,0,25,0,0,0,30,0,0,0,0,0,0,0,46.9,86.0,7.0,4.6,1.0,0
385,441,3223,2017-03-27,19,2,6,8,12,6,6,6,0,0,0,0,30,0,0,0,0,0,0,0,46.9,86.0,7.0,4.6,1.0,0
385,441,3223,2017-03-27,20,1,3,3,0,2,3,6,19,0,0,0,30,0,0,0,0,0,0,0,46.0,93.0,6.0,3.5,1.0,0
385,441,3223,2017-03-27,20,2,2,1,0,0,0,16,14,0,0,0,30,0,0,0,0,0,0,0,46.0,93.0,6.0,3.5,1.0,0
385,441,3223,2017-03-27,21,1,0,2,0,10,0,0,20,0,0,0,30,0,0,0,0,0,0,0,48.0,89.0,6.0,8.65,1.0,0
385,441,3223,2017-03-27,21,2,1,2,5,6,7,12,0,0,0,0,30,0,0,0,0,0,0,0,48.0,89.0,6.0,8.65,1.0,0
385,441,3223,2017-03-27,22,1,0,1,8,0,22,0,0,0,0,0,30,0,0,0,0,0,0,0,48.0,89.0,6.0,4.6,1.0,0
385,441,3223,2017-03-27,22,2,4,3,4,12,5,9,0,0,0,0,30,0,0,0,0,0,0,0,48.0,89.0,6.0,4.6,1.0,0
385,441,3223,2017-03-27,23,1,0,0,15,0,15,0,0,0,0,0,30,0,0,0,0,0,0,0,46.9,90.0,6.0,5.8,1.0,0
385,441,3223,2017-03-27,23,2,0,0,30,0,0,0,0,0,0,0,30,0,0,0,0,0,0,0,46.9,90.0,6.0,5.8,1.0,0
385,441,3223,2017-03-28,0,1,0,2,30,0,0,0,0,0,0,0,30,0,0,0,0,0,0,0,46.0,93.0,5.0,5.8,1.0,1
385,441,3223,2017-03-28,0,2,0,1,6,0,24,0,0,0,0,0,30,0,0,0,0,0,0,0,46.0,93.0,5.0,5.8,1.0,1
385,441,3223,2017-03-28,1,1,0,0,30,0,0,0,0,0,0,0,30,0,0,0,0,0,0,0,45.0,97.0,3.5,5.0,2.0,1
385,441,3223,2017-03-28,1,2,0,0,30,0,0,0,0,0,0,0,30,0,0,0,0,0,0,0,45.0,97.0,3.5,5.0,2.0,1
385,441,3223,2017-03-28,2,1,1,0,30,0,0,0,0,0,0,0,30,0,0,0,0,0,0,0,44.775,94.75,3.0,5.766666666666666,3.0,1
385,441,3223,2017-03-28,2,2,0,0,30,0,0,0,0,0,0,0,30,0,0,0,0,0,0,0,44.775,94.75,3.0,5.766666666666666,3.0,1
385,441,3223,2017-03-28,3,1,0,0,30,0,0,0,0,0,0,0,30,0,0,0,0,0,0,0,44.1,96.0,4.0,3.5,1.0,1
385,441,3223,2017-03-28,3,2,0,0,30,0,0,0,0,0,0,0,30,0,0,0,0,0,0,0,44.1,96.0,4.0,3.5,1.0,1
385,441,3223,2017-03-28,4,1,0,0,30,0,0,0,0,0,0,0,30,0,0,0,0,0,0,0,42.9,98.5,1.9,5.75,2.0,1
385,441,3223,2017-03-28,4,2,0,0,30,0,0,0,0,0,0,0,30,0,0,0,0,0,0,0,42.9,98.5,1.9,5.75,2.0,1
385,441,3223,2017-03-28,5,1,0,0,30,0,0,0,0,0,0,0,30,0,0,0,0,0,0,0,43.0,97.0,3.2,6.459999999999999,4.0,1
385,441,3223,2017-03-28,5,2,2,0,30,0,0,0,0,0,0,0,30,0,0,0,0,0,0,0,43.0,97.0,3.2,6.459999999999999,4.0,1
385,441,3223,2017-03-28,6,1,0,0,30,0,0,0,0,0,0,0,30,0,0,0,0,0,0,0,43.0,95.0,5.0,5.8,2.0,1
385,441,3223,2017-03-28,6,2,2,0,30,0,0,0,0,0,0,0,30,0,0,0,0,0,0,0,43.0,95.0,5.0,5.8,2.0,1
385,441,3223,2017-03-28,7,1,2,2,17,0,0,0,13,0,0,0,30,0,0,0,0,0,0,0,42.55,96.5,5.5,6.35,2.0,1
385,441,3223,2017-03-28,7,2,2,1,26,0,0,0,4,0,0,0,30,0,0,0,0,0,0,0,42.55,96.5,5.5,6.35,2.0,1
385,441,3223,2017-03-28,8,1,3,3,19,0,0,0,11,0,0,0,30,0,0,0,0,0,0,0,44.1,93.0,5.0,8.099999999999998,1.0,1
385,441,3223,2017-03-28,8,2,2,3,7,0,3,0,20,0,0,0,30,0,0,0,0,0,0,0,44.1,93.0,5.0,8.099999999999998,1.0,1
385,441,3223,2017-03-28,9,1,3,2,17,0,8,0,5,0,0,0,30,0,0,0,0,0,0,0,43.0,97.0,5.0,4.6,1.0,1
385,441,3223,2017-03-28,9,2,2,3,13,0,3,0,14,0,0,0,30,0,0,0,0,0,0,0,43.0,97.0,5.0,4.6,1.0,1
385,441,3223,2017-03-28,10,1,2,1,11,0,0,0,19,0,0,0,30,0,0,0,0,0,0,0,44.1,93.0,2.5,5.8,1.0,1
385,441,3223,2017-03-28,10,2,0,0,0,0,0,0,30,0,0,0,30,0,0,0,0,0,0,0,44.1,93.0,2.5,5.8,1.0,1
385,441,3223,2017-03-28,11,1,0,0,0,0,0,0,30,0,0,0,30,0,0,0,0,0,0,0,43.0,97.0,2.25,8.349999999999998,4.0,1
385,441,3223,2017-03-28,11,2,0,0,0,0,0,0,30,0,0,0,30,0,0,0,0,0,0,0,43.0,97.0,2.25,8.349999999999998,4.0,1
385,441,3223,2017-03-28,12,1,0,1,25,0,0,0,5,0,0,0,30,0,0,0,0,0,0,0,43.55,95.0,4.0,6.35,2.0,1
385,441,3223,2017-03-28,12,2,1,0,30,0,0,0,0,0,0,0,30,0,0,0,0,0,0,0,43.55,95.0,4.0,6.35,2.0,1
385,441,3223,2017-03-28,13,1,0,0,20,0,6,0,4,0,0,0,30,0,0,0,0,0,0,0,43.0,97.0,3.8333333333333335,6.166666666666667,3.0,1
385,441,3223,2017-03-28,13,2,0,2,19,0,0,0,11,0,0,0,30,0,0,0,0,0,0,0,43.0,97.0,3.8333333333333335,6.166666666666667,3.0,1
385,441,3223,2017-03-28,14,1,0,0,30,0,0,0,0,0,0,0,30,0,0,0,0,0,0,0,43.0,97.0,2.833333333333333,6.533333333333334,3.0,1
385,441,3223,2017-03-28,14,2,1,0,30,0,0,0,0,0,0,0,30,0,0,0,0,0,0,0,43.0,97.0,2.833333333333333,6.533333333333334,3.0,1
385,441,3223,2017-03-28,15,1,0,1,30,0,0,0,0,0,0,0,30,0,0,0,0,0,0,0,43.0,93.0,10.0,10.4,1.0,1
385,441,3223,2017-03-28,15,2,3,1,30,0,0,0,0,0,0,0,30,0,0,0,0,0,0,0,43.0,93.0,10.0,10.4,1.0,1
385,441,3223,2017-03-28,16,1,0,1,2,0,0,0,28,0,0,0,30,0,0,0,0,0,0,0,42.1,92.0,10.0,8.099999999999998,1.0,1
385,441,3223,2017-03-28,16,2,2,1,30,0,0,0,0,0,0,0,30,0,0,0,0,0,0,0,42.1,92.0,10.0,8.099999999999998,1.0,1
385,441,3223,2017-03-28,17,1,2,5,24,0,0,0,6,0,0,0,30,0,0,0,0,0,0,0,42.1,92.0,8.0,8.099999999999998,1.0,1
385,441,3223,2017-03-28,17,2,2,5,30,0,0,0,0,0,0,0,30,0,0,0,0,0,0,0,42.1,92.0,8.0,8.099999999999998,1.0,1
385,441,3223,2017-03-28,18,1,3,3,30,0,0,0,0,0,0,0,30,0,0,0,0,0,0,0,41.0,94.0,3.1,9.6,3.0,1
385,441,3223,2017-03-28,18,2,1,1,30,0,0,0,0,0,0,0,30,0,0,0,0,0,0,0,41.0,94.0,3.1,9.6,3.0,1
385,441,3223,2017-03-28,19,1,1,0,30,0,0,0,0,0,0,0,30,0,0,0,0,0,0,0,41.0,95.25,2.825,9.2,3.0,1
385,441,3223,2017-03-28,19,2,0,1,30,0,0,0,0,0,0,0,30,0,0,0,0,0,0,0,41.0,95.25,2.825,9.2,3.0,1
385,441,3223,2017-03-28,20,1,0,0,30,0,0,0,0,0,0,0,30,0,0,0,0,0,0,0,41.36666666666667,96.0,3.8333333333333335,7.333333333333333,3.0,1
385,441,3223,2017-03-28,20,2,1,2,30,0,0,0,0,0,0,0,30,0,0,0,0,0,0,0,41.36666666666667,96.0,3.8333333333333335,7.333333333333333,3.0,1
385,441,3223,2017-03-28,21,1,1,1,30,0,0,0,0,0,0,0,30,0,0,0,0,0,0,0,43.0,97.0,4.5,4.6,2.0,1
385,441,3223,2017-03-28,21,2,0,0,30,0,0,0,0,0,0,0,30,0,0,0,0,0,0,0,43.0,97.0,4.5,4.6,2.0,1
385,441,3223,2017-03-28,22,1,1,0,30,0,0,0,0,0,0,0,30,0,0,0,0,0,0,0,43.825,96.25,6.5,4.625,2.0,1
385,441,3223,2017-03-28,22,2,0,0,30,0,0,0,0,0,0,0,30,0,0,0,0,0,0,0,43.825,96.25,6.5,4.625,2.0,1
385,441,3223,2017-03-28,23,1,1,0,30,0,0,0,0,0,0,0,30,0,0,0,0,0,0,0,44.1,96.0,7.0,4.4,5.0,1
385,441,3223,2017-03-28,23,2,0,0,30,0,0,0,0,0,0,0,30,0,0,0,0,0,0,0,44.1,96.0,7.0,4.4,5.0,1
385,441,3223,2017-03-29,0,1,0,0,30,0,0,0,0,0,0,0,30,0,0,0,0,0,0,0,44.1,96.0,4.5,4.6,2.0,2
385,441,3223,2017-03-29,0,2,0,0,19,0,0,0,11,0,0,0,30,0,0,0,0,0,0,0,44.1,96.0,4.5,4.6,2.0,2
385,441,3223,2017-03-29,1,1,0,0,5,0,0,0,25,0,0,0,30,0,0,0,0,0,0,0,45.0,93.0,9.0,4.6,1.0,2
385,441,3223,2017-03-29,1,2,0,0,30,0,0,0,0,0,0,0,30,0,0,0,0,0,0,0,45.0,93.0,9.0,4.6,1.0,2
385,441,3223,2017-03-29,2,1,0,0,30,0,0,0,0,0,0,0,30,0,0,0,0,0,0,0,46.0,89.0,10.0,3.5,1.0,2
385,441,3223,2017-03-29,2,2,0,0,30,0,0,0,0,0,0,0,30,0,0,0,0,0,0,0,46.0,89.0,10.0,3.5,1.0,2
385,441,3223,2017-03-29,3,1,0,0,30,0,0,0,0,0,0,0,30,0,0,0,0,0,0,0,46.0,89.0,10.0,6.9,1.0,2
385,441,3223,2017-03-29,3,2,0,0,30,0,0,0,0,0,0,0,30,0,0,0,0,0,0,0,46.0,89.0,10.0,6.9,1.0,2
385,441,3223,2017-03-29,4,1,0,0,30,0,0,0,0,0,0,0,30,0,0,0,0,0,0,0,46.0,86.0,10.0,4.05,2.0,2
385,441,3223,2017-03-29,4,2,0,0,30,0,0,0,0,0,0,0,30,0,0,0,0,0,0,0,46.0,86.0,10.0,4.05,2.0,2
385,441,3223,2017-03-29,5,1,0,0,30,0,0,0,0,0,0,0,30,0,0,0,0,0,0,0,45.0,80.0,10.0,4.6,1.0,2
385,441,3223,2017-03-29,5,2,1,1,30,0,0,0,0,0,0,0,30,0,0,0,0,0,0,0,45.0,80.0,10.0,4.6,1.0,2
385,441,3223,2017-03-29,6,1,2,2,30,0,0,0,0,0,0,0,30,0,0,0,0,0,0,0,44.1,79.0,10.0,8.099999999999998,1.0,2
385,441,3223,2017-03-29,6,2,3,1,30,0,0,0,0,0,0,0,30,0,0,0,0,0,0,0,44.1,79.0,10.0,8.099999999999998,1.0,2
385,441,3223,2017-03-29,7,1,0,2,30,0,0,0,0,0,0,0,30,0,0,0,0,0,0,0,44.1,79.0,10.0,8.099999999999998,1.0,2
385,441,3223,2017-03-29,7,2,5,2,30,0,0,0,0,0,0,0,30,0,0,0,0,0,0,0,44.1,79.0,10.0,8.099999999999998,1.0,2
385,441,3223,2017-03-29,8,1,6,4,30,0,0,0,0,0,0,0,30,0,0,0,0,0,0,0,45.0,76.0,10.0,5.8,1.0,2
385,441,3223,2017-03-29,8,2,5,7,16,0,0,0,14,0,0,0,27,3,0,0,0,0,0,0,45.0,76.0,10.0,5.8,1.0,2
385,441,3223,2017-03-29,9,1,5,19,30,0,0,0,0,0,0,0,30,0,0,0,0,0,0,0,45.0,76.0,10.0,4.6,1.0,2
385,441,3223,2017-03-29,9,2,3,7,30,0,0,0,0,0,0,0,11,19,0,0,0,0,0,0,45.0,76.0,10.0,4.6,1.0,2
385,441,3223,2017-03-29,10,1,1,6,30,0,0,0,0,0,0,0,19,11,0,0,0,0,0,0,48.0,66.0,10.0,8.099999999999998,1.0,2
385,441,3223,2017-03-29,10,2,2,3,30,0,0,0,0,0,0,0,19,11,0,0,0,0,0,0,48.0,66.0,10.0,8.099999999999998,1.0,2
385,441,3223,2017-03-29,11,1,1,0,30,0,0,0,0,0,0,0,23,7,0,0,0,0,0,0,51.55,56.5,10.0,9.25,2.0,2
385,441,3223,2017-03-29,11,2,3,4,30,0,0,0,0,0,0,0,30,0,0,0,0,0,0,0,51.55,56.5,10.0,9.25,2.0,2
385,441,3223,2017-03-29,12,1,2,1,30,0,0,0,0,0,0,0,30,0,0,0,0,0,0,0,57.0,44.0,10.0,6.9,1.0,2
385,441,3223,2017-03-29,12,2,5,3,30,0,0,0,0,0,0,0,30,0,0,0,0,0,0,0,57.0,44.0,10.0,6.9,1.0,2
385,441,3223,2017-03-29,13,1,4,2,30,0,0,0,0,0,0,0,19,11,0,0,0,0,0,0,57.9,36.0,10.0,4.6,1.0,2
385,441,3223,2017-03-29,13,2,2,3,30,0,0,0,0,0,0,0,14,16,0,0,0,0,0,0,57.9,36.0,10.0,4.6,1.0,2
385,441,3223,2017-03-29,14,1,4,4,30,0,0,0,0,0,0,0,30,0,0,0,0,0,0,0,57.0,34.0,10.0,8.099999999999998,1.0,2
385,441,3223,2017-03-29,14,2,3,1,30,0,0,0,0,0,0,0,30,0,0,0,0,0,0,0,57.0,34.0,10.0,8.099999999999998,1.0,2
385,441,3223,2017-03-29,15,1,5,0,30,0,0,0,0,0,0,0,30,0,0,0,0,0,0,0,57.9,33.0,10.0,10.4,1.0,2
385,441,3223,2017-03-29,15,2,2,5,30,0,0,0,0,0,0,0,30,0,0,0,0,0,0,0,57.9,33.0,10.0,10.4,1.0,2
385,441,3223,2017-03-29,16,1,3,0,30,0,0,0,0,0,0,0,30,0,0,0,0,0,0,0,57.0,32.0,10.0,6.9,1.0,2
385,441,3223,2017-03-29,16,2,4,1,30,0,0,0,0,0,0,0,30,0,0,0,0,0,0,0,57.0,32.0,10.0,6.9,1.0,2
385,441,3223,2017-03-29,17,1,7,7,30,0,0,0,0,0,0,0,30,0,0,0,0,0,0,0,55.9,32.0,10.0,4.6,1.0,2
385,441,3223,2017-03-29,17,2,5,1,30,0,0,0,0,0,0,0,30,0,0,0,0,0,0,0,55.9,32.0,10.0,4.6,1.0,2
385,441,3223,2017-03-29,18,1,8,7,28,2,0,0,0,0,0,0,30,0,0,0,0,0,0,0,53.1,34.0,10.0,4.6,1.0,2
385,441,3223,2017-03-29,18,2,8,7,5,13,0,0,12,0,0,0,30,0,0,0,0,0,0,0,53.1,34.0,10.0,4.6,1.0,2
385,441,3223,2017-03-29,19,1,5,5,0,30,0,0,0,0,0,0,30,0,0,0,0,0,0,0,51.1,33.0,10.0,9.2,1.0,2
385,441,3223,2017-03-29,19,2,3,3,21,9,0,0,0,0,0,0,30,0,0,0,0,0,0,0,51.1,33.0,10.0,9.2,1.0,2
385,441,3223,2017-03-29,20,1,7,3,0,19,0,0,11,0,0,0,30,0,0,0,0,0,0,0,50.0,35.0,10.0,5.8,1.0,2
385,441,3223,2017-03-29,20,2,0,1,3,0,3,5,19,0,0,0,30,0,0,0,0,0,0,0,50.0,35.0,10.0,5.8,1.0,2
385,441,3223,2017-03-29,21,1,2,1,0,18,0,9,3,0,0,0,30,0,0,0,0,0,0,0,46.9,39.0,10.0,15.0,1.0,2
385,441,3223,2017-03-29,21,2,0,1,0,18,0,3,9,0,0,0,30,0,0,0,0,0,0,0,46.9,39.0,10.0,15.0,1.0,2
385,441,3223,2017-03-29,22,1,1,0,0,18,0,9,3,0,0,0,30,0,0,0,0,0,0,0,44.1,43.0,10.0,16.1,1.0,2
385,441,3223,2017-03-29,22,2,0,1,0,0,15,9,6,0,0,0,30,0,0,0,0,0,0,0,44.1,43.0,10.0,16.1,1.0,2
385,441,3223,2017-03-29,23,1,1,0,0,0,0,6,24,0,0,0,30,0,0,0,0,0,0,0,43.0,43.0,10.0,8.099999999999998,1.0,2
385,441,3223,2017-03-29,23,2,0,1,11,0,0,0,19,0,0,0,30,0,0,0,0,0,0,0,43.0,43.0,10.0,8.099999999999998,1.0,2
385,441,3223,2017-03-30,0,1,0,1,30,0,0,0,0,0,0,0,30,0,0,0,0,0,0,0,42.1,45.0,10.0,9.2,1.0,3
385,441,3223,2017-03-30,0,2,0,0,30,0,0,0,0,0,0,0,30,0,0,0,0,0,0,0,42.1,45.0,10.0,9.2,1.0,3
385,441,3223,2017-03-30,1,1,0,0,30,0,0,0,0,0,0,0,30,0,0,0,0,0,0,0,41.0,47.0,10.0,12.7,1.0,3
385,441,3223,2017-03-30,1,2,0,0,30,0,0,0,0,0,0,0,30,0,0,0,0,0,0,0,41.0,47.0,10.0,12.7,1.0,3
385,441,3223,2017-03-30,2,1,0,0,30,0,0,0,0,0,0,0,30,0,0,0,0,0,0,0,39.9,47.0,10.0,9.2,1.0,3
385,441,3223,2017-03-30,2,2,0,0,30,0,0,0,0,0,0,0,30,0,0,0,0,0,0,0,39.9,47.0,10.0,9.2,1.0,3
385,441,3223,2017-03-30,3,1,0,0,6,24,0,0,0,0,0,0,30,0,0,0,0,0,0,0,39.9,47.0,10.0,3.5,1.0,3
385,441,3223,2017-03-30,3,2,0,0,0,30,0,0,0,0,0,0,30,0,0,0,0,0,0,0,39.9,47.0,10.0,3.5,1.0,3
385,441,3223,2017-03-30,4,1,0,0,0,30,0,0,0,0,0,0,30,0,0,0,0,0,0,0,39.0,50.0,10.0,3.5,1.0,3
385,441,3223,2017-03-30,4,2,0,0,0,30,0,0,0,0,0,0,30,0,0,0,0,0,0,0,39.0,50.0,10.0,3.5,1.0,3
385,441,3223,2017-03-30,5,1,0,0,0,30,0,0,0,0,0,0,30,0,0,0,0,0,0,0,37.9,53.0,10.0,3.5,1.0,3
385,441,3223,2017-03-30,5,2,1,0,0,30,0,0,0,0,0,0,30,0,0,0,0,0,0,0,37.9,53.0,10.0,3.5,1.0,3
385,441,3223,2017-03-30,6,1,1,2,2,22,0,0,6,0,0,0,30,0,0,0,0,0,0,0,37.9,53.0,10.0,4.6,1.0,3
385,441,3223,2017-03-30,6,2,1,1,30,0,0,0,0,0,0,0,30,0,0,0,0,0,0,0,37.9,53.0,10.0,4.6,1.0,3
385,441,3223,2017-03-30,7,1,2,2,20,0,0,0,10,0,0,0,30,0,0,0,0,0,0,0,39.9,47.0,10.0,10.4,1.0,3
385,441,3223,2017-03-30,7,2,4,3,30,0,0,0,0,0,0,0,30,0,0,0,0,0,0,0,39.9,47.0,10.0,10.4,1.0,3
385,441,3223,2017-03-30,8,1,2,1,13,0,0,0,17,0,0,0,30,0,0,0,0,0,0,0,41.0,45.0,10.0,10.4,1.0,3
385,441,3223,2017-03-30,8,2,3,2,12,0,0,0,18,0,0,0,30,0,0,0,0,0,0,0,41.0,45.0,10.0,10.4,1.0,3
385,441,3223,2017-03-30,9,1,3,4,13,0,0,0,17,0,0,0,30,0,0,0,0,0,0,0,42.1,45.0,10.0,8.099999999999998,1.0,3
385,441,3223,2017-03-30,9,2,3,7,30,0,0,0,0,0,0,0,30,0,0,0,0,0,0,0,42.1,45.0,10.0,8.099999999999998,1.0,3
385,441,3223,2017-03-30,10,1,4,4,30,0,0,0,0,0,0,0,30,0,0,0,0,0,0,0,45.0,42.0,10.0,5.8,1.0,3
385,441,3223,2017-03-30,10,2,1,0,30,0,0,0,0,0,0,0,30,0,0,0,0,0,0,0,45.0,42.0,10.0,5.8,1.0,3
385,441,3223,2017-03-30,11,1,1,1,0,0,30,0,0,0,0,0,30,0,0,0,0,0,0,0,46.9,39.0,10.0,3.5,1.0,3
385,441,3223,2017-03-30,11,2,2,1,26,0,4,0,0,0,0,0,30,0,0,0,0,0,0,0,46.9,39.0,10.0,3.5,1.0,3
385,441,3223,2017-03-30,12,1,2,3,19,11,0,0,0,0,0,0,30,0,0,0,0,0,0,0,48.9,36.0,10.0,3.5,1.0,3
385,441,3223,2017-03-30,12,2,1,3,9,12,9,0,0,0,0,0,30,0,0,0,0,0,0,0,48.9,36.0,10.0,3.5,1.0,3
385,441,3223,2017-03-30,13,1,3,4,30,0,0,0,0,0,0,0,30,0,0,0,0,0,0,0,50.0,33.0,10.0,3.5,1.0,3
385,441,3223,2017-03-30,13,2,3,1,30,0,0,0,0,0,0,0,30,0,0,0,0,0,0,0,50.0,33.0,10.0,3.5,1.0,3
385,441,3223,2017-03-30,14,1,1,1,30,0,0,0,0,0,0,0,30,0,0,0,0,0,0,0,50.0,33.0,10.0,4.6,1.0,3
385,441,3223,2017-03-30,14,2,6,2,30,0,0,0,0,0,0,0,30,0,0,0,0,0,0,0,50.0,33.0,10.0,4.6,1.0,3
385,441,3223,2017-03-30,15,1,3,1,17,0,0,0,13,0,0,0,30,0,0,0,0,0,0,0,51.1,32.0,10.0,9.2,1.0,3
385,441,3223,2017-03-30,15,2,3,5,25,0,0,0,5,0,0,0,30,0,0,0,0,0,0,0,51.1,32.0,10.0,9.2,1.0,3
385,441,3223,2017-03-30,16,1,3,1,7,0,0,0,23,0,0,0,30,0,0,0,0,0,0,0,48.0,46.0,10.0,11.5,1.0,3
385,441,3223,2017-03-30,16,2,4,4,0,0,15,0,15,0,0,0,30,0,0,0,0,0,0,0,48.0,46.0,10.0,11.5,1.0,3
385,441,3223,2017-03-30,17,1,1,1,4,0,0,0,26,0,0,0,30,0,0,0,0,0,0,0,46.9,46.0,10.0,8.099999999999998,1.0,3
385,441,3223,2017-03-30,17,2,2,6,27,0,3,0,0,0,0,0,30,0,0,0,0,0,0,0,46.9,46.0,10.0,8.099999999999998,1.0,3
385,441,3223,2017-03-30,18,1,2,4,26,0,4,0,0,0,0,0,30,0,0,0,0,0,0,0,46.0,47.0,10.0,8.099999999999998,1.0,3
385,441,3223,2017-03-30,18,2,8,5,25,0,5,0,0,0,0,0,30,0,0,0,0,0,0,0,46.0,47.0,10.0,8.099999999999998,1.0,3
385,441,3223,2017-03-30,19,1,3,0,24,0,6,0,0,0,0,0,30,0,0,0,0,0,0,0,45.0,58.0,10.0,9.2,1.0,3
385,441,3223,2017-03-30,19,2,0,1,5,3,0,0,22,0,0,0,30,0,0,0,0,0,0,0,45.0,58.0,10.0,9.2,1.0,3
385,441,3223,2017-03-30,20,1,1,0,10,0,0,0,20,0,0,0,30,0,0,0,0,0,0,0,45.0,53.0,10.0,5.8,1.0,3
385,441,3223,2017-03-30,20,2,2,2,14,0,0,0,16,0,0,0,30,0,0,0,0,0,0,0,45.0,53.0,10.0,5.8,1.0,3
385,441,3223,2017-03-30,21,1,1,1,3,6,0,0,21,0,0,0,30,0,0,0,0,0,0,0,45.0,53.0,10.0,4.6,1.0,3
385,441,3223,2017-03-30,21,2,0,0,0,0,0,0,30,0,0,0,30,0,0,0,0,0,0,0,45.0,53.0,10.0,4.6,1.0,3
385,441,3223,2017-03-30,22,1,2,2,0,12,0,0,18,0,0,0,30,0,0,0,0,0,0,0,44.1,60.0,10.0,5.8,1.0,3
385,441,3223,2017-03-30,22,2,1,1,0,6,0,0,24,0,0,0,30,0,0,0,0,0,0,0,44.1,60.0,10.0,5.8,1.0,3
385,441,3223,2017-03-30,23,1,0,0,0,0,0,0,30,0,0,0,30,0,0,0,0,0,0,0,45.0,56.0,10.0,9.2,1.0,3
385,441,3223,2017-03-30,23,2,1,2,18,0,0,0,12,0,0,0,30,0,0,0,0,0,0,0,45.0,56.0,10.0,9.2,1.0,3
385,441,3223,2017-03-31,0,1,0,0,30,0,0,0,0,0,0,0,30,0,0,0,0,0,0,0,44.1,60.0,9.0,4.6,1.0,4
385,441,3223,2017-03-31,0,2,1,0,30,0,0,0,0,0,0,0,30,0,0,0,0,0,0,0,44.1,60.0,9.0,4.6,1.0,4
385,441,3223,2017-03-31,1,1,0,0,10,0,0,0,20,0,0,0,30,0,0,0,0,0,0,0,39.9,86.0,7.0,4.6,1.0,4
385,441,3223,2017-03-31,1,2,0,0,0,0,0,0,30,0,0,0,30,0,0,0,0,0,0,0,39.9,86.0,7.0,4.6,1.0,4
385,441,3223,2017-03-31,2,1,0,1,11,0,0,0,19,0,0,0,30,0,0,0,0,0,0,0,39.0,89.0,5.0,5.8,1.0,4
385,441,3223,2017-03-31,2,2,0,0,30,0,0,0,0,0,0,0,30,0,0,0,0,0,0,0,39.0,89.0,5.0,5.8,1.0,4
385,441,3223,2017-03-31,3,1,0,0,30,0,0,0,0,0,0,0,30,0,0,0,0,0,0,0,38.45,91.0,2.5,4.6,2.0,4
385,441,3223,2017-03-31,3,2,0,0,30,0,0,0,0,0,0,0,30,0,0,0,0,0,0,0,38.45,91.0,2.5,4.6,2.0,4
385,441,3223,2017-03-31,4,1,0,0,30,0,0,0,0,0,0,0,30,0,0,0,0,0,0,0,38.26666666666667,93.0,5.333333333333333,4.6,2.0,4
385,441,3223,2017-03-31,4,2,0,0,30,0,0,0,0,0,0,0,30,0,0,0,0,0,0,0,38.26666666666667,93.0,5.333333333333333,4.6,2.0,4
385,441,3223,2017-03-31,5,1,0,0,30,0,0,0,0,0,0,0,30,0,0,0,0,0,0,0,37.9,97.0,7.0,11.5,1.0,4
385,441,3223,2017-03-31,5,2,0,0,7,23,0,0,0,0,0,0,30,0,0,0,0,0,0,0,37.9,97.0,7.0,11.5,1.0,4
385,441,3223,2017-03-31,6,1,0,0,0,30,0,0,0,0,0,0,30,0,0,0,0,0,0,0,37.9,93.0,4.0,8.099999999999998,1.0,4
385,441,3223,2017-03-31,6,2,0,0,0,30,0,0,0,0,0,0,30,0,0,0,0,0,0,0,37.9,93.0,4.0,8.099999999999998,1.0,4
385,441,3223,2017-03-31,7,1,2,2,0,18,0,0,12,0,0,0,30,0,0,0,0,0,0,0,38.45,95.0,4.5,4.6,1.0,4
385,441,3223,2017-03-31,7,2,1,0,3,10,0,0,17,0,0,0,30,0,0,0,0,0,0,0,38.45,95.0,4.5,4.6,1.0,4
385,441,3223,2017-03-31,8,1,0,0,0,0,0,0,30,0,0,0,30,0,0,0,0,0,0,0,39.0,96.0,3.0,6.533333333333334,3.0,4
385,441,3223,2017-03-31,8,2,0,0,0,0,0,0,30,0,0,0,30,0,0,0,0,0,0,0,39.0,96.0,3.0,6.533333333333334,3.0,4
385,441,3223,2017-03-31,9,1,1,2,23,0,0,0,7,0,0,0,30,0,0,0,0,0,0,0,39.9,95.0,2.45,7.5,4.0,4
385,441,3223,2017-03-31,9,2,0,0,22,0,8,0,0,0,0,0,30,0,0,0,0,0,0,0,39.9,95.0,2.45,7.5,4.0,4
385,441,3223,2017-03-31,10,1,0,1,0,0,30,0,0,0,0,0,30,0,0,0,0,0,0,0,41.0,93.0,2.6666666666666665,6.533333333333334,3.0,4
385,441,3223,2017-03-31,10,2,0,0,0,0,30,0,0,0,0,0,30,0,0,0,0,0,0,0,41.0,93.0,2.6666666666666665,6.533333333333334,3.0,4
385,441,3223,2017-03-31,11,1,0,2,0,0,30,0,0,0,0,0,30,0,0,0,0,0,0,0,40.0,95.0,2.375,6.9,4.0,4
385,441,3223,2017-03-31,11,2,1,1,0,0,30,0,0,0,0,0,30,0,0,0,0,0,0,0,40.0,95.0,2.375,6.9,4.0,4
385,441,3223,2017-03-31,12,1,0,1,30,0,0,0,0,0,0,0,30,0,0,0,0,0,0,0,40.633333333333326,94.33333333333333,3.8333333333333335,9.23333333333333,3.0,4
385,441,3223,2017-03-31,12,2,0,0,23,0,0,0,7,0,0,0,30,0,0,0,0,0,0,0,40.633333333333326,94.33333333333333,3.8333333333333335,9.23333333333333,3.0,4
385,441,3223,2017-03-31,13,1,1,3,11,0,0,2,17,0,0,0,30,0,0,0,0,0,0,0,39.9,93.0,3.0,11.5,1.0,4
385,441,3223,2017-03-31,13,2,0,0,30,0,0,0,0,0,0,0,30,0,0,0,0,0,0,0,39.9,93.0,3.0,11.5,1.0,4
385,441,3223,2017-03-31,14,1,2,0,30,0,0,0,0,0,0,0,30,0,0,0,0,0,0,0,39.9,93.0,3.0,5.8,1.0,4
385,441,3223,2017-03-31,14,2,1,0,30,0,0,0,0,0,0,0,30,0,0,0,0,0,0,0,39.9,93.0,3.0,5.8,1.0,4
385,441,3223,2017-03-31,15,1,0,0,30,0,0,0,0,0,0,0,30,0,0,0,0,0,0,0,39.55,93.0,2.5,10.95,2.0,4
385,441,3223,2017-03-31,15,2,0,1,30,0,0,0,0,0,0,0,30,0,0,0,0,0,0,0,39.55,93.0,2.5,10.95,2.0,4
385,441,3223,2017-03-31,16,1,0,1,30,0,0,0,0,0,0,0,30,0,0,0,0,0,0,0,39.0,95.25,2.875,9.6,4.0,4
385,441,3223,2017-03-31,16,2,0,0,30,0,0,0,0,0,0,0,30,0,0,0,0,0,0,0,39.0,95.25,2.875,9.6,4.0,4
385,441,3223,2017-03-31,17,1,1,1,30,0,0,0,0,0,0,0,30,0,0,0,0,0,0,0,39.22,94.8,2.66,11.76,4.0,4
385,441,3223,2017-03-31,17,2,1,0,30,0,0,0,0,0,0,0,30,0,0,0,0,0,0,0,39.22,94.8,2.66,11.76,4.0,4
385,441,3223,2017-03-31,18,1,1,0,30,0,0,0,0,0,0,0,30,0,0,0,0,0,0,0,39.0,96.0,1.825,11.55,4.0,4
385,441,3223,2017-03-31,18,2,0,2,30,0,0,0,0,0,0,0,30,0,0,0,0,0,0,0,39.0,96.0,1.825,11.55,4.0,4
385,441,3223,2017-03-31,19,1,1,1,30,0,0,0,0,0,0,0,30,0,0,0,0,0,0,0,39.0,96.0,3.1666666666666665,11.933333333333332,3.0,4
385,441,3223,2017-03-31,19,2,1,0,30,0,0,0,0,0,0,0,30,0,0,0,0,0,0,0,39.0,96.0,3.1666666666666665,11.933333333333332,3.0,4
385,441,3223,2017-03-31,20,1,0,0,30,0,0,0,0,0,0,0,30,0,0,0,0,0,0,0,39.0,96.0,3.6666666666666665,11.9,2.0,4
385,441,3223,2017-03-31,20,2,0,1,30,0,0,0,0,0,0,0,30,0,0,0,0,0,0,0,39.0,96.0,3.6666666666666665,11.9,2.0,4
385,441,3223,2017-03-31,21,1,0,1,30,0,0,0,0,0,0,0,30,0,0,0,0,0,0,0,38.45,96.5,2.25,12.1,1.0,4
385,441,3223,2017-03-31,21,2,0,0,30,0,0,0,0,0,0,0,30,0,0,0,0,0,0,0,38.45,96.5,2.25,12.1,1.0,4
385,441,3223,2017-03-31,22,1,0,1,30,0,0,0,0,0,0,0,30,0,0,0,0,0,0,0,37.9,97.0,4.0,16.1,2.0,4
385,441,3223,2017-03-31,22,2,0,0,30,0,0,0,0,0,0,0,30,0,0,0,0,0,0,0,37.9,97.0,4.0,16.1,2.0,4
385,441,3223,2017-03-31,23,1,0,0,30,0,0,0,0,0,0,0,30,0,0,0,0,0,0,0,37.0,96.0,4.0,20.7,1.0,4
385,441,3223,2017-03-31,23,2,0,0,30,0,0,0,0,0,0,0,30,0,0,0,0,0,0,0,37.0,96.0,4.0,20.7,1.0,4
385,441,3223,2017-04-01,0,1,0,0,30,0,0,0,0,0,0,0,30,0,0,0,0,0,0,0,37.0,93.0,7.0,26.5,1.0,5
385,441,3223,2017-02-01,13,1,0,0,1,0,0,0,0,0,0,0,1,0,0,0,0,0,0,0,46.9,41.0,10.0,10.4,1.0,2
385,441,3223,2017-02-01,13,2,2,1,30,0,0,0,0,0,0,0,30,0,0,0,0,0,0,0,46.9,41.0,10.0,10.4,1.0,2
385,441,3223,2017-02-01,14,1,3,1,30,0,0,0,0,0,0,0,30,0,0,0,0,0,0,0,46.9,39.0,10.0,4.6,1.0,2
385,441,3223,2017-02-01,14,2,0,2,30,0,0,0,0,0,0,0,30,0,0,0,0,0,0,0,46.9,39.0,10.0,4.6,1.0,2
385,441,3223,2017-02-01,15,1,3,1,30,0,0,0,0,0,0,0,30,0,0,0,0,0,0,0,46.0,46.0,10.0,5.8,1.0,2
385,441,3223,2017-02-01,15,2,0,2,30,0,0,0,0,0,0,0,30,0,0,0,0,0,0,0,46.0,46.0,10.0,5.8,1.0,2
385,441,3223,2017-02-01,16,1,2,2,30,0,0,0,0,0,0,0,30,0,0,0,0,0,0,0,44.1,53.0,10.0,6.9,1.0,2
385,441,3223,2017-02-01,16,2,4,2,30,0,0,0,0,0,0,0,30,0,0,0,0,0,0,0,44.1,53.0,10.0,6.9,1.0,2
385,441,3223,2017-02-01,17,1,1,5,30,0,0,0,0,0,0,0,30,0,0,0,0,0,0,0,44.1,53.0,10.0,3.5,1.0,2
385,441,3223,2017-02-01,17,2,2,7,30,0,0,0,0,0,0,0,30,0,0,0,0,0,0,0,44.1,53.0,10.0,3.5,1.0,2
385,441,3223,2017-02-01,18,1,6,4,30,0,0,0,0,0,0,0,30,0,0,0,0,0,0,0,43.0,56.0,10.0,8.099999999999998,1.0,2
385,441,3223,2017-02-01,18,2,1,3,30,0,0,0,0,0,0,0,30,0,0,0,0,0,0,0,43.0,56.0,10.0,8.099999999999998,1.0,2
385,441,3223,2017-02-01,19,1,4,7,30,0,0,0,0,0,0,0,30,0,0,0,0,0,0,0,42.1,60.0,10.0,3.5,1.0,2
385,441,3223,2017-02-01,19,2,7,4,21,9,0,0,0,0,0,0,30,0,0,0,0,0,0,0,42.1,60.0,10.0,3.5,1.0,2
385,441,3223,2017-02-01,20,1,7,0,17,0,0,13,0,0,0,0,30,0,0,0,0,0,0,0,42.1,55.0,10.0,4.6,1.0,2
385,441,3223,2017-02-01,20,2,8,2,0,0,0,30,0,0,0,0,30,0,0,0,0,0,0,0,42.1,55.0,10.0,4.6,1.0,2
385,441,3223,2017-02-01,21,1,2,1,0,13,0,3,14,0,0,0,30,0,0,0,0,0,0,0,41.0,60.0,10.0,10.4,1.0,2
385,441,3223,2017-02-01,21,2,2,2,0,0,0,24,6,0,0,0,30,0,0,0,0,0,0,0,41.0,60.0,10.0,10.4,1.0,2
385,441,3223,2017-02-01,22,1,0,0,0,0,0,0,30,0,0,0,30,0,0,0,0,0,0,0,39.9,58.0,10.0,8.099999999999998,1.0,2
385,441,3223,2017-02-01,22,2,0,0,0,0,0,0,30,0,0,0,30,0,0,0,0,0,0,0,39.9,58.0,10.0,8.099999999999998,1.0,2
385,441,3223,2017-02-01,23,1,0,1,0,0,0,22,8,0,0,0,30,0,0,0,0,0,0,0,37.9,62.0,10.0,8.099999999999998,1.0,2
385,441,3223,2017-02-01,23,2,0,0,0,0,0,30,0,0,0,0,30,0,0,0,0,0,0,0,37.9,62.0,10.0,8.099999999999998,1.0,2
385,441,3223,2017-02-02,0,1,0,0,0,24,0,6,0,0,0,0,30,0,0,0,0,0,0,0,37.0,67.0,10.0,3.5,1.0,3
385,441,3223,2017-02-02,0,2,0,0,0,30,0,0,0,0,0,0,30,0,0,0,0,0,0,0,37.0,67.0,10.0,3.5,1.0,3
385,441,3223,2017-02-02,1,1,0,0,0,30,0,0,0,0,0,0,30,0,0,0,0,0,0,0,37.0,62.0,10.0,3.5,1.0,3
385,441,3223,2017-02-02,1,2,0,0,0,20,0,10,0,0,0,0,30,0,0,0,0,0,0,0,37.0,62.0,10.0,3.5,1.0,3
385,441,3223,2017-02-02,2,1,0,0,0,0,16,14,0,0,0,0,30,0,0,0,0,0,0,0,37.0,54.0,10.0,5.8,1.0,3
385,441,3223,2017-02-02,2,2,0,0,0,0,24,6,0,0,0,0,30,0,0,0,0,0,0,0,37.0,54.0,10.0,5.8,1.0,3
385,441,3223,2017-02-02,3,1,0,0,0,0,0,30,0,0,0,0,30,0,0,0,0,0,0,0,36.0,55.0,10.0,3.5,1.0,3
385,441,3223,2017-02-02,3,2,0,0,0,0,0,30,0,0,0,0,30,0,0,0,0,0,0,0,36.0,55.0,10.0,3.5,1.0,3
385,441,3223,2017-02-02,4,1,0,0,0,0,0,30,0,0,0,0,30,0,0,0,0,0,0,0,36.0,57.0,10.0,3.5,1.0,3
385,441,3223,2017-02-02,4,2,0,0,0,0,0,30,0,0,0,0,30,0,0,0,0,0,0,0,36.0,57.0,10.0,3.5,1.0,3
385,441,3223,2017-02-02,5,1,0,0,0,0,0,30,0,0,0,0,30,0,0,0,0,0,0,0,37.0,62.0,10.0,3.5,1.0,3
385,441,3223,2017-02-02,5,2,0,1,0,0,0,30,0,0,0,0,30,0,0,0,0,0,0,0,37.0,62.0,10.0,3.5,1.0,3
385,441,3223,2017-02-02,6,1,0,2,4,8,0,18,0,0,0,0,30,0,0,0,0,0,0,0,37.9,57.0,10.0,11.5,1.0,3
385,441,3223,2017-02-02,6,2,3,2,14,0,16,0,0,0,0,0,30,0,0,0,0,0,0,0,37.9,57.0,10.0,11.5,1.0,3
385,441,3223,2017-02-02,7,1,2,1,8,0,22,0,0,0,0,0,30,0,0,0,0,0,0,0,37.9,60.0,10.0,3.5,1.0,3
385,441,3223,2017-02-02,7,2,4,5,29,0,1,0,0,0,0,0,30,0,0,0,0,0,0,0,37.9,60.0,10.0,3.5,1.0,3
385,441,3223,2017-02-02,8,1,8,7,25,0,5,0,0,0,0,0,30,0,0,0,0,0,0,0,37.9,60.0,10.0,3.5,1.0,3
385,441,3223,2017-02-02,8,2,5,3,21,0,9,0,0,0,0,0,30,0,0,0,0,0,0,0,37.9,60.0,10.0,3.5,1.0,3
385,441,3223,2017-02-02,9,1,2,3,21,0,6,0,3,0,0,0,30,0,0,0,0,0,0,0,39.0,57.0,10.0,3.5,1.0,3
385,441,3223,2017-02-02,9,2,3,6,30,0,0,0,0,0,0,0,30,0,0,0,0,0,0,0,39.0,57.0,10.0,3.5,1.0,3
385,441,3223,2017-02-02,10,1,4,2,30,0,0,0,0,0,0,0,30,0,0,0,0,0,0,0,41.0,41.0,10.0,6.9,1.0,3
385,441,3223,2017-02-02,10,2,1,1,30,0,0,0,0,0,0,0,30,0,0,0,0,0,0,0,41.0,41.0,10.0,6.9,1.0,3
385,441,3223,2017-02-02,11,1,2,0,30,0,0,0,0,0,0,0,30,0,0,0,0,0,0,0,43.0,34.0,10.0,5.8,1.0,3
385,441,3223,2017-02-02,11,2,1,3,30,0,0,0,0,0,0,0,30,0,0,0,0,0,0,0,43.0,34.0,10.0,5.8,1.0,3
385,441,3223,2017-02-02,12,1,2,2,15,9,0,0,6,0,0,0,30,0,0,0,0,0,0,0,43.0,32.0,10.0,12.7,1.0,3
385,441,3223,2017-02-02,12,2,1,0,9,6,0,0,15,0,0,0,30,0,0,0,0,0,0,0,43.0,32.0,10.0,12.7,1.0,3
385,441,3223,2017-02-02,13,1,0,1,15,6,0,0,9,0,0,0,30,0,0,0,0,0,0,0,45.0,29.0,10.0,5.8,1.0,3
385,441,3223,2017-02-02,13,2,0,1,30,0,0,0,0,0,0,0,30,0,0,0,0,0,0,0,45.0,29.0,10.0,5.8,1.0,3
385,441,3223,2017-02-02,14,1,1,2,30,0,0,0,0,0,0,0,30,0,0,0,0,0,0,0,44.1,32.0,10.0,11.5,1.0,3
385,441,3223,2017-02-02,14,2,0,2,30,0,0,0,0,0,0,0,30,0,0,0,0,0,0,0,44.1,32.0,10.0,11.5,1.0,3
385,441,3223,2017-02-02,15,1,0,2,30,0,0,0,0,0,0,0,30,0,0,0,0,0,0,0,42.1,32.0,10.0,5.8,1.0,3
385,441,3223,2017-02-02,15,2,2,1,30,0,0,0,0,0,0,0,30,0,0,0,0,0,0,0,42.1,32.0,10.0,5.8,1.0,3
385,441,3223,2017-02-02,16,1,2,0,30,0,0,0,0,0,0,0,30,0,0,0,0,0,0,0,39.0,49.0,10.0,4.6,1.0,3
385,441,3223,2017-02-02,16,2,1,2,30,0,0,0,0,0,0,0,30,0,0,0,0,0,0,0,39.0,49.0,10.0,4.6,1.0,3
385,441,3223,2017-02-02,17,1,6,3,30,0,0,0,0,0,0,0,30,0,0,0,0,0,0,0,37.9,51.0,10.0,3.5,1.0,3
385,441,3223,2017-02-02,17,2,3,6,30,0,0,0,0,0,0,0,30,0,0,0,0,0,0,0,37.9,51.0,10.0,3.5,1.0,3
385,441,3223,2017-02-02,18,1,0,7,30,0,0,0,0,0,0,0,30,0,0,0,0,0,0,0,37.0,50.0,10.0,4.6,1.0,3
385,441,3223,2017-02-02,18,2,5,5,30,0,0,0,0,0,0,0,30,0,0,0,0,0,0,0,37.0,50.0,10.0,4.6,1.0,3
385,441,3223,2017-02-02,19,1,4,3,30,0,0,0,0,0,0,0,30,0,0,0,0,0,0,0,37.0,48.0,10.0,11.5,1.0,3
385,441,3223,2017-02-02,19,2,4,4,30,0,0,0,0,0,0,0,30,0,0,0,0,0,0,0,37.0,48.0,10.0,11.5,1.0,3
385,441,3223,2017-02-02,20,1,4,2,19,11,0,0,0,0,0,0,19,11,0,0,0,0,0,0,35.1,52.0,10.0,4.6,1.0,3
385,441,3223,2017-02-02,20,2,2,4,0,30,0,0,0,0,0,0,0,30,0,0,0,0,0,0,35.1,52.0,10.0,4.6,1.0,3
385,441,3223,2017-02-02,21,1,2,1,0,30,0,0,0,0,0,0,0,30,0,0,0,0,0,0,34.0,54.0,10.0,3.5,1.0,3
385,441,3223,2017-02-02,21,2,4,1,0,30,0,0,0,0,0,0,0,30,0,0,0,0,0,0,34.0,54.0,10.0,3.5,1.0,3
385,441,3223,2017-02-02,22,1,2,0,0,30,0,0,0,0,0,0,0,30,0,0,0,0,0,0,33.1,52.0,10.0,3.5,1.0,3
385,441,3223,2017-02-02,22,2,2,2,0,30,0,0,0,0,0,0,0,30,0,0,0,0,0,0,33.1,52.0,10.0,3.5,1.0,3
385,441,3223,2017-02-02,23,1,2,2,0,30,0,0,0,0,0,0,0,30,0,0,0,0,0,0,33.1,46.0,10.0,6.9,1.0,3
385,441,3223,2017-02-02,23,2,0,0,0,30,0,0,0,0,0,0,0,30,0,0,0,0,0,0,33.1,46.0,10.0,6.9,1.0,3
385,441,3223,2017-02-03,0,1,0,0,0,23,0,0,7,0,0,0,7,23,0,0,0,0,0,0,32.0,42.0,10.0,4.6,1.0,4
385,441,3223,2017-02-03,0,2,0,0,2,0,0,0,28,0,0,0,30,0,0,0,0,0,0,0,32.0,42.0,10.0,4.6,1.0,4
385,441,3223,2017-02-03,1,1,0,0,7,23,0,0,0,0,0,0,7,23,0,0,0,0,0,0,30.0,43.0,10.0,5.8,1.0,4
385,441,3223,2017-02-03,1,2,0,0,0,30,0,0,0,0,0,0,0,30,0,0,0,0,0,0,30.0,43.0,10.0,5.8,1.0,4
385,441,3223,2017-02-03,2,1,0,0,0,30,0,0,0,0,0,0,0,30,0,0,0,0,0,0,30.0,41.0,10.0,8.099999999999998,1.0,4
385,441,3223,2017-02-03,2,2,0,0,0,30,0,0,0,0,0,0,0,30,0,0,0,0,0,0,30.0,41.0,10.0,8.099999999999998,1.0,4
385,441,3223,2017-02-03,3,1,0,0,0,30,0,0,0,0,0,0,0,30,0,0,0,0,0,0,28.0,45.0,10.0,5.8,1.0,4
385,441,3223,2017-02-03,3,2,0,0,0,30,0,0,0,0,0,0,0,30,0,0,0,0,0,0,28.0,45.0,10.0,5.8,1.0,4
385,441,3223,2017-02-03,4,1,0,0,0,30,0,0,0,0,0,0,0,30,0,0,0,0,0,0,27.0,45.0,10.0,4.6,1.0,4
385,441,3223,2017-02-03,4,2,0,0,0,30,0,0,0,0,0,0,0,30,0,0,0,0,0,0,27.0,45.0,10.0,4.6,1.0,4
385,441,3223,2017-02-03,5,1,1,0,0,30,0,0,0,0,0,0,0,30,0,0,0,0,0,0,26.1,47.0,10.0,8.099999999999998,1.0,4
385,441,3223,2017-02-03,5,2,0,0,0,30,0,0,0,0,0,0,0,30,0,0,0,0,0,0,26.1,47.0,10.0,8.099999999999998,1.0,4
385,441,3223,2017-02-03,6,1,0,1,0,30,0,0,0,0,0,0,0,30,0,0,0,0,0,0,26.1,47.0,10.0,3.5,1.0,4
385,441,3223,2017-02-03,6,2,3,1,11,19,0,0,0,0,0,0,11,19,0,0,0,0,0,0,26.1,47.0,10.0,3.5,1.0,4
385,441,3223,2017-02-03,7,1,1,4,30,0,0,0,0,0,0,0,30,0,0,0,0,0,0,0,26.1,47.0,10.0,6.9,1.0,4
385,441,3223,2017-02-03,7,2,4,2,30,0,0,0,0,0,0,0,30,0,0,0,0,0,0,0,26.1,47.0,10.0,6.9,1.0,4
385,441,3223,2017-02-03,8,1,4,4,30,0,0,0,0,0,0,0,30,0,0,0,0,0,0,0,27.0,45.0,10.0,5.8,1.0,4
385,441,3223,2017-02-03,8,2,9,11,30,0,0,0,0,0,0,0,30,0,0,0,0,0,0,0,27.0,45.0,10.0,5.8,1.0,4
385,441,3223,2017-02-03,9,1,4,1,28,0,0,0,2,0,0,0,30,0,0,0,0,0,0,0,27.0,47.0,10.0,4.6,1.0,4
385,441,3223,2017-02-03,9,2,0,4,23,0,0,0,7,0,0,0,30,0,0,0,0,0,0,0,27.0,47.0,10.0,4.6,1.0,4
385,441,3223,2017-02-03,10,1,2,1,30,0,0,0,0,0,0,0,30,0,0,0,0,0,0,0,28.0,45.0,10.0,6.9,1.0,4
385,441,3223,2017-02-03,10,2,0,1,30,0,0,0,0,0,0,0,30,0,0,0,0,0,0,0,28.0,45.0,10.0,6.9,1.0,4
385,441,3223,2017-02-03,11,1,0,3,21,0,9,0,0,0,0,0,30,0,0,0,0,0,0,0,28.9,43.0,10.0,6.9,1.0,4
385,441,3223,2017-02-03,11,2,3,0,9,0,21,0,0,0,0,0,30,0,0,0,0,0,0,0,28.9,43.0,10.0,6.9,1.0,4
385,441,3223,2017-02-03,12,1,2,1,0,29,1,0,0,0,0,0,1,29,0,0,0,0,0,0,30.9,42.0,10.0,8.099999999999998,1.0,4
385,441,3223,2017-02-03,12,2,0,2,0,30,0,0,0,0,0,0,0,30,0,0,0,0,0,0,30.9,42.0,10.0,8.099999999999998,1.0,4
385,441,3223,2017-02-03,13,1,2,1,8,22,0,0,0,0,0,0,8,22,0,0,0,0,0,0,32.0,40.0,10.0,4.6,1.0,4
385,441,3223,2017-02-03,13,2,1,0,30,0,0,0,0,0,0,0,30,0,0,0,0,0,0,0,32.0,40.0,10.0,4.6,1.0,4
385,441,3223,2017-02-03,14,1,1,3,30,0,0,0,0,0,0,0,30,0,0,0,0,0,0,0,33.1,38.0,10.0,4.6,1.0,4
385,441,3223,2017-02-03,14,2,2,0,30,0,0,0,0,0,0,0,30,0,0,0,0,0,0,0,33.1,38.0,10.0,4.6,1.0,4
385,441,3223,2017-02-03,15,1,1,1,27,0,0,0,3,0,0,0,30,0,0,0,0,0,0,0,33.1,38.0,10.0,4.6,1.0,4
385,441,3223,2017-02-03,15,2,2,2,7,0,10,0,13,0,0,0,30,0,0,0,0,0,0,0,33.1,38.0,10.0,4.6,1.0,4
385,441,3223,2017-02-03,16,1,2,1,11,0,9,0,10,0,0,0,30,0,0,0,0,0,0,0,32.0,40.0,10.0,10.4,1.0,4
385,441,3223,2017-02-03,16,2,1,5,19,0,11,0,0,0,0,0,30,0,0,0,0,0,0,0,32.0,40.0,10.0,10.4,1.0,4
385,441,3223,2017-02-03,17,1,5,5,30,0,0,0,0,0,0,0,30,0,0,0,0,0,0,0,32.0,38.0,10.0,5.8,1.0,4
385,441,3223,2017-02-03,17,2,0,5,30,0,0,0,0,0,0,0,30,0,0,0,0,0,0,0,32.0,38.0,10.0,5.8,1.0,4
385,441,3223,2017-02-03,18,1,8,1,30,0,0,0,0,0,0,0,30,0,0,0,0,0,0,0,32.0,40.0,10.0,9.2,1.0,4
385,441,3223,2017-02-03,18,2,2,2,30,0,0,0,0,0,0,0,30,0,0,0,0,0,0,0,32.0,40.0,10.0,9.2,1.0,4
385,441,3223,2017-02-03,19,1,2,2,21,0,0,0,9,0,0,0,30,0,0,0,0,0,0,0,30.9,43.0,10.0,9.2,1.0,4
385,441,3223,2017-02-03,19,2,2,0,22,6,0,0,2,0,0,0,30,0,0,0,0,0,0,0,30.9,43.0,10.0,9.2,1.0,4
385,441,3223,2017-02-03,20,1,0,0,0,0,0,0,30,0,0,0,30,0,0,0,0,0,0,0,30.0,33.0,10.0,9.2,1.0,4
385,441,3223,2017-02-03,20,2,0,1,0,21,0,0,9,0,0,0,30,0,0,0,0,0,0,0,30.0,33.0,10.0,9.2,1.0,4
385,441,3223,2017-02-03,21,1,0,0,0,30,0,0,0,0,0,0,30,0,0,0,0,0,0,0,28.9,38.0,10.0,8.099999999999998,1.0,4
385,441,3223,2017-02-03,21,2,1,1,0,4,0,26,0,0,0,0,30,0,0,0,0,0,0,0,28.9,38.0,10.0,8.099999999999998,1.0,4
385,441,3223,2017-02-03,22,1,0,1,0,30,0,0,0,0,0,0,30,0,0,0,0,0,0,0,28.0,41.0,10.0,10.4,1.0,4
385,441,3223,2017-02-03,22,2,1,0,10,20,0,0,0,0,0,0,30,0,0,0,0,0,0,0,28.0,41.0,10.0,10.4,1.0,4
385,441,3223,2017-02-03,23,1,2,1,11,19,0,0,0,0,0,0,30,0,0,0,0,0,0,0,26.1,41.0,10.0,12.7,1.0,4
385,441,3223,2017-02-03,23,2,1,0,6,0,0,0,24,0,0,0,30,0,0,0,0,0,0,0,26.1,41.0,10.0,12.7,1.0,4
385,441,3223,2017-02-04,0,1,0,1,2,0,0,0,28,0,0,0,30,0,0,0,0,0,0,0,25.0,41.0,10.0,13.8,1.0,5
385,441,3223,2017-02-04,0,2,0,0,13,0,0,0,17,0,0,0,30,0,0,0,0,0,0,0,25.0,41.0,10.0,13.8,1.0,5
385,441,3223,2017-02-04,1,1,1,0,30,0,0,0,0,0,0,0,30,0,0,0,0,0,0,0,24.1,40.0,10.0,12.7,1.0,5
385,441,3223,2017-02-04,1,2,0,0,0,0,0,0,30,0,0,0,30,0,0,0,0,0,0,0,24.1,40.0,10.0,12.7,1.0,5
385,441,3223,2017-02-04,2,1,0,0,0,0,0,0,30,0,0,0,30,0,0,0,0,0,0,0,23.0,40.0,10.0,6.9,1.0,5
385,441,3223,2017-02-04,2,2,0,0,0,0,0,0,30,0,0,0,5,25,0,0,0,0,0,0,23.0,40.0,10.0,6.9,1.0,5
385,441,3223,2017-02-04,3,1,0,0,0,0,0,0,30,0,0,0,0,30,0,0,0,0,0,0,23.0,42.0,10.0,4.6,1.0,5
385,441,3223,2017-02-04,3,2,0,0,0,0,0,0,30,0,0,0,0,30,0,0,0,0,0,0,23.0,42.0,10.0,4.6,1.0,5
385,441,3223,2017-02-04,4,1,0,0,0,0,0,0,30,0,0,0,0,30,0,0,0,0,0,0,21.9,46.0,10.0,9.2,1.0,5
385,441,3223,2017-02-04,4,2,0,0,0,0,0,0,30,0,0,0,0,30,0,0,0,0,0,0,21.9,46.0,10.0,9.2,1.0,5
385,441,3223,2017-02-04,5,1,0,0,0,0,0,0,30,0,0,0,0,30,0,0,0,0,0,0,21.9,48.0,10.0,9.2,1.0,5
385,441,3223,2017-02-04,5,2,0,0,0,0,0,0,30,0,0,0,0,30,0,0,0,0,0,0,21.9,48.0,10.0,9.2,1.0,5
385,441,3223,2017-02-04,6,1,0,0,0,0,0,0,30,0,0,0,0,30,0,0,0,0,0,0,21.9,48.0,10.0,8.099999999999998,1.0,5
385,441,3223,2017-02-04,6,2,0,1,0,0,0,15,15,0,0,0,0,30,0,0,0,0,0,0,21.9,48.0,10.0,8.099999999999998,1.0,5
385,441,3223,2017-02-04,7,1,0,0,0,0,0,30,0,0,0,0,0,30,0,0,0,0,0,0,21.9,48.0,10.0,9.2,1.0,5
385,441,3223,2017-02-04,7,2,1,0,0,0,0,7,23,0,0,0,0,30,0,0,0,0,0,0,21.9,48.0,10.0,9.2,1.0,5
385,441,3223,2017-02-04,8,1,0,1,0,5,0,0,25,0,0,0,0,30,0,0,0,0,0,0,23.0,46.0,10.0,13.8,1.0,5
385,441,3223,2017-02-04,8,2,1,0,0,4,0,0,26,0,0,0,0,30,0,0,0,0,0,0,23.0,46.0,10.0,13.8,1.0,5
385,441,3223,2017-02-04,9,1,0,0,0,0,0,0,30,0,0,0,0,30,0,0,0,0,0,0,25.0,43.0,10.0,8.099999999999998,1.0,5
385,441,3223,2017-02-04,9,2,1,2,0,20,0,0,10,0,0,0,0,30,0,0,0,0,0,0,25.0,43.0,10.0,8.099999999999998,1.0,5
385,441,3223,2017-02-04,10,1,1,4,0,30,0,0,0,0,0,0,0,30,0,0,0,0,0,0,27.0,41.0,10.0,9.2,1.0,5
385,441,3223,2017-02-04,10,2,3,3,0,30,0,0,0,0,0,0,0,30,0,0,0,0,0,0,27.0,41.0,10.0,9.2,1.0,5
385,441,3223,2017-02-04,11,1,5,1,0,19,0,3,8,0,0,0,0,30,0,0,0,0,0,0,30.0,36.0,10.0,8.099999999999998,1.0,5
385,441,3223,2017-02-04,11,2,0,0,0,0,0,0,30,0,0,0,0,30,0,0,0,0,0,0,30.0,36.0,10.0,8.099999999999998,1.0,5
385,441,3223,2017-02-04,12,1,0,3,5,0,0,1,24,0,0,0,5,25,0,0,0,0,0,0,30.9,35.0,10.0,11.5,1.0,5
385,441,3223,2017-02-04,12,2,0,0,27,3,0,0,0,0,0,0,30,0,0,0,0,0,0,0,30.9,35.0,10.0,11.5,1.0,5
385,441,3223,2017-02-04,13,1,1,5,6,0,24,0,0,0,0,0,30,0,0,0,0,0,0,0,33.1,32.0,10.0,5.8,1.0,5
385,441,3223,2017-02-04,13,2,3,3,30,0,0,0,0,0,0,0,30,0,0,0,0,0,0,0,33.1,32.0,10.0,5.8,1.0,5
385,441,3223,2017-02-04,14,1,0,2,30,0,0,0,0,0,0,0,30,0,0,0,0,0,0,0,34.0,31.0,10.0,6.9,1.0,5
385,441,3223,2017-02-04,14,2,1,3,23,0,7,0,0,0,0,0,30,0,0,0,0,0,0,0,34.0,31.0,10.0,6.9,1.0,5
385,441,3223,2017-02-04,15,1,2,2,30,0,0,0,0,0,0,0,30,0,0,0,0,0,0,0,34.0,30.0,10.0,9.2,1.0,5
385,441,3223,2017-02-04,15,2,0,0,30,0,0,0,0,0,0,0,30,0,0,0,0,0,0,0,34.0,30.0,10.0,9.2,1.0,5
385,441,3223,2017-02-04,16,1,3,1,30,0,0,0,0,0,0,0,30,0,0,0,0,0,0,0,33.1,29.0,10.0,6.9,1.0,5
385,441,3223,2017-02-04,16,2,3,1,23,0,7,0,0,0,0,0,30,0,0,0,0,0,0,0,33.1,29.0,10.0,6.9,1.0,5
385,441,3223,2017-02-04,17,1,2,1,20,0,10,0,0,0,0,0,30,0,0,0,0,0,0,0,33.1,32.0,10.0,6.9,1.0,5
385,441,3223,2017-02-04,17,2,1,0,30,0,0,0,0,0,0,0,30,0,0,0,0,0,0,0,33.1,32.0,10.0,6.9,1.0,5
385,441,3223,2017-02-04,18,1,0,1,30,0,0,0,0,0,0,0,30,0,0,0,0,0,0,0,33.1,32.0,10.0,8.099999999999998,1.0,5
385,441,3223,2017-02-04,18,2,1,1,30,0,0,0,0,0,0,0,30,0,0,0,0,0,0,0,33.1,32.0,10.0,8.099999999999998,1.0,5
385,441,3223,2017-02-04,19,1,0,0,30,0,0,0,0,0,0,0,30,0,0,0,0,0,0,0,32.0,35.0,10.0,9.2,1.0,5
385,441,3223,2017-02-04,19,2,0,0,30,0,0,0,0,0,0,0,30,0,0,0,0,0,0,0,32.0,35.0,10.0,9.2,1.0,5
385,441,3223,2017-02-04,20,1,2,1,30,0,0,0,0,0,0,0,30,0,0,0,0,0,0,0,32.0,35.0,10.0,9.2,1.0,5
385,441,3223,2017-02-04,20,2,1,3,30,0,0,0,0,0,0,0,30,0,0,0,0,0,0,0,32.0,35.0,10.0,9.2,1.0,5
385,441,3223,2017-02-04,21,1,0,0,30,0,0,0,0,0,0,0,30,0,0,0,0,0,0,0,32.0,35.0,10.0,5.8,1.0,5
385,441,3223,2017-02-04,21,2,0,0,30,0,0,0,0,0,0,0,30,0,0,0,0,0,0,0,32.0,35.0,10.0,5.8,1.0,5
385,441,3223,2017-02-04,22,1,0,1,30,0,0,0,0,0,0,0,30,0,0,0,0,0,0,0,32.0,35.0,10.0,4.6,1.0,5
385,441,3223,2017-02-04,22,2,1,0,30,0,0,0,0,0,0,0,30,0,0,0,0,0,0,0,32.0,35.0,10.0,4.6,1.0,5
385,441,3223,2017-02-04,23,1,0,0,30,0,0,0,0,0,0,0,30,0,0,0,0,0,0,0,32.0,37.0,10.0,9.2,1.0,5
385,441,3223,2017-02-04,23,2,0,0,30,0,0,0,0,0,0,0,30,0,0,0,0,0,0,0,32.0,37.0,10.0,9.2,1.0,5
385,441,3223,2017-02-05,0,1,1,1,20,0,0,4,6,0,0,0,20,10,0,0,0,0,0,0,32.0,37.0,10.0,10.4,1.0,6
385,441,3223,2017-02-05,0,2,0,1,2,0,0,28,0,0,0,0,2,28,0,0,0,0,0,0,32.0,37.0,10.0,10.4,1.0,6
385,441,3223,2017-02-05,1,1,0,1,30,0,0,0,0,0,0,0,30,0,0,0,0,0,0,0,32.0,38.0,10.0,3.5,1.0,6
385,441,3223,2017-02-05,1,2,0,0,30,0,0,0,0,0,0,0,30,0,0,0,0,0,0,0,32.0,38.0,10.0,3.5,1.0,6
385,441,3223,2017-02-05,2,1,0,0,30,0,0,0,0,0,0,0,30,0,0,0,0,0,0,0,32.0,38.0,10.0,3.5,1.0,6
385,441,3223,2017-02-05,2,2,0,0,30,0,0,0,0,0,0,0,30,0,0,0,0,0,0,0,32.0,38.0,10.0,3.5,1.0,6
385,441,3223,2017-02-05,3,1,0,0,30,0,0,0,0,0,0,0,30,0,0,0,0,0,0,0,33.1,40.0,10.0,3.5,1.0,6
385,441,3223,2017-02-05,3,2,0,0,30,0,0,0,0,0,0,0,30,0,0,0,0,0,0,0,33.1,40.0,10.0,3.5,1.0,6
385,441,3223,2017-02-05,4,1,0,0,30,0,0,0,0,0,0,0,30,0,0,0,0,0,0,0,33.1,42.0,10.0,6.9,1.0,6
385,441,3223,2017-02-05,4,2,0,0,30,0,0,0,0,0,0,0,30,0,0,0,0,0,0,0,33.1,42.0,10.0,6.9,1.0,6
385,441,3223,2017-02-05,5,1,0,0,30,0,0,0,0,0,0,0,30,0,0,0,0,0,0,0,33.1,46.0,10.0,4.6,1.0,6
385,441,3223,2017-02-05,5,2,0,0,30,0,0,0,0,0,0,0,30,0,0,0,0,0,0,0,33.1,46.0,10.0,4.6,1.0,6
385,441,3223,2017-02-05,6,1,1,0,30,0,0,0,0,0,0,0,30,0,0,0,0,0,0,0,33.1,54.0,10.0,10.4,1.0,6
385,441,3223,2017-02-05,6,2,0,0,30,0,0,0,0,0,0,0,30,0,0,0,0,0,0,0,33.1,54.0,10.0,10.4,1.0,6
385,441,3223,2017-02-05,7,1,0,0,30,0,0,0,0,0,0,0,30,0,0,0,0,0,0,0,34.0,52.0,10.0,9.2,1.0,6
385,441,3223,2017-02-05,7,2,0,0,30,0,0,0,0,0,0,0,30,0,0,0,0,0,0,0,34.0,52.0,10.0,9.2,1.0,6
385,441,3223,2017-02-05,8,1,0,0,30,0,0,0,0,0,0,0,30,0,0,0,0,0,0,0,35.1,48.0,10.0,8.099999999999998,1.0,6
385,441,3223,2017-02-05,8,2,1,0,30,0,0,0,0,0,0,0,30,0,0,0,0,0,0,0,35.1,48.0,10.0,8.099999999999998,1.0,6
385,441,3223,2017-02-05,9,1,2,0,14,16,0,0,0,0,0,0,30,0,0,0,0,0,0,0,34.0,52.0,10.0,9.2,1.0,6
385,441,3223,2017-02-05,9,2,1,1,0,30,0,0,0,0,0,0,30,0,0,0,0,0,0,0,34.0,52.0,10.0,9.2,1.0,6
385,441,3223,2017-02-05,10,1,0,2,0,30,0,0,0,0,0,0,30,0,0,0,0,0,0,0,36.0,50.0,10.0,6.9,1.0,6
385,441,3223,2017-02-05,10,2,1,3,0,30,0,0,0,0,0,0,30,0,0,0,0,0,0,0,36.0,50.0,10.0,6.9,1.0,6
385,441,3223,2017-02-05,11,1,1,0,22,8,0,0,0,0,0,0,30,0,0,0,0,0,0,0,36.0,50.0,10.0,9.2,1.0,6
385,441,3223,2017-02-05,11,2,6,2,30,0,0,0,0,0,0,0,30,0,0,0,0,0,0,0,36.0,50.0,10.0,9.2,1.0,6
385,441,3223,2017-02-05,12,1,1,1,30,0,0,0,0,0,0,0,30,0,0,0,0,0,0,0,32.0,37.0,10.0,10.4,1.0,6
385,441,3223,2017-02-05,12,2,0,0,30,0,0,0,0,0,0,0,30,0,0,0,0,0,0,0,32.0,37.0,10.0,10.4,1.0,6
385,441,3223,2017-02-05,13,1,2,1,30,0,0,0,0,0,0,0,30,0,0,0,0,0,0,0,39.0,45.0,10.0,5.8,1.0,6
385,441,3223,2017-02-05,13,2,0,2,30,0,0,0,0,0,0,0,30,0,0,0,0,0,0,0,39.0,45.0,10.0,5.8,1.0,6
385,441,3223,2017-02-05,14,1,1,1,30,0,0,0,0,0,0,0,30,0,0,0,0,0,0,0,41.0,43.0,10.0,10.4,1.0,6
385,441,3223,2017-02-05,14,2,0,1,30,0,0,0,0,0,0,0,30,0,0,0,0,0,0,0,41.0,43.0,10.0,10.4,1.0,6
385,441,3223,2017-02-05,15,1,2,0,30,0,0,0,0,0,0,0,30,0,0,0,0,0,0,0,41.0,38.0,10.0,8.099999999999998,1.0,6
385,441,3223,2017-02-05,15,2,1,2,30,0,0,0,0,0,0,0,30,0,0,0,0,0,0,0,41.0,38.0,10.0,8.099999999999998,1.0,6
385,441,3223,2017-02-05,16,1,1,0,30,0,0,0,0,0,0,0,30,0,0,0,0,0,0,0,41.0,38.0,10.0,10.4,1.0,6
385,441,3223,2017-02-05,16,2,2,1,30,0,0,0,0,0,0,0,30,0,0,0,0,0,0,0,41.0,38.0,10.0,10.4,1.0,6
385,441,3223,2017-02-05,17,1,2,5,30,0,0,0,0,0,0,0,30,0,0,0,0,0,0,0,41.0,38.0,10.0,9.2,1.0,6
385,441,3223,2017-02-05,17,2,1,1,30,0,0,0,0,0,0,0,30,0,0,0,0,0,0,0,41.0,38.0,10.0,9.2,1.0,6
385,441,3223,2017-02-05,18,1,1,2,30,0,0,0,0,0,0,0,30,0,0,0,0,0,0,0,39.9,41.0,10.0,4.6,1.0,6
385,441,3223,2017-02-05,18,2,2,0,30,0,0,0,0,0,0,0,30,0,0,0,0,0,0,0,39.9,41.0,10.0,4.6,1.0,6
385,441,3223,2017-02-05,19,1,1,0,30,0,0,0,0,0,0,0,30,0,0,0,0,0,0,0,41.0,40.0,10.0,10.4,1.0,6
385,441,3223,2017-02-05,19,2,0,0,30,0,0,0,0,0,0,0,30,0,0,0,0,0,0,0,41.0,40.0,10.0,10.4,1.0,6
385,441,3223,2017-02-05,20,1,0,1,30,0,0,0,0,0,0,0,30,0,0,0,0,0,0,0,41.0,43.0,10.0,10.4,1.0,6
385,441,3223,2017-02-05,20,2,0,2,30,0,0,0,0,0,0,0,30,0,0,0,0,0,0,0,41.0,43.0,10.0,10.4,1.0,6
385,441,3223,2017-02-05,21,1,0,1,30,0,0,0,0,0,0,0,30,0,0,0,0,0,0,0,42.1,43.0,10.0,9.2,1.0,6
385,441,3223,2017-02-05,21,2,1,1,30,0,0,0,0,0,0,0,30,0,0,0,0,0,0,0,42.1,43.0,10.0,9.2,1.0,6
385,441,3223,2017-02-05,22,1,0,0,30,0,0,0,0,0,0,0,30,0,0,0,0,0,0,0,42.1,43.0,10.0,4.6,1.0,6
385,441,3223,2017-02-05,22,2,2,1,30,0,0,0,0,0,0,0,30,0,0,0,0,0,0,0,42.1,43.0,10.0,4.6,1.0,6
385,441,3223,2017-02-05,23,1,1,2,30,0,0,0,0,0,0,0,30,0,0,0,0,0,0,0,42.1,45.0,10.0,8.099999999999998,1.0,6
385,441,3223,2017-02-05,23,2,0,2,30,0,0,0,0,0,0,0,30,0,0,0,0,0,0,0,42.1,45.0,10.0,8.099999999999998,1.0,6
385,441,3223,2017-02-06,0,1,0,0,30,0,0,0,0,0,0,0,30,0,0,0,0,0,0,0,42.1,45.0,10.0,6.9,1.0,0
385,441,3223,2017-02-06,0,2,0,0,30,0,0,0,0,0,0,0,30,0,0,0,0,0,0,0,42.1,45.0,10.0,6.9,1.0,0
385,441,3223,2017-02-06,1,1,0,0,30,0,0,0,0,0,0,0,30,0,0,0,0,0,0,0,41.0,47.0,10.0,9.2,1.0,0
385,441,3223,2017-02-06,1,2,0,0,30,0,0,0,0,0,0,0,30,0,0,0,0,0,0,0,41.0,47.0,10.0,9.2,1.0,0
385,441,3223,2017-02-06,2,1,0,0,30,0,0,0,0,0,0,0,30,0,0,0,0,0,0,0,41.0,43.0,10.0,8.099999999999998,1.0,0
385,441,3223,2017-02-06,2,2,0,0,30,0,0,0,0,0,0,0,30,0,0,0,0,0,0,0,41.0,43.0,10.0,8.099999999999998,1.0,0
385,441,3223,2017-02-06,3,1,0,0,30,0,0,0,0,0,0,0,30,0,0,0,0,0,0,0,39.9,47.0,10.0,6.9,1.0,0
385,441,3223,2017-02-06,3,2,0,0,30,0,0,0,0,0,0,0,30,0,0,0,0,0,0,0,39.9,47.0,10.0,6.9,1.0,0
385,441,3223,2017-02-06,4,1,0,0,30,0,0,0,0,0,0,0,30,0,0,0,0,0,0,0,39.0,49.0,10.0,6.9,1.0,0
385,441,3223,2017-02-06,4,2,0,0,30,0,0,0,0,0,0,0,30,0,0,0,0,0,0,0,39.0,49.0,10.0,6.9,1.0,0
385,441,3223,2017-02-06,5,1,0,1,30,0,0,0,0,0,0,0,30,0,0,0,0,0,0,0,37.9,48.0,10.0,6.9,1.0,0
385,441,3223,2017-02-06,5,2,2,0,30,0,0,0,0,0,0,0,30,0,0,0,0,0,0,0,37.9,48.0,10.0,6.9,1.0,0
385,441,3223,2017-02-06,6,1,1,2,30,0,0,0,0,0,0,0,30,0,0,0,0,0,0,0,37.0,50.0,10.0,4.6,1.0,0
385,441,3223,2017-02-06,6,2,2,0,30,0,0,0,0,0,0,0,30,0,0,0,0,0,0,0,37.0,50.0,10.0,4.6,1.0,0
385,441,3223,2017-02-06,7,1,4,0,30,0,0,0,0,0,0,0,30,0,0,0,0,0,0,0,36.0,48.0,10.0,6.9,1.0,0
385,441,3223,2017-02-06,7,2,2,1,24,0,0,0,6,0,0,0,30,0,0,0,0,0,0,0,36.0,48.0,10.0,6.9,1.0,0
385,441,3223,2017-02-06,8,1,3,6,30,0,0,0,0,0,0,0,30,0,0,0,0,0,0,0,37.0,42.0,10.0,6.9,1.0,0
385,441,3223,2017-02-06,8,2,6,6,30,0,0,0,0,0,0,0,30,0,0,0,0,0,0,0,37.0,42.0,10.0,6.9,1.0,0
385,441,3223,2017-02-06,9,1,4,5,30,0,0,0,0,0,0,0,30,0,0,0,0,0,0,0,37.9,41.0,10.0,6.9,1.0,0
385,441,3223,2017-02-06,9,2,6,5,30,0,0,0,0,0,0,0,30,0,0,0,0,0,0,0,37.9,41.0,10.0,6.9,1.0,0
385,441,3223,2017-02-06,10,1,4,2,30,0,0,0,0,0,0,0,30,0,0,0,0,0,0,0,39.9,40.0,10.0,5.8,1.0,0
385,441,3223,2017-02-06,10,2,1,1,18,0,0,0,12,0,0,0,30,0,0,0,0,0,0,0,39.9,40.0,10.0,5.8,1.0,0
385,441,3223,2017-02-06,11,1,0,0,0,0,0,0,30,0,0,0,30,0,0,0,0,0,0,0,42.1,45.0,10.0,6.9,1.0,0
385,441,3223,2017-02-06,11,2,0,2,9,0,0,0,21,0,0,0,30,0,0,0,0,0,0,0,42.1,45.0,10.0,6.9,1.0,0
385,441,3223,2017-02-06,12,1,2,2,30,0,0,0,0,0,0,0,30,0,0,0,0,0,0,0,42.1,45.0,10.0,6.9,1.0,0
385,441,3223,2017-02-06,12,2,0,1,30,0,0,0,0,0,0,0,30,0,0,0,0,0,0,0,42.1,45.0,10.0,6.9,1.0,0
385,441,3223,2017-02-06,13,1,5,4,30,0,0,0,0,0,0,0,30,0,0,0,0,0,0,0,46.0,34.0,10.0,6.9,1.0,0
385,441,3223,2017-02-06,13,2,1,3,30,0,0,0,0,0,0,0,30,0,0,0,0,0,0,0,46.0,34.0,10.0,6.9,1.0,0
385,441,3223,2017-02-06,14,1,3,1,30,0,0,0,0,0,0,0,30,0,0,0,0,0,0,0,48.0,32.0,10.0,6.9,1.0,0
385,441,3223,2017-02-06,14,2,1,2,30,0,0,0,0,0,0,0,30,0,0,0,0,0,0,0,48.0,32.0,10.0,6.9,1.0,0
385,441,3223,2017-02-06,15,1,1,0,30,0,0,0,0,0,0,0,30,0,0,0,0,0,0,0,48.0,34.0,10.0,5.8,1.0,0
385,441,3223,2017-02-06,15,2,1,0,21,0,0,0,9,0,0,0,30,0,0,0,0,0,0,0,48.0,34.0,10.0,5.8,1.0,0
385,441,3223,2017-02-06,16,1,0,4,25,0,0,0,5,0,0,0,30,0,0,0,0,0,0,0,48.0,34.0,10.0,6.9,1.0,0
385,441,3223,2017-02-06,16,2,3,2,30,0,0,0,0,0,0,0,30,0,0,0,0,0,0,0,48.0,34.0,10.0,6.9,1.0,0
385,441,3223,2017-02-06,17,1,2,4,30,0,0,0,0,0,0,0,30,0,0,0,0,0,0,0,42.1,60.0,10.0,5.8,1.0,0
385,441,3223,2017-02-06,17,2,0,7,30,0,0,0,0,0,0,0,30,0,0,0,0,0,0,0,42.1,60.0,10.0,5.8,1.0,0
385,441,3223,2017-02-06,18,1,6,5,30,0,0,0,0,0,0,0,30,0,0,0,0,0,0,0,42.1,65.0,10.0,6.9,1.0,0
385,441,3223,2017-02-06,18,2,7,5,30,0,0,0,0,0,0,0,30,0,0,0,0,0,0,0,42.1,65.0,10.0,6.9,1.0,0
385,441,3223,2017-02-06,19,1,10,3,24,6,0,0,0,0,0,0,30,0,0,0,0,0,0,0,42.1,70.0,9.0,6.9,1.0,0
385,441,3223,2017-02-06,19,2,2,2,6,8,0,0,16,0,0,0,30,0,0,0,0,0,0,0,42.1,70.0,9.0,6.9,1.0,0
385,441,3223,2017-02-06,20,1,2,1,6,6,3,9,6,0,0,0,30,0,0,0,0,0,0,0,42.1,73.0,8.0,3.5,1.0,0
385,441,3223,2017-02-06,20,2,0,1,0,12,0,3,15,0,0,0,30,0,0,0,0,0,0,0,42.1,73.0,8.0,3.5,1.0,0
385,441,3223,2017-02-06,21,1,0,2,3,15,12,0,0,0,0,0,30,0,0,0,0,0,0,0,43.0,71.0,8.0,6.9,1.0,0
385,441,3223,2017-02-06,21,2,0,2,7,6,8,9,0,0,0,0,30,0,0,0,0,0,0,0,43.0,71.0,8.0,6.9,1.0,0
385,441,3223,2017-02-06,22,1,0,0,27,0,3,0,0,0,0,0,30,0,0,0,0,0,0,0,44.1,63.0,10.0,6.9,1.0,0
385,441,3223,2017-02-06,22,2,0,1,26,0,4,0,0,0,0,0,30,0,0,0,0,0,0,0,44.1,63.0,10.0,6.9,1.0,0
385,441,3223,2017-02-06,23,1,0,0,0,0,30,0,0,0,0,0,30,0,0,0,0,0,0,0,42.1,73.0,8.0,4.6,1.0,0
385,441,3223,2017-02-06,23,2,0,0,0,0,30,0,0,0,0,0,30,0,0,0,0,0,0,0,42.1,73.0,8.0,4.6,1.0,0
385,441,3223,2017-02-07,0,1,1,0,18,0,12,0,0,0,0,0,30,0,0,0,0,0,0,0,42.1,73.0,8.0,4.6,1.0,1
385,441,3223,2017-02-07,0,2,0,0,12,0,0,0,18,0,0,0,30,0,0,0,0,0,0,0,42.1,73.0,8.0,4.6,1.0,1
385,441,3223,2017-02-07,1,1,0,0,30,0,0,0,0,0,0,0,30,0,0,0,0,0,0,0,41.0,73.0,9.0,4.6,1.0,1
385,441,3223,2017-02-07,1,2,0,0,0,0,30,0,0,0,0,0,30,0,0,0,0,0,0,0,41.0,73.0,9.0,4.6,1.0,1
385,441,3223,2017-02-07,2,1,0,0,0,0,30,0,0,0,0,0,30,0,0,0,0,0,0,0,39.0,79.0,7.0,3.5,1.0,1
385,441,3223,2017-02-07,2,2,0,0,0,0,30,0,0,0,0,0,30,0,0,0,0,0,0,0,39.0,79.0,7.0,3.5,1.0,1
385,441,3223,2017-02-07,3,1,1,0,0,0,30,0,0,0,0,0,30,0,0,0,0,0,0,0,39.0,82.0,7.0,3.5,1.0,1
385,441,3223,2017-02-07,3,2,0,0,0,0,30,0,0,0,0,0,30,0,0,0,0,0,0,0,39.0,82.0,7.0,3.5,1.0,1
385,441,3223,2017-02-07,4,1,0,0,0,0,30,0,0,0,0,0,30,0,0,0,0,0,0,0,39.0,82.0,6.0,3.5,1.0,1
385,441,3223,2017-02-07,4,2,0,0,0,0,30,0,0,0,0,0,30,0,0,0,0,0,0,0,39.0,82.0,6.0,3.5,1.0,1
385,441,3223,2017-02-07,5,1,1,0,0,0,30,0,0,0,0,0,30,0,0,0,0,0,0,0,39.9,83.0,6.0,3.5,1.0,1
385,441,3223,2017-02-07,5,2,2,0,25,0,5,0,0,0,0,0,30,0,0,0,0,0,0,0,39.9,83.0,6.0,3.5,1.0,1
385,441,3223,2017-02-07,6,1,1,1,9,11,0,0,10,0,0,0,30,0,0,0,0,0,0,0,38.725,94.0,2.625,5.5,4.0,1
385,441,3223,2017-02-07,6,2,1,0,0,10,0,0,20,0,0,0,30,0,0,0,0,0,0,0,38.725,94.0,2.625,5.5,4.0,1
385,441,3223,2017-02-07,7,1,0,0,0,0,0,0,30,0,0,0,30,0,0,0,0,0,0,0,39.0,95.0,2.833333333333333,4.6,2.0,1
385,441,3223,2017-02-07,7,2,0,0,0,0,0,0,30,0,0,0,30,0,0,0,0,0,0,0,39.0,95.0,2.833333333333333,4.6,2.0,1
385,441,3223,2017-02-07,8,1,0,3,30,0,0,0,0,0,0,0,30,0,0,0,0,0,0,0,39.0,96.0,1.825,6.375,3.0,1
385,441,3223,2017-02-07,8,2,3,2,27,0,0,0,3,0,0,0,30,0,0,0,0,0,0,0,39.0,96.0,1.825,6.375,3.0,1
385,441,3223,2017-02-07,9,1,1,1,12,0,18,0,0,0,0,0,30,0,0,0,0,0,0,0,39.0,93.0,3.0,9.2,2.0,1
385,441,3223,2017-02-07,9,2,4,7,7,0,23,0,0,0,0,0,30,0,0,0,0,0,0,0,39.0,93.0,3.0,9.2,2.0,1
385,441,3223,2017-02-07,10,1,2,2,0,0,30,0,0,0,0,0,30,0,0,0,0,0,0,0,39.0,93.0,2.6666666666666665,8.433333333333332,2.0,1
385,441,3223,2017-02-07,10,2,1,3,30,0,0,0,0,0,0,0,30,0,0,0,0,0,0,0,39.0,93.0,2.6666666666666665,8.433333333333332,2.0,1
385,441,3223,2017-02-07,11,1,0,0,30,0,0,0,0,0,0,0,30,0,0,0,0,0,0,0,38.0,94.5,1.8,9.8,2.0,1
385,441,3223,2017-02-07,11,2,0,0,30,0,0,0,0,0,0,0,30,0,0,0,0,0,0,0,38.0,94.5,1.8,9.8,2.0,1
385,441,3223,2017-02-07,12,1,1,0,30,0,0,0,0,0,0,0,30,0,0,0,0,0,0,0,37.0,93.0,5.0,10.4,1.0,1
385,441,3223,2017-02-07,12,2,0,1,29,0,1,0,0,0,0,0,30,0,0,0,0,0,0,0,37.0,93.0,5.0,10.4,1.0,1
385,441,3223,2017-02-07,13,1,2,2,7,0,23,0,0,0,0,0,30,0,0,0,0,0,0,0,37.0,93.0,4.0,6.9,1.0,1
385,441,3223,2017-02-07,13,2,1,0,30,0,0,0,0,0,0,0,30,0,0,0,0,0,0,0,37.0,93.0,4.0,6.9,1.0,1
385,441,3223,2017-02-07,14,1,2,1,30,0,0,0,0,0,0,0,30,0,0,0,0,0,0,0,37.0,93.0,5.0,6.9,1.0,1
385,441,3223,2017-02-07,14,2,2,1,30,0,0,0,0,0,0,0,30,0,0,0,0,0,0,0,37.0,93.0,5.0,6.9,1.0,1
385,441,3223,2017-02-07,15,1,1,2,30,0,0,0,0,0,0,0,30,0,0,0,0,0,0,0,37.0,93.0,5.0,9.2,1.0,1
385,441,3223,2017-02-07,15,2,2,1,30,0,0,0,0,0,0,0,30,0,0,0,0,0,0,0,37.0,93.0,5.0,9.2,1.0,1
385,441,3223,2017-02-07,16,1,0,0,30,0,0,0,0,0,0,0,30,0,0,0,0,0,0,0,37.0,93.0,5.0,8.099999999999998,1.0,1
385,441,3223,2017-02-07,16,2,1,0,30,0,0,0,0,0,0,0,30,0,0,0,0,0,0,0,37.0,93.0,5.0,8.099999999999998,1.0,1
385,441,3223,2017-02-07,17,1,1,7,30,0,0,0,0,0,0,0,30,0,0,0,0,0,0,0,37.0,93.0,6.0,10.4,1.0,1
385,441,3223,2017-02-07,17,2,4,1,9,21,0,0,0,0,0,0,30,0,0,0,0,0,0,0,37.0,93.0,6.0,10.4,1.0,1
385,441,3223,2017-02-07,18,1,6,2,0,21,0,0,9,0,0,0,30,0,0,0,0,0,0,0,37.2,94.5,3.0,9.2,2.0,1
385,441,3223,2017-02-07,18,2,3,9,0,16,0,14,0,0,0,0,30,0,0,0,0,0,0,0,37.2,94.5,3.0,9.2,2.0,1
385,441,3223,2017-02-07,19,1,5,3,12,14,0,4,0,0,0,0,30,0,0,0,0,0,0,0,37.0,96.0,2.0333333333333328,8.066666666666668,3.0,1
385,441,3223,2017-02-07,19,2,3,3,0,30,0,0,0,0,0,0,30,0,0,0,0,0,0,0,37.0,96.0,2.0333333333333328,8.066666666666668,3.0,1
385,441,3223,2017-02-07,20,1,2,0,0,25,0,0,5,0,0,0,30,0,0,0,0,0,0,0,37.0,100.0,1.2,8.099999999999998,1.0,1
385,441,3223,2017-02-07,20,2,0,0,0,0,0,0,30,0,0,0,30,0,0,0,0,0,0,0,37.0,100.0,1.2,8.099999999999998,1.0,1
385,441,3223,2017-02-07,21,1,1,3,11,0,0,0,19,0,0,0,30,0,0,0,0,0,0,0,37.0,100.0,1.5,5.8,1.0,1
385,441,3223,2017-02-07,21,2,2,3,16,0,9,5,0,0,0,0,30,0,0,0,0,0,0,0,37.0,100.0,1.5,5.8,1.0,1
385,441,3223,2017-02-07,22,1,0,0,0,0,0,30,0,0,0,0,30,0,0,0,0,0,0,0,37.9,100.0,1.2,4.6,1.0,1
385,441,3223,2017-02-07,22,2,1,0,11,0,6,13,0,0,0,0,30,0,0,0,0,0,0,0,37.9,100.0,1.2,4.6,1.0,1
385,441,3223,2017-02-07,23,1,1,0,30,0,0,0,0,0,0,0,30,0,0,0,0,0,0,0,37.9,100.0,0.65,5.8,2.0,1
385,441,3223,2017-02-07,23,2,0,0,30,0,0,0,0,0,0,0,30,0,0,0,0,0,0,0,37.9,100.0,0.65,5.8,2.0,1
385,441,3223,2017-02-08,0,1,1,0,27,0,0,0,3,0,0,0,30,0,0,0,0,0,0,0,39.0,100.0,1.0,5.8,1.0,2
385,441,3223,2017-02-08,0,2,0,0,30,0,0,0,0,0,0,0,30,0,0,0,0,0,0,0,39.0,100.0,1.0,5.8,1.0,2
385,441,3223,2017-02-08,1,1,0,0,30,0,0,0,0,0,0,0,30,0,0,0,0,0,0,0,37.9,100.0,1.2,3.5,1.0,2
385,441,3223,2017-02-08,1,2,0,0,30,0,0,0,0,0,0,0,30,0,0,0,0,0,0,0,37.9,100.0,1.2,3.5,1.0,2
385,441,3223,2017-02-08,2,1,0,0,30,0,0,0,0,0,0,0,30,0,0,0,0,0,0,0,38.775000000000006,100.0,1.625,3.5,4.0,2
385,441,3223,2017-02-08,2,2,0,0,30,0,0,0,0,0,0,0,30,0,0,0,0,0,0,0,38.775000000000006,100.0,1.625,3.5,4.0,2
385,441,3223,2017-02-08,3,1,0,0,30,0,0,0,0,0,0,0,30,0,0,0,0,0,0,0,39.04,100.0,2.12,4.05,5.0,2
385,441,3223,2017-02-08,3,2,0,0,30,0,0,0,0,0,0,0,30,0,0,0,0,0,0,0,39.04,100.0,2.12,4.05,5.0,2
385,441,3223,2017-02-08,4,1,0,0,30,0,0,0,0,0,0,0,30,0,0,0,0,0,0,0,39.540000000000006,100.0,2.7,3.5,5.0,2
385,441,3223,2017-02-08,4,2,0,0,30,0,0,0,0,0,0,0,30,0,0,0,0,0,0,0,39.540000000000006,100.0,2.7,3.5,5.0,2
385,441,3223,2017-02-08,5,1,0,0,30,0,0,0,0,0,0,0,30,0,0,0,0,0,0,0,39.9,100.0,3.0,5.8,1.0,2
385,441,3223,2017-02-08,5,2,0,0,30,0,0,0,0,0,0,0,30,0,0,0,0,0,0,0,39.9,100.0,3.0,5.8,1.0,2
385,441,3223,2017-02-08,6,1,0,1,30,0,0,0,0,0,0,0,30,0,0,0,0,0,0,0,41.0,96.0,5.0,5.8,1.0,2
385,441,3223,2017-02-08,6,2,2,1,30,0,0,0,0,0,0,0,30,0,0,0,0,0,0,0,41.0,96.0,5.0,5.8,1.0,2
385,441,3223,2017-02-08,7,1,2,3,30,0,0,0,0,0,0,0,30,0,0,0,0,0,0,0,45.0,93.0,4.0,5.8,1.0,2
385,441,3223,2017-02-08,7,2,3,2,30,0,0,0,0,0,0,0,30,0,0,0,0,0,0,0,45.0,93.0,4.0,5.8,1.0,2
385,441,3223,2017-02-08,8,1,3,4,30,0,0,0,0,0,0,0,30,0,0,0,0,0,0,0,50.0,89.0,4.0,4.6,1.0,2
385,441,3223,2017-02-08,8,2,1,2,30,0,0,0,0,0,0,0,30,0,0,0,0,0,0,0,50.0,89.0,4.0,4.6,1.0,2
385,441,3223,2017-02-08,9,1,6,5,30,0,0,0,0,0,0,0,22,8,0,0,0,0,0,0,53.1,77.0,7.0,8.099999999999998,1.0,2
385,441,3223,2017-02-08,9,2,1,8,30,0,0,0,0,0,0,0,4,26,0,0,0,0,0,0,53.1,77.0,7.0,8.099999999999998,1.0,2
385,441,3223,2017-02-08,10,1,3,1,30,0,0,0,0,0,0,0,26,4,0,0,0,0,0,0,55.0,72.0,8.0,5.8,1.0,2
385,441,3223,2017-02-08,10,2,6,6,30,0,0,0,0,0,0,0,10,20,0,0,0,0,0,0,55.0,72.0,8.0,5.8,1.0,2
385,441,3223,2017-02-08,11,1,3,2,30,0,0,0,0,0,0,0,0,30,0,0,0,0,0,0,57.9,67.0,7.0,5.8,1.0,2
385,441,3223,2017-02-08,11,2,1,1,30,0,0,0,0,0,0,0,20,10,0,0,0,0,0,0,57.9,67.0,7.0,5.8,1.0,2
385,441,3223,2017-02-08,12,1,1,4,30,0,0,0,0,0,0,0,30,0,0,0,0,0,0,0,60.1,51.0,10.0,5.8,1.0,2
385,441,3223,2017-02-08,12,2,1,3,30,0,0,0,0,0,0,0,30,0,0,0,0,0,0,0,60.1,51.0,10.0,5.8,1.0,2
385,441,3223,2017-02-08,13,1,3,1,30,0,0,0,0,0,0,0,30,0,0,0,0,0,0,0,60.1,47.0,10.0,5.8,1.0,2
385,441,3223,2017-02-08,13,2,4,2,30,0,0,0,0,0,0,0,30,0,0,0,0,0,0,0,60.1,47.0,10.0,5.8,1.0,2
385,441,3223,2017-02-08,14,1,1,3,30,0,0,0,0,0,0,0,30,0,0,0,0,0,0,0,60.1,49.0,10.0,5.8,1.0,2
385,441,3223,2017-02-08,14,2,2,1,30,0,0,0,0,0,0,0,30,0,0,0,0,0,0,0,60.1,49.0,10.0,5.8,1.0,2
385,441,3223,2017-02-08,15,1,0,1,30,0,0,0,0,0,0,0,30,0,0,0,0,0,0,0,57.0,51.0,10.0,8.099999999999998,1.0,2
385,441,3223,2017-02-08,15,2,5,4,30,0,0,0,0,0,0,0,30,0,0,0,0,0,0,0,57.0,51.0,10.0,8.099999999999998,1.0,2
385,441,3223,2017-02-08,16,1,2,2,30,0,0,0,0,0,0,0,30,0,0,0,0,0,0,0,54.0,51.0,10.0,5.8,1.0,2
385,441,3223,2017-02-08,16,2,1,2,30,0,0,0,0,0,0,0,30,0,0,0,0,0,0,0,54.0,51.0,10.0,5.8,1.0,2
385,441,3223,2017-02-08,17,1,2,5,30,0,0,0,0,0,0,0,30,0,0,0,0,0,0,0,50.0,54.0,10.0,5.8,1.0,2
385,441,3223,2017-02-08,17,2,9,10,30,0,0,0,0,0,0,0,30,0,0,0,0,0,0,0,50.0,54.0,10.0,5.8,1.0,2
385,441,3223,2017-02-08,18,1,4,11,30,0,0,0,0,0,0,0,30,0,0,0,0,0,0,0,48.0,50.0,10.0,5.8,1.0,2
385,441,3223,2017-02-08,18,2,8,4,13,17,0,0,0,0,0,0,30,0,0,0,0,0,0,0,48.0,50.0,10.0,5.8,1.0,2
385,441,3223,2017-02-08,19,1,11,6,3,27,0,0,0,0,0,0,30,0,0,0,0,0,0,0,48.0,50.0,10.0,6.9,1.0,2
385,441,3223,2017-02-08,19,2,12,2,0,30,0,0,0,0,0,0,30,0,0,0,0,0,0,0,48.0,50.0,10.0,6.9,1.0,2
385,441,3223,2017-02-08,20,1,3,4,15,5,0,0,10,0,0,0,30,0,0,0,0,0,0,0,46.9,50.0,10.0,6.9,1.0,2
385,441,3223,2017-02-08,20,2,2,0,0,12,0,0,18,0,0,0,30,0,0,0,0,0,0,0,46.9,50.0,10.0,6.9,1.0,2
385,441,3223,2017-02-08,21,1,0,0,0,0,0,0,30,0,0,0,30,0,0,0,0,0,0,0,46.0,54.0,10.0,6.9,1.0,2
385,441,3223,2017-02-08,21,2,0,1,0,0,14,9,7,0,0,0,30,0,0,0,0,0,0,0,46.0,54.0,10.0,6.9,1.0,2
385,441,3223,2017-02-08,22,1,1,3,0,0,30,0,0,0,0,0,30,0,0,0,0,0,0,0,45.0,56.0,10.0,8.099999999999998,1.0,2
385,441,3223,2017-02-08,22,2,1,0,0,0,27,3,0,0,0,0,30,0,0,0,0,0,0,0,45.0,56.0,10.0,8.099999999999998,1.0,2
385,441,3223,2017-02-08,23,1,1,0,0,0,0,30,0,0,0,0,30,0,0,0,0,0,0,0,44.1,58.0,10.0,8.099999999999998,1.0,2
385,441,3223,2017-02-08,23,2,0,0,0,0,0,8,22,0,0,0,30,0,0,0,0,0,0,0,44.1,58.0,10.0,8.099999999999998,1.0,2
385,441,3223,2017-02-09,0,1,0,0,0,0,0,0,30,0,0,0,30,0,0,0,0,0,0,0,43.0,58.0,10.0,9.2,1.0,3
385,441,3223,2017-02-09,0,2,0,0,0,0,0,0,30,0,0,0,30,0,0,0,0,0,0,0,43.0,58.0,10.0,9.2,1.0,3
385,441,3223,2017-02-09,1,1,0,0,0,0,0,0,30,0,0,0,30,0,0,0,0,0,0,0,41.0,60.0,10.0,8.099999999999998,1.0,3
385,441,3223,2017-02-09,1,2,0,0,0,0,0,0,30,0,0,0,30,0,0,0,0,0,0,0,41.0,60.0,10.0,8.099999999999998,1.0,3
385,441,3223,2017-02-09,2,1,0,0,0,0,0,0,30,0,0,0,30,0,0,0,0,0,0,0,39.9,63.0,10.0,8.099999999999998,1.0,3
385,441,3223,2017-02-09,2,2,0,0,0,0,0,0,30,0,0,0,30,0,0,0,0,0,0,0,39.9,63.0,10.0,8.099999999999998,1.0,3
385,441,3223,2017-02-09,3,1,0,0,0,0,0,0,30,0,0,0,30,0,0,0,0,0,0,0,37.0,65.0,10.0,10.4,1.0,3
385,441,3223,2017-02-09,3,2,0,0,0,0,0,0,30,0,0,0,30,0,0,0,0,0,0,0,37.0,65.0,10.0,10.4,1.0,3
385,441,3223,2017-02-09,4,1,0,0,0,0,0,0,30,0,0,0,30,0,0,0,0,0,0,0,33.05,83.75,0.9,11.225,2.0,3
385,441,3223,2017-02-09,4,2,0,0,0,0,0,0,30,0,0,0,30,0,0,0,0,0,0,0,33.05,83.75,0.9,11.225,2.0,3
385,441,3223,2017-02-09,5,1,0,0,0,0,0,0,30,0,0,0,30,0,0,0,0,0,0,0,30.76,93.0,1.0799999999999998,11.98,5.0,3
385,441,3223,2017-02-09,5,2,0,0,0,0,0,0,30,0,0,0,30,0,0,0,0,0,0,0,30.76,93.0,1.0799999999999998,11.98,5.0,3
385,441,3223,2017-02-09,6,1,0,0,0,0,0,0,30,0,0,0,30,0,0,0,0,0,0,0,29.633333333333336,93.33333333333333,0.5,10.733333333333334,2.0,3
385,441,3223,2017-02-09,6,2,0,0,0,0,0,0,30,0,0,0,30,0,0,0,0,0,0,0,29.633333333333336,93.33333333333333,0.5,10.733333333333334,2.0,3
385,441,3223,2017-02-09,7,1,0,0,0,0,0,0,30,0,0,0,30,0,0,0,0,0,0,0,28.9,96.0,0.2,11.5,1.0,3
385,441,3223,2017-02-09,7,2,0,0,0,0,0,0,30,0,0,0,30,0,0,0,0,0,0,0,28.9,96.0,0.2,11.5,1.0,3
385,441,3223,2017-02-09,8,1,0,0,0,0,0,0,30,0,0,0,30,0,0,0,0,0,0,0,30.0,94.0,0.2,13.25,2.0,3
385,441,3223,2017-02-09,8,2,0,0,0,0,0,0,30,0,0,0,30,0,0,0,0,0,0,0,30.0,94.0,0.2,13.25,2.0,3
385,441,3223,2017-02-09,9,1,0,0,0,0,0,0,30,0,0,0,30,0,0,0,0,0,0,0,28.0,94.0,0.2,13.25,2.0,3
385,441,3223,2017-02-09,9,2,0,0,0,0,0,0,30,0,0,0,30,0,0,0,0,0,0,0,28.0,94.0,0.2,13.25,2.0,3
385,441,3223,2017-02-09,10,1,0,0,0,0,0,0,30,0,0,0,30,0,0,0,0,0,0,0,28.0,92.0,0.2,9.2,1.0,3
385,441,3223,2017-02-09,10,2,0,0,0,0,0,0,30,0,0,0,30,0,0,0,0,0,0,0,28.0,92.0,0.2,9.2,1.0,3
385,441,3223,2017-02-09,11,1,0,0,0,0,0,0,30,0,0,0,30,0,0,0,0,0,0,0,28.0,94.0,0.2,10.4,2.0,3
385,441,3223,2017-02-09,11,2,0,0,0,0,0,0,30,0,0,0,30,0,0,0,0,0,0,0,28.0,94.0,0.2,10.4,2.0,3
385,441,3223,2017-02-09,12,1,0,0,0,0,0,0,30,0,0,0,30,0,0,0,0,0,0,0,28.0,88.0,0.5,6.9,1.0,3
385,441,3223,2017-02-09,12,2,0,0,0,0,0,0,30,0,0,0,30,0,0,0,0,0,0,0,28.0,88.0,0.5,6.9,1.0,3
385,441,3223,2017-02-09,13,1,0,0,0,0,0,0,30,0,0,0,30,0,0,0,0,0,0,0,27.025,75.75,1.7,12.300000000000002,3.0,3
385,441,3223,2017-02-09,13,2,0,0,0,0,0,0,30,0,0,0,30,0,0,0,0,0,0,0,27.025,75.75,1.7,12.300000000000002,3.0,3
385,441,3223,2017-02-09,14,1,0,0,0,0,0,0,30,0,0,0,30,0,0,0,0,0,0,0,25.55,69.0,1.35,12.7,2.0,3
385,441,3223,2017-02-09,14,2,0,0,0,0,0,0,30,0,0,0,30,0,0,0,0,0,0,0,25.55,69.0,1.35,12.7,2.0,3
385,441,3223,2017-02-09,15,1,0,0,0,0,0,0,30,0,0,0,30,0,0,0,0,0,0,0,25.0,53.0,4.0,12.1,2.0,3
385,441,3223,2017-02-09,15,2,0,0,0,0,0,0,30,0,0,0,30,0,0,0,0,0,0,0,25.0,53.0,4.0,12.1,2.0,3
385,441,3223,2017-02-09,16,1,0,0,0,0,0,0,30,0,0,0,30,0,0,0,0,0,0,0,25.0,45.0,8.0,13.8,1.0,3
385,441,3223,2017-02-09,16,2,0,0,0,0,0,0,30,0,0,0,30,0,0,0,0,0,0,0,25.0,45.0,8.0,13.8,1.0,3
385,441,3223,2017-02-09,17,1,0,0,0,0,0,0,30,0,0,0,30,0,0,0,0,0,0,0,23.0,42.0,8.0,19.6,1.0,3
385,441,3223,2017-02-09,17,2,0,0,0,0,0,0,30,0,0,0,30,0,0,0,0,0,0,0,23.0,42.0,8.0,19.6,1.0,3
385,441,3223,2017-02-09,18,1,0,0,0,0,0,0,30,0,0,0,30,0,0,0,0,0,0,0,21.9,42.0,10.0,17.3,1.0,3
385,441,3223,2017-02-09,18,2,0,0,0,0,0,0,30,0,0,0,30,0,0,0,0,0,0,0,21.9,42.0,10.0,17.3,1.0,3
385,441,3223,2017-02-09,19,1,0,0,0,0,0,0,30,0,0,0,30,0,0,0,0,0,0,0,21.0,42.0,10.0,15.0,1.0,3
385,441,3223,2017-02-09,19,2,0,0,0,0,0,0,30,0,0,0,30,0,0,0,0,0,0,0,21.0,42.0,10.0,15.0,1.0,3
385,441,3223,2017-02-09,20,1,0,0,0,0,0,0,30,0,0,0,30,0,0,0,0,0,0,0,19.9,42.0,10.0,13.8,1.0,3
385,441,3223,2017-02-09,20,2,0,0,0,0,0,0,30,0,0,0,30,0,0,0,0,0,0,0,19.9,42.0,10.0,13.8,1.0,3
385,441,3223,2017-02-09,21,1,0,0,0,0,0,0,30,0,0,0,30,0,0,0,0,0,0,0,19.9,44.0,10.0,17.3,1.0,3
385,441,3223,2017-02-09,21,2,0,0,0,0,0,0,30,0,0,0,30,0,0,0,0,0,0,0,19.9,44.0,10.0,17.3,1.0,3
385,441,3223,2017-02-09,22,1,0,0,0,0,0,0,30,0,0,0,30,0,0,0,0,0,0,0,19.0,50.0,10.0,15.0,1.0,3
385,441,3223,2017-02-09,22,2,0,0,0,0,0,0,30,0,0,0,30,0,0,0,0,0,0,0,19.0,50.0,10.0,15.0,1.0,3
385,441,3223,2017-02-09,23,1,0,0,0,0,0,0,30,0,0,0,30,0,0,0,0,0,0,0,19.0,52.0,10.0,9.2,1.0,3
385,441,3223,2017-02-09,23,2,0,0,0,0,0,0,30,0,0,0,30,0,0,0,0,0,0,0,19.0,52.0,10.0,9.2,1.0,3
385,441,3223,2017-02-10,0,1,0,0,0,0,0,0,30,0,0,0,30,0,0,0,0,0,0,0,19.9,52.0,10.0,9.2,1.0,4
385,441,3223,2017-02-10,0,2,0,0,0,0,0,0,30,0,0,0,30,0,0,0,0,0,0,0,19.9,52.0,10.0,9.2,1.0,4
385,441,3223,2017-02-10,1,1,0,0,0,0,0,0,30,0,0,0,30,0,0,0,0,0,0,0,19.9,50.0,10.0,4.6,1.0,4
385,441,3223,2017-02-10,1,2,0,0,0,0,0,0,30,0,0,0,30,0,0,0,0,0,0,0,19.9,50.0,10.0,4.6,1.0,4
385,441,3223,2017-02-10,2,1,0,0,0,0,0,0,30,0,0,0,30,0,0,0,0,0,0,0,19.9,52.0,10.0,9.2,1.0,4
385,441,3223,2017-02-10,2,2,0,0,0,0,0,0,30,0,0,0,30,0,0,0,0,0,0,0,19.9,52.0,10.0,9.2,1.0,4
385,441,3223,2017-02-10,3,1,0,0,0,0,0,0,30,0,0,0,30,0,0,0,0,0,0,0,19.9,55.0,10.0,10.4,1.0,4
385,441,3223,2017-02-10,3,2,0,0,0,0,0,0,30,0,0,0,30,0,0,0,0,0,0,0,19.9,55.0,10.0,10.4,1.0,4
385,441,3223,2017-02-10,4,1,0,0,0,0,0,0,30,0,0,0,30,0,0,0,0,0,0,0,21.0,50.0,10.0,10.4,1.0,4
385,441,3223,2017-02-10,4,2,0,0,0,0,0,0,30,0,0,0,30,0,0,0,0,0,0,0,21.0,50.0,10.0,10.4,1.0,4
385,441,3223,2017-02-10,5,1,0,0,0,0,0,0,30,0,0,0,30,0,0,0,0,0,0,0,21.0,53.0,10.0,9.2,1.0,4
385,441,3223,2017-02-10,5,2,0,0,0,0,0,0,30,0,0,0,30,0,0,0,0,0,0,0,21.0,53.0,10.0,9.2,1.0,4
385,441,3223,2017-02-10,6,1,0,0,0,0,0,0,30,0,0,0,30,0,0,0,0,0,0,0,21.0,53.0,10.0,10.4,1.0,4
385,441,3223,2017-02-10,6,2,0,0,0,0,0,0,30,0,0,0,30,0,0,0,0,0,0,0,21.0,53.0,10.0,10.4,1.0,4
385,441,3223,2017-02-10,7,1,0,0,0,0,0,0,30,0,0,0,30,0,0,0,0,0,0,0,21.9,51.0,10.0,8.099999999999998,1.0,4
385,441,3223,2017-02-10,7,2,0,0,0,0,0,0,30,0,0,0,30,0,0,0,0,0,0,0,21.9,51.0,10.0,8.099999999999998,1.0,4
385,441,3223,2017-02-10,8,1,0,0,0,0,0,0,30,0,0,0,30,0,0,0,0,0,0,0,23.0,46.0,10.0,6.9,1.0,4
385,441,3223,2017-02-10,8,2,0,0,0,0,0,0,30,0,0,0,30,0,0,0,0,0,0,0,23.0,46.0,10.0,6.9,1.0,4
385,441,3223,2017-02-10,9,1,0,0,0,0,0,0,30,0,0,0,30,0,0,0,0,0,0,0,25.0,45.0,10.0,10.4,1.0,4
385,441,3223,2017-02-10,9,2,0,0,0,0,0,0,30,0,0,0,30,0,0,0,0,0,0,0,25.0,45.0,10.0,10.4,1.0,4
385,441,3223,2017-02-10,10,1,0,0,0,0,0,0,30,0,0,0,30,0,0,0,0,0,0,0,27.0,41.0,10.0,6.9,1.0,4
385,441,3223,2017-02-10,10,2,0,0,0,0,0,0,30,0,0,0,30,0,0,0,0,0,0,0,27.0,41.0,10.0,6.9,1.0,4
385,441,3223,2017-02-10,11,1,0,0,0,0,0,0,30,0,0,0,30,0,0,0,0,0,0,0,28.9,40.0,10.0,11.5,1.0,4
385,441,3223,2017-02-10,11,2,0,0,0,0,0,0,30,0,0,0,30,0,0,0,0,0,0,0,28.9,40.0,10.0,11.5,1.0,4
385,441,3223,2017-02-10,12,1,0,0,0,0,0,0,30,0,0,0,30,0,0,0,0,0,0,0,30.9,38.0,10.0,6.9,1.0,4
385,441,3223,2017-02-10,12,2,0,0,0,0,0,0,30,0,0,0,30,0,0,0,0,0,0,0,30.9,38.0,10.0,6.9,1.0,4
385,441,3223,2017-02-10,13,1,0,0,0,0,0,0,30,0,0,0,30,0,0,0,0,0,0,0,30.9,40.0,10.0,6.9,1.0,4
385,441,3223,2017-02-10,13,2,0,0,0,0,0,0,30,0,0,0,30,0,0,0,0,0,0,0,30.9,40.0,10.0,6.9,1.0,4
385,441,3223,2017-02-10,14,1,0,0,0,0,0,0,30,0,0,0,30,0,0,0,0,0,0,0,32.0,38.0,10.0,3.5,1.0,4
385,441,3223,2017-02-10,14,2,0,0,0,0,0,0,30,0,0,0,30,0,0,0,0,0,0,0,32.0,38.0,10.0,3.5,1.0,4
385,441,3223,2017-02-10,15,1,0,0,0,0,0,0,30,0,0,0,30,0,0,0,0,0,0,0,30.9,40.0,10.0,8.099999999999998,1.0,4
385,441,3223,2017-02-10,15,2,0,0,0,0,0,0,30,0,0,0,30,0,0,0,0,0,0,0,30.9,40.0,10.0,8.099999999999998,1.0,4
385,441,3223,2017-02-10,16,1,0,0,0,0,0,0,30,0,0,0,30,0,0,0,0,0,0,0,30.0,47.0,10.0,6.9,1.0,4
385,441,3223,2017-02-10,16,2,0,0,0,0,0,0,30,0,0,0,30,0,0,0,0,0,0,0,30.0,47.0,10.0,6.9,1.0,4
385,441,3223,2017-02-10,17,1,0,0,0,0,0,0,30,0,0,0,30,0,0,0,0,0,0,0,28.9,49.0,10.0,5.8,1.0,4
385,441,3223,2017-02-10,17,2,0,0,0,0,0,0,30,0,0,0,30,0,0,0,0,0,0,0,28.9,49.0,10.0,5.8,1.0,4
385,441,3223,2017-02-10,18,1,0,1,0,0,3,0,27,0,0,0,30,0,0,0,0,0,0,0,28.9,51.0,10.0,10.4,1.0,4
385,441,3223,2017-02-10,18,2,0,0,0,0,13,0,17,0,0,0,30,0,0,0,0,0,0,0,28.9,51.0,10.0,10.4,1.0,4
385,441,3223,2017-02-10,19,1,0,0,0,0,0,0,30,0,0,0,30,0,0,0,0,0,0,0,28.9,51.0,10.0,10.4,1.0,4
385,441,3223,2017-02-10,19,2,0,0,0,0,0,0,30,0,0,0,30,0,0,0,0,0,0,0,28.9,51.0,10.0,10.4,1.0,4
385,441,3223,2017-02-10,20,1,0,0,0,0,0,0,30,0,0,0,30,0,0,0,0,0,0,0,28.9,51.0,10.0,15.0,1.0,4
385,441,3223,2017-02-10,20,2,0,0,0,0,0,0,30,0,0,0,30,0,0,0,0,0,0,0,28.9,51.0,10.0,15.0,1.0,4
385,441,3223,2017-02-10,21,1,0,0,0,0,0,0,30,0,0,0,30,0,0,0,0,0,0,0,27.33333333333333,68.0,2.1,7.3,3.0,4
385,441,3223,2017-02-10,21,2,0,1,0,0,0,2,28,0,0,0,30,0,0,0,0,0,0,0,27.33333333333333,68.0,2.1,7.3,3.0,4
385,441,3223,2017-02-10,22,1,0,0,0,0,0,7,23,0,0,0,30,0,0,0,0,0,0,0,28.9,61.0,10.0,3.5,1.0,4
385,441,3223,2017-02-10,22,2,0,0,0,0,0,0,30,0,0,0,30,0,0,0,0,0,0,0,28.9,61.0,10.0,3.5,1.0,4
385,441,3223,2017-02-10,23,1,0,0,0,0,0,0,30,0,0,0,30,0,0,0,0,0,0,0,30.0,59.0,10.0,8.099999999999998,1.0,4
385,441,3223,2017-02-10,23,2,0,0,0,0,0,0,30,0,0,0,30,0,0,0,0,0,0,0,30.0,59.0,10.0,8.099999999999998,1.0,4
385,441,3223,2017-02-11,0,1,0,0,0,0,0,0,30,0,0,0,30,0,0,0,0,0,0,0,30.9,59.0,10.0,3.5,1.0,5
385,441,3223,2017-02-11,0,2,0,0,0,0,0,0,30,0,0,0,30,0,0,0,0,0,0,0,30.9,59.0,10.0,3.5,1.0,5
385,441,3223,2017-02-11,1,1,0,0,0,0,0,0,30,0,0,0,30,0,0,0,0,0,0,0,33.1,54.0,10.0,3.5,1.0,5
385,441,3223,2017-02-11,1,2,0,0,0,0,0,0,30,0,0,0,30,0,0,0,0,0,0,0,33.1,54.0,10.0,3.5,1.0,5
385,441,3223,2017-02-11,2,1,0,0,0,0,0,0,30,0,0,0,30,0,0,0,0,0,0,0,33.1,66.0,10.0,4.6,1.0,5
385,441,3223,2017-02-11,2,2,0,0,0,0,0,0,30,0,0,0,30,0,0,0,0,0,0,0,33.1,66.0,10.0,4.6,1.0,5
385,441,3223,2017-02-11,3,1,0,0,0,0,0,0,30,0,0,0,30,0,0,0,0,0,0,0,33.1,72.0,10.0,4.6,1.0,5
385,441,3223,2017-02-11,3,2,0,0,0,0,0,0,30,0,0,0,30,0,0,0,0,0,0,0,33.1,72.0,10.0,4.6,1.0,5
385,441,3223,2017-02-11,4,1,0,0,0,0,0,0,30,0,0,0,30,0,0,0,0,0,0,0,37.9,55.0,10.0,5.8,1.0,5
385,441,3223,2017-02-11,4,2,0,0,0,0,0,0,30,0,0,0,30,0,0,0,0,0,0,0,37.9,55.0,10.0,5.8,1.0,5
385,441,3223,2017-02-11,5,1,0,0,0,0,0,0,30,0,0,0,30,0,0,0,0,0,0,0,39.0,50.0,10.0,3.5,1.0,5
385,441,3223,2017-02-11,5,2,0,0,0,0,0,0,30,0,0,0,30,0,0,0,0,0,0,0,39.0,50.0,10.0,3.5,1.0,5
385,441,3223,2017-02-11,6,1,0,0,0,0,0,0,30,0,0,0,30,0,0,0,0,0,0,0,37.9,55.0,10.0,9.2,1.0,5
385,441,3223,2017-02-11,6,2,0,0,0,0,0,0,30,0,0,0,30,0,0,0,0,0,0,0,37.9,55.0,10.0,9.2,1.0,5
385,441,3223,2017-02-11,7,1,0,0,0,0,0,0,30,0,0,0,30,0,0,0,0,0,0,0,37.9,60.0,10.0,3.5,1.0,5
385,441,3223,2017-02-11,7,2,0,0,0,0,0,0,30,0,0,0,30,0,0,0,0,0,0,0,37.9,60.0,10.0,3.5,1.0,5
385,441,3223,2017-02-11,8,1,0,0,0,0,0,0,30,0,0,0,30,0,0,0,0,0,0,0,37.0,62.0,10.0,6.9,1.0,5
385,441,3223,2017-02-11,8,2,0,0,0,0,0,0,30,0,0,0,30,0,0,0,0,0,0,0,37.0,62.0,10.0,6.9,1.0,5
385,441,3223,2017-02-11,9,1,0,0,0,0,0,0,30,0,0,0,30,0,0,0,0,0,0,0,37.9,55.0,10.0,5.8,1.0,5
385,441,3223,2017-02-11,9,2,0,0,0,0,0,0,30,0,0,0,30,0,0,0,0,0,0,0,37.9,55.0,10.0,5.8,1.0,5
385,441,3223,2017-02-11,10,1,0,0,0,0,0,0,30,0,0,0,30,0,0,0,0,0,0,0,37.9,57.0,10.0,6.9,1.0,5
385,441,3223,2017-02-11,10,2,0,1,7,0,0,0,23,0,0,0,30,0,0,0,0,0,0,0,37.9,57.0,10.0,6.9,1.0,5
385,441,3223,2017-02-11,11,1,0,1,30,0,0,0,0,0,0,0,30,0,0,0,0,0,0,0,41.0,45.0,10.0,4.6,1.0,5
385,441,3223,2017-02-11,11,2,0,0,30,0,0,0,0,0,0,0,30,0,0,0,0,0,0,0,41.0,45.0,10.0,4.6,1.0,5
385,441,3223,2017-02-11,12,1,0,1,17,0,0,0,13,0,0,0,30,0,0,0,0,0,0,0,42.1,45.0,10.0,3.5,1.0,5
385,441,3223,2017-02-11,12,2,0,0,0,0,0,0,30,0,0,0,30,0,0,0,0,0,0,0,42.1,45.0,10.0,3.5,1.0,5
385,441,3223,2017-02-11,13,1,0,1,0,0,0,9,21,0,0,0,30,0,0,0,0,0,0,0,44.1,42.0,10.0,3.5,1.0,5
385,441,3223,2017-02-11,13,2,0,0,0,0,0,30,0,0,0,0,30,0,0,0,0,0,0,0,44.1,42.0,10.0,3.5,1.0,5
385,441,3223,2017-02-11,14,1,0,1,0,27,0,3,0,0,0,0,30,0,0,0,0,0,0,0,45.0,42.0,10.0,3.5,1.0,5
385,441,3223,2017-02-11,14,2,0,0,0,30,0,0,0,0,0,0,30,0,0,0,0,0,0,0,45.0,42.0,10.0,3.5,1.0,5
385,441,3223,2017-02-11,15,1,0,1,30,0,0,0,0,0,0,0,30,0,0,0,0,0,0,0,46.9,39.0,10.0,4.6,1.0,5
385,441,3223,2017-02-11,15,2,0,3,30,0,0,0,0,0,0,0,30,0,0,0,0,0,0,0,46.9,39.0,10.0,4.6,1.0,5
385,441,3223,2017-02-11,16,1,0,1,30,0,0,0,0,0,0,0,30,0,0,0,0,0,0,0,46.9,41.0,10.0,3.5,1.0,5
385,441,3223,2017-02-11,16,2,0,1,30,0,0,0,0,0,0,0,30,0,0,0,0,0,0,0,46.9,41.0,10.0,3.5,1.0,5
385,441,3223,2017-02-11,17,1,0,1,30,0,0,0,0,0,0,0,30,0,0,0,0,0,0,0,45.0,49.0,10.0,4.6,1.0,5
385,441,3223,2017-02-11,17,2,0,0,30,0,0,0,0,0,0,0,30,0,0,0,0,0,0,0,45.0,49.0,10.0,4.6,1.0,5
385,441,3223,2017-02-11,18,1,0,0,30,0,0,0,0,0,0,0,30,0,0,0,0,0,0,0,44.1,53.0,9.0,4.6,1.0,5
385,441,3223,2017-02-11,18,2,0,0,30,0,0,0,0,0,0,0,30,0,0,0,0,0,0,0,44.1,53.0,9.0,4.6,1.0,5
385,441,3223,2017-02-11,19,1,0,1,30,0,0,0,0,0,0,0,30,0,0,0,0,0,0,0,44.1,49.0,10.0,3.5,1.0,5
385,441,3223,2017-02-11,19,2,0,0,30,0,0,0,0,0,0,0,30,0,0,0,0,0,0,0,44.1,49.0,10.0,3.5,1.0,5
385,441,3223,2017-02-11,20,1,0,1,30,0,0,0,0,0,0,0,30,0,0,0,0,0,0,0,43.0,49.0,10.0,4.6,1.0,5
385,441,3223,2017-02-11,20,2,0,1,30,0,0,0,0,0,0,0,30,0,0,0,0,0,0,0,43.0,49.0,10.0,4.6,1.0,5
385,441,3223,2017-02-11,21,1,0,0,30,0,0,0,0,0,0,0,30,0,0,0,0,0,0,0,41.0,60.0,10.0,3.5,1.0,5
385,441,3223,2017-02-11,21,2,0,0,30,0,0,0,0,0,0,0,30,0,0,0,0,0,0,0,41.0,60.0,10.0,3.5,1.0,5
385,441,3223,2017-02-11,22,1,0,1,30,0,0,0,0,0,0,0,30,0,0,0,0,0,0,0,39.9,63.0,10.0,3.5,1.0,5
385,441,3223,2017-02-11,22,2,0,0,30,0,0,0,0,0,0,0,30,0,0,0,0,0,0,0,39.9,63.0,10.0,3.5,1.0,5
385,441,3223,2017-02-11,23,1,0,0,30,0,0,0,0,0,0,0,30,0,0,0,0,0,0,0,39.0,65.0,10.0,3.5,1.0,5
385,441,3223,2017-02-11,23,2,0,0,30,0,0,0,0,0,0,0,30,0,0,0,0,0,0,0,39.0,65.0,10.0,3.5,1.0,5
385,441,3223,2017-02-12,0,1,0,0,30,0,0,0,0,0,0,0,30,0,0,0,0,0,0,0,39.0,67.0,9.0,5.8,1.0,6
385,441,3223,2017-02-12,0,2,0,0,30,0,0,0,0,0,0,0,30,0,0,0,0,0,0,0,39.0,67.0,9.0,5.8,1.0,6
385,441,3223,2017-02-12,1,1,0,0,30,0,0,0,0,0,0,0,30,0,0,0,0,0,0,0,37.9,68.0,9.0,4.6,1.0,6
385,441,3223,2017-02-12,1,2,0,0,30,0,0,0,0,0,0,0,30,0,0,0,0,0,0,0,37.9,68.0,9.0,4.6,1.0,6
385,441,3223,2017-02-12,2,1,0,0,30,0,0,0,0,0,0,0,30,0,0,0,0,0,0,0,37.0,70.0,9.0,12.7,1.0,6
385,441,3223,2017-02-12,2,2,0,0,30,0,0,0,0,0,0,0,30,0,0,0,0,0,0,0,37.0,70.0,9.0,12.7,1.0,6
385,441,3223,2017-02-12,3,1,0,0,30,0,0,0,0,0,0,0,30,0,0,0,0,0,0,0,34.0,70.0,10.0,12.7,1.0,6
385,441,3223,2017-02-12,3,2,0,0,30,0,0,0,0,0,0,0,30,0,0,0,0,0,0,0,34.0,70.0,10.0,12.7,1.0,6
385,441,3223,2017-02-12,4,1,0,0,30,0,0,0,0,0,0,0,30,0,0,0,0,0,0,0,33.1,78.0,7.0,8.099999999999998,1.0,6
385,441,3223,2017-02-12,4,2,0,0,30,0,0,0,0,0,0,0,30,0,0,0,0,0,0,0,33.1,78.0,7.0,8.099999999999998,1.0,6
385,441,3223,2017-02-12,5,1,0,0,30,0,0,0,0,0,0,0,30,0,0,0,0,0,0,0,33.1,78.0,8.0,9.2,1.0,6
385,441,3223,2017-02-12,5,2,0,0,30,0,0,0,0,0,0,0,30,0,0,0,0,0,0,0,33.1,78.0,8.0,9.2,1.0,6
385,441,3223,2017-02-12,6,1,0,0,30,0,0,0,0,0,0,0,30,0,0,0,0,0,0,0,32.0,83.5,7.0,8.099999999999998,2.0,6
385,441,3223,2017-02-12,6,2,0,0,30,0,0,0,0,0,0,0,30,0,0,0,0,0,0,0,32.0,83.5,7.0,8.099999999999998,2.0,6
385,441,3223,2017-02-12,7,1,0,0,30,0,0,0,0,0,0,0,30,0,0,0,0,0,0,0,31.266666666666666,87.66666666666667,7.0,8.066666666666665,2.0,6
385,441,3223,2017-02-12,7,2,0,0,30,0,0,0,0,0,0,0,30,0,0,0,0,0,0,0,31.266666666666666,87.66666666666667,7.0,8.066666666666665,2.0,6
385,441,3223,2017-02-12,8,1,0,0,30,0,0,0,0,0,0,0,30,0,0,0,0,0,0,0,30.9,85.0,7.0,9.8,2.0,6
385,441,3223,2017-02-12,8,2,0,0,30,0,0,0,0,0,0,0,30,0,0,0,0,0,0,0,30.9,85.0,7.0,9.8,2.0,6
385,441,3223,2017-02-12,9,1,1,1,30,0,0,0,0,0,0,0,30,0,0,0,0,0,0,0,30.066666666666663,92.33333333333333,1.8333333333333333,10.766666666666666,3.0,6
385,441,3223,2017-02-12,9,2,0,2,30,0,0,0,0,0,0,0,30,0,0,0,0,0,0,0,30.066666666666663,92.33333333333333,1.8333333333333333,10.766666666666666,3.0,6
385,441,3223,2017-02-12,10,1,0,0,30,0,0,0,0,0,0,0,30,0,0,0,0,0,0,0,30.0,93.0,2.45,12.95,2.0,6
385,441,3223,2017-02-12,10,2,0,0,30,0,0,0,0,0,0,0,30,0,0,0,0,0,0,0,30.0,93.0,2.45,12.95,2.0,6
385,441,3223,2017-02-12,11,1,0,1,30,0,0,0,0,0,0,0,30,0,0,0,0,0,0,0,30.0,94.0,2.75,9.8,2.0,6
385,441,3223,2017-02-12,11,2,0,0,30,0,0,0,0,0,0,0,30,0,0,0,0,0,0,0,30.0,94.0,2.75,9.8,2.0,6
385,441,3223,2017-02-12,12,1,1,0,30,0,0,0,0,0,0,0,30,0,0,0,0,0,0,0,32.0,96.0,1.5,4.6,1.0,6
385,441,3223,2017-02-12,12,2,1,1,30,0,0,0,0,0,0,0,30,0,0,0,0,0,0,0,32.0,96.0,1.5,4.6,1.0,6
385,441,3223,2017-02-12,13,1,0,0,30,0,0,0,0,0,0,0,30,0,0,0,0,0,0,0,31.633333333333336,95.0,4.333333333333333,7.333333333333333,2.0,6
385,441,3223,2017-02-12,13,2,2,0,30,0,0,0,0,0,0,0,30,0,0,0,0,0,0,0,31.633333333333336,95.0,4.333333333333333,7.333333333333333,2.0,6
385,441,3223,2017-02-12,14,1,0,0,30,0,0,0,0,0,0,0,30,0,0,0,0,0,0,0,32.0,98.0,5.5,8.05,2.0,6
385,441,3223,2017-02-12,14,2,1,0,30,0,0,0,0,0,0,0,30,0,0,0,0,0,0,0,32.0,98.0,5.5,8.05,2.0,6
385,441,3223,2017-02-12,15,1,0,1,30,0,0,0,0,0,0,0,30,0,0,0,0,0,0,0,33.1,96.0,2.0,6.9,1.0,6
385,441,3223,2017-02-12,15,2,1,0,30,0,0,0,0,0,0,0,30,0,0,0,0,0,0,0,33.1,96.0,2.0,6.9,1.0,6
385,441,3223,2017-02-12,16,1,0,3,30,0,0,0,0,0,0,0,30,0,0,0,0,0,0,0,33.775,96.0,2.325,8.074999999999998,4.0,6
385,441,3223,2017-02-12,16,2,0,0,30,0,0,0,0,0,0,0,30,0,0,0,0,0,0,0,33.775,96.0,2.325,8.074999999999998,4.0,6
385,441,3223,2017-02-12,17,1,1,0,30,0,0,0,0,0,0,0,30,0,0,0,0,0,0,0,34.0,99.0,2.625,6.074999999999999,3.0,6
385,441,3223,2017-02-12,17,2,0,0,30,0,0,0,0,0,0,0,30,0,0,0,0,0,0,0,34.0,99.0,2.625,6.074999999999999,3.0,6
385,441,3223,2017-02-12,18,1,0,0,30,0,0,0,0,0,0,0,30,0,0,0,0,0,0,0,33.96,96.8,3.2,5.1,5.0,6
385,441,3223,2017-02-12,18,2,0,0,30,0,0,0,0,0,0,0,30,0,0,0,0,0,0,0,33.96,96.8,3.2,5.1,5.0,6
385,441,3223,2017-02-12,19,1,0,0,30,0,0,0,0,0,0,0,30,0,0,0,0,0,0,0,34.0,96.0,6.5,3.5,2.0,6
385,441,3223,2017-02-12,19,2,0,0,30,0,0,0,0,0,0,0,30,0,0,0,0,0,0,0,34.0,96.0,6.5,3.5,2.0,6
385,441,3223,2017-02-12,20,1,0,0,30,0,0,0,0,0,0,0,30,0,0,0,0,0,0,0,34.0,96.0,8.0,3.5,1.0,6
385,441,3223,2017-02-12,20,2,0,0,30,0,0,0,0,0,0,0,30,0,0,0,0,0,0,0,34.0,96.0,8.0,3.5,1.0,6
385,441,3223,2017-02-12,21,1,0,0,30,0,0,0,0,0,0,0,30,0,0,0,0,0,0,0,34.0,96.0,10.0,5.199999999999999,2.0,6
385,441,3223,2017-02-12,21,2,0,0,30,0,0,0,0,0,0,0,30,0,0,0,0,0,0,0,34.0,96.0,10.0,5.199999999999999,2.0,6
385,441,3223,2017-02-12,22,1,0,0,30,0,0,0,0,0,0,0,30,0,0,0,0,0,0,0,35.1,89.0,10.0,3.5,1.0,6
385,441,3223,2017-02-12,22,2,0,0,30,0,0,0,0,0,0,0,30,0,0,0,0,0,0,0,35.1,89.0,10.0,3.5,1.0,6
385,441,3223,2017-02-12,23,1,0,0,30,0,0,0,0,0,0,0,30,0,0,0,0,0,0,0,36.0,89.0,10.0,5.8,1.0,6
385,441,3223,2017-02-12,23,2,0,0,30,0,0,0,0,0,0,0,30,0,0,0,0,0,0,0,36.0,89.0,10.0,5.8,1.0,6
385,441,3223,2017-02-13,0,1,0,0,30,0,0,0,0,0,0,0,30,0,0,0,0,0,0,0,37.9,86.0,10.0,5.8,1.0,0
385,441,3223,2017-02-13,0,2,0,0,30,0,0,0,0,0,0,0,30,0,0,0,0,0,0,0,37.9,86.0,10.0,5.8,1.0,0
385,441,3223,2017-02-13,1,1,0,0,30,0,0,0,0,0,0,0,30,0,0,0,0,0,0,0,37.0,86.0,10.0,8.099999999999998,1.0,0
385,441,3223,2017-02-13,1,2,0,0,30,0,0,0,0,0,0,0,30,0,0,0,0,0,0,0,37.0,86.0,10.0,8.099999999999998,1.0,0
385,441,3223,2017-02-13,2,1,0,0,30,0,0,0,0,0,0,0,30,0,0,0,0,0,0,0,36.15,87.75,8.25,9.5,2.0,0
385,441,3223,2017-02-13,2,2,0,0,30,0,0,0,0,0,0,0,30,0,0,0,0,0,0,0,36.15,87.75,8.25,9.5,2.0,0
385,441,3223,2017-02-13,3,1,0,0,30,0,0,0,0,0,0,0,30,0,0,0,0,0,0,0,37.0,65.0,10.0,12.7,1.0,0
385,441,3223,2017-02-13,3,2,0,0,30,0,0,0,0,0,0,0,30,0,0,0,0,0,0,0,37.0,65.0,10.0,12.7,1.0,0
385,441,3223,2017-02-13,4,1,0,0,30,0,0,0,0,0,0,0,30,0,0,0,0,0,0,0,36.0,59.0,10.0,12.7,1.0,0
385,441,3223,2017-02-13,4,2,0,0,30,0,0,0,0,0,0,0,30,0,0,0,0,0,0,0,36.0,59.0,10.0,12.7,1.0,0
385,441,3223,2017-02-13,5,1,0,0,30,0,0,0,0,0,0,0,30,0,0,0,0,0,0,0,34.0,59.0,10.0,18.4,1.0,0
385,441,3223,2017-02-13,5,2,1,1,30,0,0,0,0,0,0,0,30,0,0,0,0,0,0,0,34.0,59.0,10.0,18.4,1.0,0
385,441,3223,2017-02-13,6,1,1,0,30,0,0,0,0,0,0,0,30,0,0,0,0,0,0,0,34.0,56.0,10.0,12.7,2.0,0
385,441,3223,2017-02-13,6,2,3,1,30,0,0,0,0,0,0,0,30,0,0,0,0,0,0,0,34.0,56.0,10.0,12.7,2.0,0
385,441,3223,2017-02-13,7,1,3,0,30,0,0,0,0,0,0,0,30,0,0,0,0,0,0,0,34.0,56.0,10.0,17.3,1.0,0
385,441,3223,2017-02-13,7,2,1,2,30,0,0,0,0,0,0,0,30,0,0,0,0,0,0,0,34.0,56.0,10.0,17.3,1.0,0
385,441,3223,2017-02-13,8,1,5,5,30,0,0,0,0,0,0,0,30,0,0,0,0,0,0,0,34.0,61.0,10.0,11.5,1.0,0
385,441,3223,2017-02-13,8,2,7,3,30,0,0,0,0,0,0,0,30,0,0,0,0,0,0,0,34.0,61.0,10.0,11.5,1.0,0
385,441,3223,2017-02-13,9,1,6,1,24,0,0,0,6,0,0,0,30,0,0,0,0,0,0,0,36.0,55.0,10.0,18.4,1.0,0
385,441,3223,2017-02-13,9,2,0,2,24,0,0,0,6,0,0,0,30,0,0,0,0,0,0,0,36.0,55.0,10.0,18.4,1.0,0
385,441,3223,2017-02-13,10,1,0,1,30,0,0,0,0,0,0,0,30,0,0,0,0,0,0,0,36.0,57.0,10.0,15.0,1.0,0
385,441,3223,2017-02-13,10,2,2,3,30,0,0,0,0,0,0,0,30,0,0,0,0,0,0,0,36.0,57.0,10.0,15.0,1.0,0
385,441,3223,2017-02-13,11,1,2,1,30,0,0,0,0,0,0,0,30,0,0,0,0,0,0,0,37.0,50.0,10.0,16.1,1.0,0
385,441,3223,2017-02-13,11,2,2,1,30,0,0,0,0,0,0,0,30,0,0,0,0,0,0,0,37.0,50.0,10.0,16.1,1.0,0
385,441,3223,2017-02-13,12,1,0,2,30,0,0,0,0,0,0,0,30,0,0,0,0,0,0,0,36.0,52.0,10.0,17.3,1.0,0
385,441,3223,2017-02-13,12,2,2,2,9,0,21,0,0,0,0,0,30,0,0,0,0,0,0,0,36.0,52.0,10.0,17.3,1.0,0
385,441,3223,2017-02-13,13,1,1,1,0,0,30,0,0,0,0,0,30,0,0,0,0,0,0,0,37.9,86.0,10.0,5.8,1.0,0
385,441,3223,2017-02-13,13,2,0,0,0,0,30,0,0,0,0,0,30,0,0,0,0,0,0,0,37.9,86.0,10.0,5.8,1.0,0
385,441,3223,2017-02-13,14,1,1,2,18,0,12,0,0,0,0,0,30,0,0,0,0,0,0,0,37.9,86.0,10.0,5.8,1.0,0
385,441,3223,2017-02-13,14,2,1,4,30,0,0,0,0,0,0,0,30,0,0,0,0,0,0,0,37.9,86.0,10.0,5.8,1.0,0
385,441,3223,2017-02-13,15,1,0,1,30,0,0,0,0,0,0,0,30,0,0,0,0,0,0,0,35.1,57.0,10.0,5.8,1.0,0
385,441,3223,2017-02-13,15,2,1,1,30,0,0,0,0,0,0,0,30,0,0,0,0,0,0,0,35.1,57.0,10.0,5.8,1.0,0
385,441,3223,2017-02-13,16,1,2,0,30,0,0,0,0,0,0,0,30,0,0,0,0,0,0,0,35.1,50.0,10.0,17.3,1.0,0
385,441,3223,2017-02-13,16,2,4,3,30,0,0,0,0,0,0,0,30,0,0,0,0,0,0,0,35.1,50.0,10.0,17.3,1.0,0
385,441,3223,2017-02-13,17,1,0,3,30,0,0,0,0,0,0,0,30,0,0,0,0,0,0,0,34.0,52.0,10.0,12.7,1.0,0
385,441,3223,2017-02-13,17,2,1,7,30,0,0,0,0,0,0,0,30,0,0,0,0,0,0,0,34.0,52.0,10.0,12.7,1.0,0
385,441,3223,2017-02-13,18,1,5,7,30,0,0,0,0,0,0,0,30,0,0,0,0,0,0,0,33.1,50.0,10.0,4.6,1.0,0
385,441,3223,2017-02-13,18,2,2,3,30,0,0,0,0,0,0,0,30,0,0,0,0,0,0,0,33.1,50.0,10.0,4.6,1.0,0
385,441,3223,2017-02-13,19,1,4,4,30,0,0,0,0,0,0,0,30,0,0,0,0,0,0,0,32.0,54.0,10.0,9.2,1.0,0
385,441,3223,2017-02-13,19,2,2,3,30,0,0,0,0,0,0,0,30,0,0,0,0,0,0,0,32.0,54.0,10.0,9.2,1.0,0
385,441,3223,2017-02-13,20,1,6,3,30,0,0,0,0,0,0,0,30,0,0,0,0,0,0,0,30.9,59.0,10.0,11.5,1.0,0
385,441,3223,2017-02-13,20,2,2,2,24,0,6,0,0,0,0,0,30,0,0,0,0,0,0,0,30.9,59.0,10.0,11.5,1.0,0
385,441,3223,2017-02-13,21,1,2,1,21,0,9,0,0,0,0,0,30,0,0,0,0,0,0,0,30.9,61.0,10.0,11.5,1.0,0
385,441,3223,2017-02-13,21,2,2,0,30,0,0,0,0,0,0,0,30,0,0,0,0,0,0,0,30.9,61.0,10.0,11.5,1.0,0
385,441,3223,2017-02-13,22,1,1,1,30,0,0,0,0,0,0,0,30,0,0,0,0,0,0,0,30.9,61.0,10.0,4.6,1.0,0
385,441,3223,2017-02-13,22,2,1,1,30,0,0,0,0,0,0,0,30,0,0,0,0,0,0,0,30.9,61.0,10.0,4.6,1.0,0
385,441,3223,2017-02-13,23,1,0,0,6,0,18,6,0,0,0,0,30,0,0,0,0,0,0,0,30.9,59.0,10.0,5.8,1.0,0
385,441,3223,2017-02-13,23,2,1,0,0,0,0,30,0,0,0,0,30,0,0,0,0,0,0,0,30.9,59.0,10.0,5.8,1.0,0
385,441,3223,2017-02-14,0,1,1,0,0,0,0,30,0,0,0,0,30,0,0,0,0,0,0,0,30.0,59.0,10.0,6.9,1.0,1
385,441,3223,2017-02-14,0,2,0,0,0,0,0,30,0,0,0,0,30,0,0,0,0,0,0,0,30.0,59.0,10.0,6.9,1.0,1
385,441,3223,2017-02-14,1,1,0,0,0,3,0,27,0,0,0,0,30,0,0,0,0,0,0,0,30.0,59.0,10.0,4.6,1.0,1
385,441,3223,2017-02-14,1,2,0,0,0,30,0,0,0,0,0,0,30,0,0,0,0,0,0,0,30.0,59.0,10.0,4.6,1.0,1
385,441,3223,2017-02-14,2,1,0,0,0,30,0,0,0,0,0,0,30,0,0,0,0,0,0,0,30.0,59.0,10.0,6.9,1.0,1
385,441,3223,2017-02-14,2,2,0,0,0,30,0,0,0,0,0,0,30,0,0,0,0,0,0,0,30.0,59.0,10.0,6.9,1.0,1
385,441,3223,2017-02-14,3,1,0,0,0,30,0,0,0,0,0,0,30,0,0,0,0,0,0,0,28.9,61.0,10.0,4.6,1.0,1
385,441,3223,2017-02-14,3,2,0,0,0,30,0,0,0,0,0,0,30,0,0,0,0,0,0,0,28.9,61.0,10.0,4.6,1.0,1
385,441,3223,2017-02-14,4,1,0,0,0,30,0,0,0,0,0,0,30,0,0,0,0,0,0,0,28.9,61.0,10.0,6.9,1.0,1
385,441,3223,2017-02-14,4,2,0,0,0,24,0,6,0,0,0,0,30,0,0,0,0,0,0,0,28.9,61.0,10.0,6.9,1.0,1
385,441,3223,2017-02-14,5,1,1,0,0,0,0,30,0,0,0,0,30,0,0,0,0,0,0,0,28.0,63.0,10.0,5.8,1.0,1
385,441,3223,2017-02-14,5,2,0,0,0,0,0,30,0,0,0,0,30,0,0,0,0,0,0,0,28.0,63.0,10.0,5.8,1.0,1
385,441,3223,2017-02-14,6,1,4,2,0,0,0,30,0,0,0,0,30,0,0,0,0,0,0,0,28.9,61.0,10.0,6.9,1.0,1
385,441,3223,2017-02-14,6,2,1,0,9,0,21,0,0,0,0,0,30,0,0,0,0,0,0,0,28.9,61.0,10.0,6.9,1.0,1
385,441,3223,2017-02-14,7,1,3,2,30,0,0,0,0,0,0,0,30,0,0,0,0,0,0,0,28.9,61.0,10.0,5.8,1.0,1
385,441,3223,2017-02-14,7,2,5,1,30,0,0,0,0,0,0,0,30,0,0,0,0,0,0,0,28.9,61.0,10.0,5.8,1.0,1
385,441,3223,2017-02-14,8,1,5,3,12,0,3,0,15,0,0,0,30,0,0,0,0,0,0,0,30.0,61.0,10.0,6.9,1.0,1
385,441,3223,2017-02-14,8,2,6,6,18,0,9,0,3,0,0,0,30,0,0,0,0,0,0,0,30.0,61.0,10.0,6.9,1.0,1
385,441,3223,2017-02-14,9,1,6,0,18,0,3,0,9,0,0,0,30,0,0,0,0,0,0,0,30.9,59.0,10.0,3.5,1.0,1
385,441,3223,2017-02-14,9,2,4,6,27,0,3,0,0,0,0,0,30,0,0,0,0,0,0,0,30.9,59.0,10.0,3.5,1.0,1
385,441,3223,2017-02-14,10,1,1,6,6,0,24,0,0,0,0,0,30,0,0,0,0,0,0,0,32.0,59.0,10.0,5.8,1.0,1
385,441,3223,2017-02-14,10,2,0,0,0,0,30,0,0,0,0,0,30,0,0,0,0,0,0,0,32.0,59.0,10.0,5.8,1.0,1
385,441,3223,2017-02-14,11,1,0,2,3,0,27,0,0,0,0,0,30,0,0,0,0,0,0,0,33.1,56.0,10.0,8.099999999999998,1.0,1
385,441,3223,2017-02-14,11,2,1,3,27,0,3,0,0,0,0,0,30,0,0,0,0,0,0,0,33.1,56.0,10.0,8.099999999999998,1.0,1
385,441,3223,2017-02-14,12,1,2,4,30,0,0,0,0,0,0,0,30,0,0,0,0,0,0,0,35.1,54.0,10.0,6.9,1.0,1
385,441,3223,2017-02-14,12,2,0,4,30,0,0,0,0,0,0,0,30,0,0,0,0,0,0,0,35.1,54.0,10.0,6.9,1.0,1
385,441,3223,2017-02-14,13,1,3,0,30,0,0,0,0,0,0,0,30,0,0,0,0,0,0,0,37.0,52.0,10.0,6.9,1.0,1
385,441,3223,2017-02-14,13,2,1,0,30,0,0,0,0,0,0,0,30,0,0,0,0,0,0,0,37.0,52.0,10.0,6.9,1.0,1
385,441,3223,2017-02-14,14,1,1,2,30,0,0,0,0,0,0,0,30,0,0,0,0,0,0,0,37.9,51.0,10.0,6.9,1.0,1
385,441,3223,2017-02-14,14,2,3,1,30,0,0,0,0,0,0,0,30,0,0,0,0,0,0,0,37.9,51.0,10.0,6.9,1.0,1
385,441,3223,2017-02-14,15,1,1,0,30,0,0,0,0,0,0,0,30,0,0,0,0,0,0,0,39.0,49.0,10.0,6.9,1.0,1
385,441,3223,2017-02-14,15,2,0,2,30,0,0,0,0,0,0,0,30,0,0,0,0,0,0,0,39.0,49.0,10.0,6.9,1.0,1
385,441,3223,2017-02-14,16,1,3,1,30,0,0,0,0,0,0,0,30,0,0,0,0,0,0,0,39.9,49.0,10.0,4.6,1.0,1
385,441,3223,2017-02-14,16,2,2,0,30,0,0,0,0,0,0,0,30,0,0,0,0,0,0,0,39.9,49.0,10.0,4.6,1.0,1
385,441,3223,2017-02-14,17,1,1,6,30,0,0,0,0,0,0,0,30,0,0,0,0,0,0,0,39.0,50.0,10.0,6.9,1.0,1
385,441,3223,2017-02-14,17,2,2,3,30,0,0,0,0,0,0,0,30,0,0,0,0,0,0,0,39.0,50.0,10.0,6.9,1.0,1
385,441,3223,2017-02-14,18,1,2,7,30,0,0,0,0,0,0,0,30,0,0,0,0,0,0,0,39.9,51.0,10.0,12.7,1.0,1
385,441,3223,2017-02-14,18,2,2,8,30,0,0,0,0,0,0,0,30,0,0,0,0,0,0,0,39.9,51.0,10.0,12.7,1.0,1
385,441,3223,2017-02-14,19,1,6,4,30,0,0,0,0,0,0,0,30,0,0,0,0,0,0,0,39.9,53.0,10.0,6.9,1.0,1
385,441,3223,2017-02-14,19,2,5,1,30,0,0,0,0,0,0,0,30,0,0,0,0,0,0,0,39.9,53.0,10.0,6.9,1.0,1
385,441,3223,2017-02-14,20,1,0,1,30,0,0,0,0,0,0,0,30,0,0,0,0,0,0,0,39.9,60.0,10.0,3.5,1.0,1
385,441,3223,2017-02-14,20,2,0,1,30,0,0,0,0,0,0,0,30,0,0,0,0,0,0,0,39.9,60.0,10.0,3.5,1.0,1
385,441,3223,2017-02-14,21,1,1,2,30,0,0,0,0,0,0,0,30,0,0,0,0,0,0,0,39.9,65.0,10.0,4.6,1.0,1
385,441,3223,2017-02-14,21,2,1,1,30,0,0,0,0,0,0,0,30,0,0,0,0,0,0,0,39.9,65.0,10.0,4.6,1.0,1
385,441,3223,2017-02-14,22,1,0,0,30,0,0,0,0,0,0,0,30,0,0,0,0,0,0,0,39.0,65.0,10.0,4.6,1.0,1
385,441,3223,2017-02-14,22,2,0,0,30,0,0,0,0,0,0,0,30,0,0,0,0,0,0,0,39.0,65.0,10.0,4.6,1.0,1
385,441,3223,2017-02-14,23,1,1,0,30,0,0,0,0,0,0,0,30,0,0,0,0,0,0,0,39.0,62.0,10.0,5.8,1.0,1
385,441,3223,2017-02-14,23,2,2,1,30,0,0,0,0,0,0,0,30,0,0,0,0,0,0,0,39.0,62.0,10.0,5.8,1.0,1
385,441,3223,2017-02-15,0,1,0,0,30,0,0,0,0,0,0,0,30,0,0,0,0,0,0,0,37.9,65.0,10.0,6.9,1.0,2
385,441,3223,2017-02-15,0,2,0,0,30,0,0,0,0,0,0,0,30,0,0,0,0,0,0,0,37.9,65.0,10.0,6.9,1.0,2
385,441,3223,2017-02-15,1,1,0,0,30,0,0,0,0,0,0,0,30,0,0,0,0,0,0,0,37.9,68.0,10.0,8.099999999999998,1.0,2
385,441,3223,2017-02-15,1,2,0,0,30,0,0,0,0,0,0,0,30,0,0,0,0,0,0,0,37.9,68.0,10.0,8.099999999999998,1.0,2
385,441,3223,2017-02-15,2,1,0,0,30,0,0,0,0,0,0,0,30,0,0,0,0,0,0,0,37.0,73.0,10.0,6.9,1.0,2
385,441,3223,2017-02-15,2,2,0,0,30,0,0,0,0,0,0,0,30,0,0,0,0,0,0,0,37.0,73.0,10.0,6.9,1.0,2
385,441,3223,2017-02-15,3,1,0,0,30,0,0,0,0,0,0,0,30,0,0,0,0,0,0,0,37.9,73.0,10.0,5.8,1.0,2
385,441,3223,2017-02-15,3,2,0,0,30,0,0,0,0,0,0,0,30,0,0,0,0,0,0,0,37.9,73.0,10.0,5.8,1.0,2
385,441,3223,2017-02-15,4,1,0,0,30,0,0,0,0,0,0,0,30,0,0,0,0,0,0,0,37.9,73.0,10.0,8.099999999999998,1.0,2
385,441,3223,2017-02-15,4,2,0,0,30,0,0,0,0,0,0,0,30,0,0,0,0,0,0,0,37.9,73.0,10.0,8.099999999999998,1.0,2
385,441,3223,2017-02-15,5,1,0,1,30,0,0,0,0,0,0,0,30,0,0,0,0,0,0,0,37.9,70.0,10.0,6.9,1.0,2
385,441,3223,2017-02-15,5,2,1,1,30,0,0,0,0,0,0,0,30,0,0,0,0,0,0,0,37.9,70.0,10.0,6.9,1.0,2
385,441,3223,2017-02-15,6,1,1,1,30,0,0,0,0,0,0,0,30,0,0,0,0,0,0,0,36.0,79.0,10.0,6.9,1.0,2
385,441,3223,2017-02-15,6,2,5,1,30,0,0,0,0,0,0,0,30,0,0,0,0,0,0,0,36.0,79.0,10.0,6.9,1.0,2
385,441,3223,2017-02-15,7,1,1,1,30,0,0,0,0,0,0,0,30,0,0,0,0,0,0,0,37.9,79.0,8.0,6.9,1.0,2
385,441,3223,2017-02-15,7,2,4,0,30,0,0,0,0,0,0,0,30,0,0,0,0,0,0,0,37.9,79.0,8.0,6.9,1.0,2
385,441,3223,2017-02-15,8,1,7,1,30,0,0,0,0,0,0,0,30,0,0,0,0,0,0,0,39.0,76.0,8.0,5.8,1.0,2
385,441,3223,2017-02-15,8,2,8,4,30,0,0,0,0,0,0,0,30,0,0,0,0,0,0,0,39.0,76.0,8.0,5.8,1.0,2
385,441,3223,2017-02-15,9,1,5,2,22,0,0,0,8,0,0,0,30,0,0,0,0,0,0,0,39.9,73.0,7.0,4.6,1.0,2
385,441,3223,2017-02-15,9,2,4,8,27,0,0,0,3,0,0,0,30,0,0,0,0,0,0,0,39.9,73.0,7.0,4.6,1.0,2
385,441,3223,2017-02-15,10,1,1,5,30,0,0,0,0,0,0,0,30,0,0,0,0,0,0,0,43.0,60.0,9.0,4.6,1.0,2
385,441,3223,2017-02-15,10,2,1,3,30,0,0,0,0,0,0,0,30,0,0,0,0,0,0,0,43.0,60.0,9.0,4.6,1.0,2
385,441,3223,2017-02-15,11,1,1,4,30,0,0,0,0,0,0,0,30,0,0,0,0,0,0,0,43.0,58.0,10.0,6.9,1.0,2
385,441,3223,2017-02-15,11,2,0,0,30,0,0,0,0,0,0,0,30,0,0,0,0,0,0,0,43.0,58.0,10.0,6.9,1.0,2
385,441,3223,2017-02-15,12,1,2,3,30,0,0,0,0,0,0,0,30,0,0,0,0,0,0,0,44.1,58.0,8.0,6.9,1.0,2
385,441,3223,2017-02-15,12,2,1,1,10,20,0,0,0,0,0,0,30,0,0,0,0,0,0,0,44.1,58.0,8.0,6.9,1.0,2
385,441,3223,2017-02-15,13,1,0,4,23,7,0,0,0,0,0,0,30,0,0,0,0,0,0,0,45.0,56.0,8.0,6.9,1.0,2
385,441,3223,2017-02-15,13,2,4,2,30,0,0,0,0,0,0,0,30,0,0,0,0,0,0,0,45.0,56.0,8.0,6.9,1.0,2
385,441,3223,2017-02-15,14,1,3,1,18,12,0,0,0,0,0,0,30,0,0,0,0,0,0,0,46.0,56.0,8.0,4.6,1.0,2
385,441,3223,2017-02-15,14,2,0,0,10,20,0,0,0,0,0,0,30,0,0,0,0,0,0,0,46.0,56.0,8.0,4.6,1.0,2
385,441,3223,2017-02-15,15,1,0,1,23,7,0,0,0,0,0,0,30,0,0,0,0,0,0,0,46.0,56.0,9.0,6.9,1.0,2
385,441,3223,2017-02-15,15,2,1,3,30,0,0,0,0,0,0,0,30,0,0,0,0,0,0,0,46.0,56.0,9.0,6.9,1.0,2
385,441,3223,2017-02-15,16,1,1,1,30,0,0,0,0,0,0,0,30,0,0,0,0,0,0,0,44.1,58.0,10.0,18.4,1.0,2
385,441,3223,2017-02-15,16,2,3,2,30,0,0,0,0,0,0,0,30,0,0,0,0,0,0,0,44.1,58.0,10.0,18.4,1.0,2
385,441,3223,2017-02-15,17,1,1,6,30,0,0,0,0,0,0,0,30,0,0,0,0,0,0,0,41.0,67.0,10.0,12.7,1.0,2
385,441,3223,2017-02-15,17,2,3,5,30,0,0,0,0,0,0,0,30,0,0,0,0,0,0,0,41.0,67.0,10.0,12.7,1.0,2
385,441,3223,2017-02-15,18,1,1,4,30,0,0,0,0,0,0,0,10,0,0,0,20,0,0,0,37.6,81.33333333333333,10.0,9.23333333333333,3.0,2
385,441,3223,2017-02-15,18,2,4,0,30,0,0,0,0,0,0,0,26,0,0,0,4,0,0,0,37.6,81.33333333333333,10.0,9.23333333333333,3.0,2
385,441,3223,2017-02-15,19,1,7,1,30,0,0,0,0,0,0,0,30,0,0,0,0,0,0,0,37.3,77.0,10.0,6.933333333333333,3.0,2
385,441,3223,2017-02-15,19,2,4,2,30,0,0,0,0,0,0,0,30,0,0,0,0,0,0,0,37.3,77.0,10.0,6.933333333333333,3.0,2
385,441,3223,2017-02-15,20,1,2,3,30,0,0,0,0,0,0,0,30,0,0,0,0,0,0,0,37.0,65.0,10.0,8.099999999999998,1.0,2
385,441,3223,2017-02-15,20,2,2,1,30,0,0,0,0,0,0,0,30,0,0,0,0,0,0,0,37.0,65.0,10.0,8.099999999999998,1.0,2
385,441,3223,2017-02-15,21,1,1,1,30,0,0,0,0,0,0,0,30,0,0,0,0,0,0,0,36.0,64.0,10.0,9.2,1.0,2
385,441,3223,2017-02-15,21,2,3,0,30,0,0,0,0,0,0,0,30,0,0,0,0,0,0,0,36.0,64.0,10.0,9.2,1.0,2
385,441,3223,2017-02-15,22,1,1,2,29,1,0,0,0,0,0,0,30,0,0,0,0,0,0,0,36.0,62.0,10.0,10.4,1.0,2
385,441,3223,2017-02-15,22,2,2,1,26,4,0,0,0,0,0,0,30,0,0,0,0,0,0,0,36.0,62.0,10.0,10.4,1.0,2
385,441,3223,2017-02-15,23,1,1,0,30,0,0,0,0,0,0,0,30,0,0,0,0,0,0,0,35.1,64.0,10.0,11.5,1.0,2
385,441,3223,2017-02-15,23,2,0,0,30,0,0,0,0,0,0,0,30,0,0,0,0,0,0,0,35.1,64.0,10.0,11.5,1.0,2
385,441,3223,2017-02-16,0,1,0,0,30,0,0,0,0,0,0,0,30,0,0,0,0,0,0,0,35.1,64.0,10.0,11.5,1.0,3
385,441,3223,2017-02-16,0,2,0,0,30,0,0,0,0,0,0,0,30,0,0,0,0,0,0,0,35.1,64.0,10.0,11.5,1.0,3
385,441,3223,2017-02-16,1,1,0,0,30,0,0,0,0,0,0,0,30,0,0,0,0,0,0,0,33.1,64.0,10.0,11.5,1.0,3
385,441,3223,2017-02-16,1,2,0,0,30,0,0,0,0,0,0,0,30,0,0,0,0,0,0,0,33.1,64.0,10.0,11.5,1.0,3
385,441,3223,2017-02-16,2,1,0,0,30,0,0,0,0,0,0,0,30,0,0,0,0,0,0,0,32.0,59.0,10.0,9.2,1.0,3
385,441,3223,2017-02-16,2,2,0,0,30,0,0,0,0,0,0,0,30,0,0,0,0,0,0,0,32.0,59.0,10.0,9.2,1.0,3
385,441,3223,2017-02-16,3,1,0,0,30,0,0,0,0,0,0,0,30,0,0,0,0,0,0,0,32.0,56.0,10.0,9.2,1.0,3
385,441,3223,2017-02-16,3,2,0,0,30,0,0,0,0,0,0,0,30,0,0,0,0,0,0,0,32.0,56.0,10.0,9.2,1.0,3
385,441,3223,2017-02-16,4,1,0,0,30,0,0,0,0,0,0,0,30,0,0,0,0,0,0,0,32.0,59.0,10.0,6.9,1.0,3
385,441,3223,2017-02-16,4,2,0,0,30,0,0,0,0,0,0,0,30,0,0,0,0,0,0,0,32.0,59.0,10.0,6.9,1.0,3
385,441,3223,2017-02-16,5,1,0,0,30,0,0,0,0,0,0,0,30,0,0,0,0,0,0,0,32.0,54.0,10.0,11.5,1.0,3
385,441,3223,2017-02-16,5,2,3,0,30,0,0,0,0,0,0,0,30,0,0,0,0,0,0,0,32.0,54.0,10.0,11.5,1.0,3
385,441,3223,2017-02-16,6,1,0,2,29,1,0,0,0,0,0,0,30,0,0,0,0,0,0,0,30.9,57.0,10.0,8.099999999999998,1.0,3
385,441,3223,2017-02-16,6,2,4,1,10,20,0,0,0,0,0,0,30,0,0,0,0,0,0,0,30.9,57.0,10.0,8.099999999999998,1.0,3
385,441,3223,2017-02-16,7,1,2,1,30,0,0,0,0,0,0,0,30,0,0,0,0,0,0,0,30.9,57.0,10.0,9.2,1.0,3
385,441,3223,2017-02-16,7,2,7,2,30,0,0,0,0,0,0,0,30,0,0,0,0,0,0,0,30.9,57.0,10.0,9.2,1.0,3
385,441,3223,2017-02-16,8,1,3,2,19,0,0,0,11,0,0,0,30,0,0,0,0,0,0,0,30.9,52.0,10.0,11.5,1.0,3
385,441,3223,2017-02-16,8,2,3,3,15,0,0,0,15,0,0,0,30,0,0,0,0,0,0,0,30.9,52.0,10.0,11.5,1.0,3
385,441,3223,2017-02-16,9,1,2,3,14,0,0,0,16,0,0,0,30,0,0,0,0,0,0,0,30.9,54.0,10.0,9.2,1.0,3
385,441,3223,2017-02-16,9,2,2,4,27,0,0,0,3,0,0,0,30,0,0,0,0,0,0,0,30.9,54.0,10.0,9.2,1.0,3
385,441,3223,2017-02-16,10,1,1,2,30,0,0,0,0,0,0,0,30,0,0,0,0,0,0,0,32.0,50.0,10.0,12.7,1.0,3
385,441,3223,2017-02-16,10,2,1,0,30,0,0,0,0,0,0,0,30,0,0,0,0,0,0,0,32.0,50.0,10.0,12.7,1.0,3
385,441,3223,2017-02-16,11,1,0,0,30,0,0,0,0,0,0,0,30,0,0,0,0,0,0,0,35.1,64.0,10.0,11.5,1.0,3
385,441,3223,2017-02-16,11,2,1,3,30,0,0,0,0,0,0,0,8,22,0,0,0,0,0,0,35.1,64.0,10.0,11.5,1.0,3
385,441,3223,2017-02-16,12,1,2,3,30,0,0,0,0,0,0,0,19,11,0,0,0,0,0,0,34.0,46.0,10.0,8.099999999999998,1.0,3
385,441,3223,2017-02-16,12,2,1,2,30,0,0,0,0,0,0,0,30,0,0,0,0,0,0,0,34.0,46.0,10.0,8.099999999999998,1.0,3
385,441,3223,2017-02-16,13,1,1,0,30,0,0,0,0,0,0,0,25,5,0,0,0,0,0,0,35.1,42.0,10.0,11.5,1.0,3
385,441,3223,2017-02-16,13,2,1,1,30,0,0,0,0,0,0,0,30,0,0,0,0,0,0,0,35.1,42.0,10.0,11.5,1.0,3
385,441,3223,2017-02-16,14,1,1,2,30,0,0,0,0,0,0,0,30,0,0,0,0,0,0,0,34.0,42.0,10.0,15.0,1.0,3
385,441,3223,2017-02-16,14,2,1,1,30,0,0,0,0,0,0,0,30,0,0,0,0,0,0,0,34.0,42.0,10.0,15.0,1.0,3
385,441,3223,2017-02-16,15,1,2,0,30,0,0,0,0,0,0,0,30,0,0,0,0,0,0,0,34.0,44.0,10.0,13.8,1.0,3
385,441,3223,2017-02-16,15,2,1,0,30,0,0,0,0,0,0,0,30,0,0,0,0,0,0,0,34.0,44.0,10.0,13.8,1.0,3
385,441,3223,2017-02-16,16,1,2,5,30,0,0,0,0,0,0,0,30,0,0,0,0,0,0,0,33.1,46.0,10.0,9.2,1.0,3
385,441,3223,2017-02-16,16,2,3,1,30,0,0,0,0,0,0,0,30,0,0,0,0,0,0,0,33.1,46.0,10.0,9.2,1.0,3
385,441,3223,2017-02-16,17,1,2,1,30,0,0,0,0,0,0,0,30,0,0,0,0,0,0,0,32.0,45.0,10.0,10.4,1.0,3
385,441,3223,2017-02-16,17,2,1,4,30,0,0,0,0,0,0,0,30,0,0,0,0,0,0,0,32.0,45.0,10.0,10.4,1.0,3
385,441,3223,2017-02-16,18,1,2,4,30,0,0,0,0,0,0,0,30,0,0,0,0,0,0,0,30.9,50.0,10.0,5.8,1.0,3
385,441,3223,2017-02-16,18,2,6,5,30,0,0,0,0,0,0,0,30,0,0,0,0,0,0,0,30.9,50.0,10.0,5.8,1.0,3
385,441,3223,2017-02-16,19,1,2,2,24,6,0,0,0,0,0,0,30,0,0,0,0,0,0,0,30.0,49.0,10.0,10.4,1.0,3
385,441,3223,2017-02-16,19,2,2,3,9,21,0,0,0,0,0,0,30,0,0,0,0,0,0,0,30.0,49.0,10.0,10.4,1.0,3
385,441,3223,2017-02-16,20,1,2,4,3,27,0,0,0,0,0,0,30,0,0,0,0,0,0,0,30.0,49.0,10.0,11.5,1.0,3
385,441,3223,2017-02-16,20,2,2,2,30,0,0,0,0,0,0,0,30,0,0,0,0,0,0,0,30.0,49.0,10.0,11.5,1.0,3
385,441,3223,2017-02-16,21,1,8,2,30,0,0,0,0,0,0,0,30,0,0,0,0,0,0,0,28.9,54.0,10.0,9.2,1.0,3
385,441,3223,2017-02-16,21,2,3,1,30,0,0,0,0,0,0,0,30,0,0,0,0,0,0,0,28.9,54.0,10.0,9.2,1.0,3
385,441,3223,2017-02-16,22,1,1,0,30,0,0,0,0,0,0,0,30,0,0,0,0,0,0,0,28.0,53.0,10.0,11.5,1.0,3
385,441,3223,2017-02-16,22,2,0,1,30,0,0,0,0,0,0,0,30,0,0,0,0,0,0,0,28.0,53.0,10.0,11.5,1.0,3
385,441,3223,2017-02-16,23,1,0,1,30,0,0,0,0,0,0,0,30,0,0,0,0,0,0,0,28.0,53.0,10.0,12.7,1.0,3
385,441,3223,2017-02-16,23,2,0,0,30,0,0,0,0,0,0,0,30,0,0,0,0,0,0,0,28.0,53.0,10.0,12.7,1.0,3
385,441,3223,2017-02-17,0,1,0,0,30,0,0,0,0,0,0,0,30,0,0,0,0,0,0,0,28.0,56.0,10.0,8.099999999999998,1.0,4
385,441,3223,2017-02-17,0,2,0,1,30,0,0,0,0,0,0,0,30,0,0,0,0,0,0,0,28.0,56.0,10.0,8.099999999999998,1.0,4
385,441,3223,2017-02-17,1,1,1,0,30,0,0,0,0,0,0,0,30,0,0,0,0,0,0,0,28.0,53.0,10.0,4.6,1.0,4
385,441,3223,2017-02-17,1,2,0,0,30,0,0,0,0,0,0,0,30,0,0,0,0,0,0,0,28.0,53.0,10.0,4.6,1.0,4
385,441,3223,2017-02-17,2,1,0,0,30,0,0,0,0,0,0,0,30,0,0,0,0,0,0,0,28.0,56.0,10.0,10.4,1.0,4
385,441,3223,2017-02-17,2,2,0,0,30,0,0,0,0,0,0,0,30,0,0,0,0,0,0,0,28.0,56.0,10.0,10.4,1.0,4
385,441,3223,2017-02-17,3,1,0,0,30,0,0,0,0,0,0,0,30,0,0,0,0,0,0,0,27.0,58.0,10.0,9.2,1.0,4
385,441,3223,2017-02-17,3,2,0,0,30,0,0,0,0,0,0,0,30,0,0,0,0,0,0,0,27.0,58.0,10.0,9.2,1.0,4
385,441,3223,2017-02-17,4,1,0,0,30,0,0,0,0,0,0,0,30,0,0,0,0,0,0,0,27.0,58.0,10.0,11.5,1.0,4
385,441,3223,2017-02-17,4,2,0,0,30,0,0,0,0,0,0,0,30,0,0,0,0,0,0,0,27.0,58.0,10.0,11.5,1.0,4
385,441,3223,2017-02-17,5,1,0,0,30,0,0,0,0,0,0,0,30,0,0,0,0,0,0,0,27.0,58.0,10.0,13.8,1.0,4
385,441,3223,2017-02-17,5,2,0,0,30,0,0,0,0,0,0,0,30,0,0,0,0,0,0,0,27.0,58.0,10.0,13.8,1.0,4
385,441,3223,2017-02-17,6,1,1,1,30,0,0,0,0,0,0,0,30,0,0,0,0,0,0,0,26.1,60.0,10.0,8.099999999999998,1.0,4
385,441,3223,2017-02-17,6,2,2,1,30,0,0,0,0,0,0,0,30,0,0,0,0,0,0,0,26.1,60.0,10.0,8.099999999999998,1.0,4
385,441,3223,2017-02-17,7,1,4,4,30,0,0,0,0,0,0,0,30,0,0,0,0,0,0,0,27.0,61.0,10.0,6.9,1.0,4
385,441,3223,2017-02-17,7,2,3,2,30,0,0,0,0,0,0,0,30,0,0,0,0,0,0,0,27.0,61.0,10.0,6.9,1.0,4
385,441,3223,2017-02-17,8,1,7,3,30,0,0,0,0,0,0,0,30,0,0,0,0,0,0,0,28.0,58.0,10.0,9.2,1.0,4
385,441,3223,2017-02-17,8,2,2,5,12,0,0,0,18,0,0,0,30,0,0,0,0,0,0,0,28.0,58.0,10.0,9.2,1.0,4
385,441,3223,2017-02-17,9,1,2,1,13,0,0,0,17,0,0,0,25,5,0,0,0,0,0,0,30.0,54.0,10.0,8.099999999999998,1.0,4
385,441,3223,2017-02-17,9,2,0,3,6,0,0,0,24,0,0,0,30,0,0,0,0,0,0,0,30.0,54.0,10.0,8.099999999999998,1.0,4
385,441,3223,2017-02-17,10,1,0,0,30,0,0,0,0,0,0,0,30,0,0,0,0,0,0,0,33.1,48.0,10.0,8.099999999999998,1.0,4
385,441,3223,2017-02-17,10,2,3,4,30,0,0,0,0,0,0,0,30,0,0,0,0,0,0,0,33.1,48.0,10.0,8.099999999999998,1.0,4
385,441,3223,2017-02-17,11,1,0,1,30,0,0,0,0,0,0,0,30,0,0,0,0,0,0,0,36.0,41.0,10.0,11.5,1.0,4
385,441,3223,2017-02-17,11,2,1,1,30,0,0,0,0,0,0,0,30,0,0,0,0,0,0,0,36.0,41.0,10.0,11.5,1.0,4
385,441,3223,2017-02-17,12,1,1,1,30,0,0,0,0,0,0,0,30,0,0,0,0,0,0,0,37.9,39.0,10.0,6.9,1.0,4
385,441,3223,2017-02-17,12,2,1,0,30,0,0,0,0,0,0,0,30,0,0,0,0,0,0,0,37.9,39.0,10.0,6.9,1.0,4
385,441,3223,2017-02-17,13,1,0,5,30,0,0,0,0,0,0,0,30,0,0,0,0,0,0,0,39.0,36.0,10.0,9.2,1.0,4
385,441,3223,2017-02-17,13,2,3,1,30,0,0,0,0,0,0,0,30,0,0,0,0,0,0,0,39.0,36.0,10.0,9.2,1.0,4
385,441,3223,2017-02-17,14,1,2,2,30,0,0,0,0,0,0,0,30,0,0,0,0,0,0,0,41.0,33.0,10.0,11.5,1.0,4
385,441,3223,2017-02-17,14,2,4,3,30,0,0,0,0,0,0,0,30,0,0,0,0,0,0,0,41.0,33.0,10.0,11.5,1.0,4
385,441,3223,2017-02-17,15,1,1,0,30,0,0,0,0,0,0,0,30,0,0,0,0,0,0,0,41.0,33.0,10.0,6.9,1.0,4
385,441,3223,2017-02-17,15,2,4,1,23,0,0,0,7,0,0,0,30,0,0,0,0,0,0,0,41.0,33.0,10.0,6.9,1.0,4
385,441,3223,2017-02-17,16,1,1,4,13,0,0,0,17,0,0,0,30,0,0,0,0,0,0,0,41.0,33.0,10.0,8.099999999999998,1.0,4
385,441,3223,2017-02-17,16,2,1,2,30,0,0,0,0,0,0,0,30,0,0,0,0,0,0,0,41.0,33.0,10.0,8.099999999999998,1.0,4
385,441,3223,2017-02-17,17,1,0,6,30,0,0,0,0,0,0,0,30,0,0,0,0,0,0,0,39.9,36.0,10.0,8.099999999999998,1.0,4
385,441,3223,2017-02-17,17,2,3,6,30,0,0,0,0,0,0,0,30,0,0,0,0,0,0,0,39.9,36.0,10.0,8.099999999999998,1.0,4
385,441,3223,2017-02-17,18,1,3,2,30,0,0,0,0,0,0,0,30,0,0,0,0,0,0,0,39.9,36.0,10.0,9.2,1.0,4
385,441,3223,2017-02-17,18,2,0,1,30,0,0,0,0,0,0,0,30,0,0,0,0,0,0,0,39.9,36.0,10.0,9.2,1.0,4
385,441,3223,2017-02-17,19,1,1,2,30,0,0,0,0,0,0,0,30,0,0,0,0,0,0,0,39.0,38.0,10.0,8.099999999999998,1.0,4
385,441,3223,2017-02-17,19,2,0,3,18,0,12,0,0,0,0,0,30,0,0,0,0,0,0,0,39.0,38.0,10.0,8.099999999999998,1.0,4
385,441,3223,2017-02-17,20,1,1,2,17,0,13,0,0,0,0,0,30,0,0,0,0,0,0,0,39.0,38.0,10.0,6.9,1.0,4
385,441,3223,2017-02-17,20,2,2,2,30,0,0,0,0,0,0,0,30,0,0,0,0,0,0,0,39.0,38.0,10.0,6.9,1.0,4
385,441,3223,2017-02-17,21,1,0,0,30,0,0,0,0,0,0,0,30,0,0,0,0,0,0,0,37.9,39.0,10.0,6.9,1.0,4
385,441,3223,2017-02-17,21,2,0,1,30,0,0,0,0,0,0,0,30,0,0,0,0,0,0,0,37.9,39.0,10.0,6.9,1.0,4
385,441,3223,2017-02-17,22,1,1,1,30,0,0,0,0,0,0,0,30,0,0,0,0,0,0,0,37.9,39.0,10.0,5.8,1.0,4
385,441,3223,2017-02-17,22,2,0,0,30,0,0,0,0,0,0,0,30,0,0,0,0,0,0,0,37.9,39.0,10.0,5.8,1.0,4
385,441,3223,2017-02-17,23,1,0,1,6,0,24,0,0,0,0,0,30,0,0,0,0,0,0,0,37.0,41.0,10.0,4.6,1.0,4
385,441,3223,2017-02-17,23,2,0,0,30,0,0,0,0,0,0,0,30,0,0,0,0,0,0,0,37.0,41.0,10.0,4.6,1.0,4
385,441,3223,2017-02-18,0,1,0,0,17,0,13,0,0,0,0,0,30,0,0,0,0,0,0,0,37.0,41.0,10.0,4.6,1.0,5
385,441,3223,2017-02-18,0,2,0,0,0,0,30,0,0,0,0,0,21,9,0,0,0,0,0,0,37.0,41.0,10.0,4.6,1.0,5
385,441,3223,2017-02-18,1,1,0,0,30,0,0,0,0,0,0,0,15,15,0,0,0,0,0,0,36.0,41.0,10.0,4.6,1.0,5
385,441,3223,2017-02-18,1,2,0,0,30,0,0,0,0,0,0,0,30,0,0,0,0,0,0,0,36.0,41.0,10.0,4.6,1.0,5
385,441,3223,2017-02-18,2,1,0,0,30,0,0,0,0,0,0,0,30,0,0,0,0,0,0,0,37.0,39.0,10.0,3.5,1.0,5
385,441,3223,2017-02-18,2,2,0,0,30,0,0,0,0,0,0,0,30,0,0,0,0,0,0,0,37.0,39.0,10.0,3.5,1.0,5
385,441,3223,2017-02-18,3,1,0,0,30,0,0,0,0,0,0,0,30,0,0,0,0,0,0,0,36.0,44.0,10.0,4.6,1.0,5
385,441,3223,2017-02-18,3,2,0,0,30,0,0,0,0,0,0,0,30,0,0,0,0,0,0,0,36.0,44.0,10.0,4.6,1.0,5
385,441,3223,2017-02-18,4,1,0,1,30,0,0,0,0,0,0,0,30,0,0,0,0,0,0,0,37.0,46.0,10.0,3.5,1.0,5
385,441,3223,2017-02-18,4,2,0,0,30,0,0,0,0,0,0,0,30,0,0,0,0,0,0,0,37.0,46.0,10.0,3.5,1.0,5
385,441,3223,2017-02-18,5,1,0,0,30,0,0,0,0,0,0,0,30,0,0,0,0,0,0,0,37.9,43.0,10.0,3.5,1.0,5
385,441,3223,2017-02-18,5,2,0,0,30,0,0,0,0,0,0,0,30,0,0,0,0,0,0,0,37.9,43.0,10.0,3.5,1.0,5
385,441,3223,2017-02-18,6,1,1,0,30,0,0,0,0,0,0,0,30,0,0,0,0,0,0,0,37.9,47.0,10.0,5.8,1.0,5
385,441,3223,2017-02-18,6,2,1,0,30,0,0,0,0,0,0,0,30,0,0,0,0,0,0,0,37.9,47.0,10.0,5.8,1.0,5
385,441,3223,2017-02-18,7,1,0,0,30,0,0,0,0,0,0,0,30,0,0,0,0,0,0,0,39.0,43.0,10.0,3.5,1.0,5
385,441,3223,2017-02-18,7,2,1,0,30,0,0,0,0,0,0,0,30,0,0,0,0,0,0,0,39.0,43.0,10.0,3.5,1.0,5
385,441,3223,2017-02-18,8,1,1,2,30,0,0,0,0,0,0,0,30,0,0,0,0,0,0,0,42.1,40.0,10.0,9.2,1.0,5
385,441,3223,2017-02-18,8,2,0,2,30,0,0,0,0,0,0,0,30,0,0,0,0,0,0,0,42.1,40.0,10.0,9.2,1.0,5
385,441,3223,2017-02-18,9,1,2,0,30,0,0,0,0,0,0,0,30,0,0,0,0,0,0,0,43.0,43.0,10.0,8.099999999999998,1.0,5
385,441,3223,2017-02-18,9,2,2,2,30,0,0,0,0,0,0,0,30,0,0,0,0,0,0,0,43.0,43.0,10.0,8.099999999999998,1.0,5
385,441,3223,2017-02-18,10,1,5,5,30,0,0,0,0,0,0,0,30,0,0,0,0,0,0,0,46.9,41.0,10.0,4.6,1.0,5
385,441,3223,2017-02-18,10,2,2,3,30,0,0,0,0,0,0,0,30,0,0,0,0,0,0,0,46.9,41.0,10.0,4.6,1.0,5
385,441,3223,2017-02-18,11,1,2,1,24,0,6,0,0,0,0,0,30,0,0,0,0,0,0,0,51.1,39.0,10.0,4.6,1.0,5
385,441,3223,2017-02-18,11,2,3,2,30,0,0,0,0,0,0,0,30,0,0,0,0,0,0,0,51.1,39.0,10.0,4.6,1.0,5
385,441,3223,2017-02-18,12,1,3,2,19,0,11,0,0,0,0,0,30,0,0,0,0,0,0,0,55.0,37.0,10.0,8.099999999999998,1.0,5
385,441,3223,2017-02-18,12,2,4,1,30,0,0,0,0,0,0,0,30,0,0,0,0,0,0,0,55.0,37.0,10.0,8.099999999999998,1.0,5
385,441,3223,2017-02-18,13,1,2,5,28,0,2,0,0,0,0,0,30,0,0,0,0,0,0,0,60.1,33.0,10.0,3.5,1.0,5
385,441,3223,2017-02-18,13,2,3,4,11,0,19,0,0,0,0,0,30,0,0,0,0,0,0,0,60.1,33.0,10.0,3.5,1.0,5
385,441,3223,2017-02-18,14,1,8,5,0,0,30,0,0,0,0,0,30,0,0,0,0,0,0,0,61.0,34.0,10.0,4.6,1.0,5
385,441,3223,2017-02-18,14,2,0,5,9,0,21,0,0,0,0,0,30,0,0,0,0,0,0,0,61.0,34.0,10.0,4.6,1.0,5
385,441,3223,2017-02-18,15,1,7,3,11,0,19,0,0,0,0,0,30,0,0,0,0,0,0,0,63.0,33.0,10.0,6.9,1.0,5
385,441,3223,2017-02-18,15,2,6,1,11,0,19,0,0,0,0,0,30,0,0,0,0,0,0,0,63.0,33.0,10.0,6.9,1.0,5
385,441,3223,2017-02-18,16,1,0,4,30,0,0,0,0,0,0,0,30,0,0,0,0,0,0,0,62.1,34.0,10.0,3.5,1.0,5
385,441,3223,2017-02-18,16,2,2,0,30,0,0,0,0,0,0,0,30,0,0,0,0,0,0,0,62.1,34.0,10.0,3.5,1.0,5
385,441,3223,2017-02-18,17,1,2,4,21,0,9,0,0,0,0,0,30,0,0,0,0,0,0,0,61.0,35.0,10.0,5.8,1.0,5
385,441,3223,2017-02-18,17,2,3,5,9,0,21,0,0,0,0,0,30,0,0,0,0,0,0,0,61.0,35.0,10.0,5.8,1.0,5
385,441,3223,2017-02-18,18,1,0,1,30,0,0,0,0,0,0,0,30,0,0,0,0,0,0,0,62.1,32.0,10.0,3.5,1.0,5
385,441,3223,2017-02-18,18,2,1,4,30,0,0,0,0,0,0,0,30,0,0,0,0,0,0,0,62.1,32.0,10.0,3.5,1.0,5
385,441,3223,2017-02-18,19,1,4,0,30,0,0,0,0,0,0,0,30,0,0,0,0,0,0,0,62.1,31.0,10.0,13.8,1.0,5
385,441,3223,2017-02-18,19,2,2,2,30,0,0,0,0,0,0,0,30,0,0,0,0,0,0,0,62.1,31.0,10.0,13.8,1.0,5
385,441,3223,2017-02-18,20,1,0,2,30,0,0,0,0,0,0,0,30,0,0,0,0,0,0,0,61.0,32.0,10.0,10.4,1.0,5
385,441,3223,2017-02-18,20,2,1,0,30,0,0,0,0,0,0,0,30,0,0,0,0,0,0,0,61.0,32.0,10.0,10.4,1.0,5
385,441,3223,2017-02-18,21,1,2,4,30,0,0,0,0,0,0,0,30,0,0,0,0,0,0,0,60.1,33.0,10.0,11.5,1.0,5
385,441,3223,2017-02-18,21,2,0,3,30,0,0,0,0,0,0,0,30,0,0,0,0,0,0,0,60.1,33.0,10.0,11.5,1.0,5
385,441,3223,2017-02-18,22,1,0,0,30,0,0,0,0,0,0,0,30,0,0,0,0,0,0,0,60.1,33.0,10.0,11.5,1.0,5
385,441,3223,2017-02-18,22,2,2,2,30,0,0,0,0,0,0,0,30,0,0,0,0,0,0,0,60.1,33.0,10.0,11.5,1.0,5
385,441,3223,2017-02-18,23,1,0,2,30,0,0,0,0,0,0,0,30,0,0,0,0,0,0,0,59.0,36.0,10.0,4.6,1.0,5
385,441,3223,2017-02-18,23,2,1,0,30,0,0,0,0,0,0,0,30,0,0,0,0,0,0,0,59.0,36.0,10.0,4.6,1.0,5
385,441,3223,2017-02-19,0,1,0,0,30,0,0,0,0,0,0,0,30,0,0,0,0,0,0,0,59.0,35.0,10.0,5.8,1.0,6
385,441,3223,2017-02-19,0,2,0,1,23,0,7,0,0,0,0,0,30,0,0,0,0,0,0,0,59.0,35.0,10.0,5.8,1.0,6
385,441,3223,2017-02-19,1,1,2,2,8,0,22,0,0,0,0,0,30,0,0,0,0,0,0,0,59.0,35.0,10.0,6.9,1.0,6
385,441,3223,2017-02-19,1,2,0,0,30,0,0,0,0,0,0,0,30,0,0,0,0,0,0,0,59.0,35.0,10.0,6.9,1.0,6
385,441,3223,2017-02-19,2,1,0,0,30,0,0,0,0,0,0,0,30,0,0,0,0,0,0,0,57.0,39.0,10.0,4.6,1.0,6
385,441,3223,2017-02-19,2,2,0,0,30,0,0,0,0,0,0,0,30,0,0,0,0,0,0,0,57.0,39.0,10.0,4.6,1.0,6
385,441,3223,2017-02-19,3,1,0,0,30,0,0,0,0,0,0,0,30,0,0,0,0,0,0,0,55.9,40.0,10.0,3.5,1.0,6
385,441,3223,2017-02-19,3,2,0,0,30,0,0,0,0,0,0,0,30,0,0,0,0,0,0,0,55.9,40.0,10.0,3.5,1.0,6
385,441,3223,2017-02-19,4,1,0,0,30,0,0,0,0,0,0,0,30,0,0,0,0,0,0,0,55.9,40.0,10.0,4.6,1.0,6
385,441,3223,2017-02-19,4,2,0,0,30,0,0,0,0,0,0,0,30,0,0,0,0,0,0,0,55.9,40.0,10.0,4.6,1.0,6
385,441,3223,2017-02-19,5,1,0,0,30,0,0,0,0,0,0,0,30,0,0,0,0,0,0,0,55.0,43.0,10.0,3.5,1.0,6
385,441,3223,2017-02-19,5,2,0,0,30,0,0,0,0,0,0,0,30,0,0,0,0,0,0,0,55.0,43.0,10.0,3.5,1.0,6
385,441,3223,2017-02-19,6,1,0,0,30,0,0,0,0,0,0,0,30,0,0,0,0,0,0,0,55.9,44.0,10.0,5.8,1.0,6
385,441,3223,2017-02-19,6,2,0,0,30,0,0,0,0,0,0,0,30,0,0,0,0,0,0,0,55.9,44.0,10.0,5.8,1.0,6
385,441,3223,2017-02-19,7,1,0,1,30,0,0,0,0,0,0,0,30,0,0,0,0,0,0,0,57.0,44.0,10.0,4.6,1.0,6
385,441,3223,2017-02-19,7,2,0,0,30,0,0,0,0,0,0,0,30,0,0,0,0,0,0,0,57.0,44.0,10.0,4.6,1.0,6
385,441,3223,2017-02-19,8,1,0,1,30,0,0,0,0,0,0,0,30,0,0,0,0,0,0,0,57.0,44.0,10.0,5.8,1.0,6
385,441,3223,2017-02-19,8,2,1,0,30,0,0,0,0,0,0,0,30,0,0,0,0,0,0,0,57.0,44.0,10.0,5.8,1.0,6
385,441,3223,2017-02-19,9,1,2,0,30,0,0,0,0,0,0,0,30,0,0,0,0,0,0,0,57.9,44.0,10.0,6.9,1.0,6
385,441,3223,2017-02-19,9,2,0,2,30,0,0,0,0,0,0,0,30,0,0,0,0,0,0,0,57.9,44.0,10.0,6.9,1.0,6
385,441,3223,2017-02-19,10,1,1,2,30,0,0,0,0,0,0,0,30,0,0,0,0,0,0,0,61.0,39.0,10.0,8.099999999999998,1.0,6
385,441,3223,2017-02-19,10,2,4,0,30,0,0,0,0,0,0,0,30,0,0,0,0,0,0,0,61.0,39.0,10.0,8.099999999999998,1.0,6
385,441,3223,2017-02-19,11,1,7,3,30,0,0,0,0,0,0,0,30,0,0,0,0,0,0,0,61.0,36.0,10.0,8.099999999999998,1.0,6
385,441,3223,2017-02-19,11,2,3,2,30,0,0,0,0,0,0,0,30,0,0,0,0,0,0,0,61.0,36.0,10.0,8.099999999999998,1.0,6
385,441,3223,2017-02-19,12,1,3,4,30,0,0,0,0,0,0,0,30,0,0,0,0,0,0,0,63.0,35.0,10.0,6.9,1.0,6
385,441,3223,2017-02-19,12,2,3,3,30,0,0,0,0,0,0,0,30,0,0,0,0,0,0,0,63.0,35.0,10.0,6.9,1.0,6
385,441,3223,2017-02-19,13,1,5,3,30,0,0,0,0,0,0,0,30,0,0,0,0,0,0,0,64.0,31.0,10.0,6.9,1.0,6
385,441,3223,2017-02-19,13,2,1,0,30,0,0,0,0,0,0,0,30,0,0,0,0,0,0,0,64.0,31.0,10.0,6.9,1.0,6
385,441,3223,2017-02-19,14,1,8,4,5,0,25,0,0,0,0,0,30,0,0,0,0,0,0,0,64.9,27.0,10.0,6.9,1.0,6
385,441,3223,2017-02-19,14,2,4,6,14,0,16,0,0,0,0,0,30,0,0,0,0,0,0,0,64.9,27.0,10.0,6.9,1.0,6
385,441,3223,2017-02-19,15,1,5,4,18,0,6,0,6,0,0,0,30,0,0,0,0,0,0,0,64.0,29.0,10.0,8.099999999999998,1.0,6
385,441,3223,2017-02-19,15,2,2,0,11,0,0,0,19,0,0,0,30,0,0,0,0,0,0,0,64.0,29.0,10.0,8.099999999999998,1.0,6
385,441,3223,2017-02-19,16,1,0,2,15,15,0,0,0,0,0,0,30,0,0,0,0,0,0,0,64.0,26.0,10.0,8.099999999999998,1.0,6
385,441,3223,2017-02-19,16,2,1,6,30,0,0,0,0,0,0,0,30,0,0,0,0,0,0,0,64.0,26.0,10.0,8.099999999999998,1.0,6
385,441,3223,2017-02-19,17,1,3,3,30,0,0,0,0,0,0,0,30,0,0,0,0,0,0,0,62.1,29.0,10.0,3.5,1.0,6
385,441,3223,2017-02-19,17,2,3,6,30,0,0,0,0,0,0,0,30,0,0,0,0,0,0,0,62.1,29.0,10.0,3.5,1.0,6
385,441,3223,2017-02-19,18,1,3,4,30,0,0,0,0,0,0,0,30,0,0,0,0,0,0,0,61.0,30.0,10.0,5.8,1.0,6
385,441,3223,2017-02-19,18,2,7,1,30,0,0,0,0,0,0,0,30,0,0,0,0,0,0,0,61.0,30.0,10.0,5.8,1.0,6
385,441,3223,2017-02-19,19,1,1,4,30,0,0,0,0,0,0,0,30,0,0,0,0,0,0,0,60.1,31.0,10.0,3.5,1.0,6
385,441,3223,2017-02-19,19,2,0,0,30,0,0,0,0,0,0,0,30,0,0,0,0,0,0,0,60.1,31.0,10.0,3.5,1.0,6
385,441,3223,2017-02-19,20,1,0,0,30,0,0,0,0,0,0,0,30,0,0,0,0,0,0,0,57.9,35.0,10.0,5.8,1.0,6
385,441,3223,2017-02-19,20,2,0,6,30,0,0,0,0,0,0,0,30,0,0,0,0,0,0,0,57.9,35.0,10.0,5.8,1.0,6
385,441,3223,2017-02-19,21,1,2,1,30,0,0,0,0,0,0,0,30,0,0,0,0,0,0,0,55.9,39.0,10.0,5.8,1.0,6
385,441,3223,2017-02-19,21,2,0,5,30,0,0,0,0,0,0,0,30,0,0,0,0,0,0,0,55.9,39.0,10.0,5.8,1.0,6
385,441,3223,2017-02-19,22,1,5,0,30,0,0,0,0,0,0,0,30,0,0,0,0,0,0,0,55.0,40.0,10.0,5.8,1.0,6
385,441,3223,2017-02-19,22,2,1,2,30,0,0,0,0,0,0,0,30,0,0,0,0,0,0,0,55.0,40.0,10.0,5.8,1.0,6
385,441,3223,2017-02-19,23,1,1,1,30,0,0,0,0,0,0,0,30,0,0,0,0,0,0,0,54.0,43.0,10.0,3.5,1.0,6
385,441,3223,2017-02-19,23,2,0,0,30,0,0,0,0,0,0,0,30,0,0,0,0,0,0,0,54.0,43.0,10.0,3.5,1.0,6
385,441,3223,2017-02-20,0,1,0,1,30,0,0,0,0,0,0,0,30,0,0,0,0,0,0,0,52.0,49.0,10.0,5.8,1.0,0
385,441,3223,2017-02-20,0,2,0,0,30,0,0,0,0,0,0,0,30,0,0,0,0,0,0,0,52.0,49.0,10.0,5.8,1.0,0
385,441,3223,2017-02-20,1,1,0,0,30,0,0,0,0,0,0,0,30,0,0,0,0,0,0,0,50.0,52.0,10.0,8.099999999999998,1.0,0
385,441,3223,2017-02-20,1,2,1,0,30,0,0,0,0,0,0,0,30,0,0,0,0,0,0,0,50.0,52.0,10.0,8.099999999999998,1.0,0
385,441,3223,2017-02-20,2,1,0,0,30,0,0,0,0,0,0,0,30,0,0,0,0,0,0,0,48.9,52.0,10.0,6.9,1.0,0
385,441,3223,2017-02-20,2,2,0,0,30,0,0,0,0,0,0,0,30,0,0,0,0,0,0,0,48.9,52.0,10.0,6.9,1.0,0
385,441,3223,2017-02-20,3,1,0,0,30,0,0,0,0,0,0,0,30,0,0,0,0,0,0,0,46.9,54.0,10.0,5.8,1.0,0
385,441,3223,2017-02-20,3,2,0,0,30,0,0,0,0,0,0,0,30,0,0,0,0,0,0,0,46.9,54.0,10.0,5.8,1.0,0
385,441,3223,2017-02-20,4,1,0,0,30,0,0,0,0,0,0,0,30,0,0,0,0,0,0,0,45.0,58.0,10.0,4.6,1.0,0
385,441,3223,2017-02-20,4,2,0,0,30,0,0,0,0,0,0,0,30,0,0,0,0,0,0,0,45.0,58.0,10.0,4.6,1.0,0
385,441,3223,2017-02-20,5,1,0,1,30,0,0,0,0,0,0,0,30,0,0,0,0,0,0,0,45.0,58.0,10.0,5.8,1.0,0
385,441,3223,2017-02-20,5,2,0,0,30,0,0,0,0,0,0,0,30,0,0,0,0,0,0,0,45.0,58.0,10.0,5.8,1.0,0
385,441,3223,2017-02-20,6,1,1,0,30,0,0,0,0,0,0,0,30,0,0,0,0,0,0,0,44.1,60.0,10.0,5.8,1.0,0
385,441,3223,2017-02-20,6,2,1,1,30,0,0,0,0,0,0,0,30,0,0,0,0,0,0,0,44.1,60.0,10.0,5.8,1.0,0
385,441,3223,2017-02-20,7,1,0,0,30,0,0,0,0,0,0,0,30,0,0,0,0,0,0,0,44.1,60.0,10.0,3.5,1.0,0
385,441,3223,2017-02-20,7,2,0,0,30,0,0,0,0,0,0,0,30,0,0,0,0,0,0,0,44.1,60.0,10.0,3.5,1.0,0
385,441,3223,2017-02-20,8,1,1,0,30,0,0,0,0,0,0,0,30,0,0,0,0,0,0,0,45.0,56.0,10.0,11.5,1.0,0
385,441,3223,2017-02-20,8,2,4,4,30,0,0,0,0,0,0,0,30,0,0,0,0,0,0,0,45.0,56.0,10.0,11.5,1.0,0
385,441,3223,2017-02-20,9,1,1,2,30,0,0,0,0,0,0,0,30,0,0,0,0,0,0,0,46.9,52.0,10.0,9.2,1.0,0
385,441,3223,2017-02-20,9,2,3,2,30,0,0,0,0,0,0,0,30,0,0,0,0,0,0,0,46.9,52.0,10.0,9.2,1.0,0
385,441,3223,2017-02-20,10,1,7,3,30,0,0,0,0,0,0,0,30,0,0,0,0,0,0,0,50.0,39.0,10.0,5.8,1.0,0
385,441,3223,2017-02-20,10,2,5,7,30,0,0,0,0,0,0,0,30,0,0,0,0,0,0,0,50.0,39.0,10.0,5.8,1.0,0
385,441,3223,2017-02-20,11,1,2,4,30,0,0,0,0,0,0,0,30,0,0,0,0,0,0,0,51.1,36.0,10.0,9.2,1.0,0
385,441,3223,2017-02-20,11,2,2,1,30,0,0,0,0,0,0,0,30,0,0,0,0,0,0,0,51.1,36.0,10.0,9.2,1.0,0
385,441,3223,2017-02-20,12,1,0,1,30,0,0,0,0,0,0,0,30,0,0,0,0,0,0,0,52.0,31.0,10.0,8.099999999999998,1.0,0
385,441,3223,2017-02-20,12,2,5,4,30,0,0,0,0,0,0,0,30,0,0,0,0,0,0,0,52.0,31.0,10.0,8.099999999999998,1.0,0
385,441,3223,2017-02-20,13,1,3,2,30,0,0,0,0,0,0,0,30,0,0,0,0,0,0,0,54.0,22.0,10.0,5.8,1.0,0
385,441,3223,2017-02-20,13,2,4,2,30,0,0,0,0,0,0,0,30,0,0,0,0,0,0,0,54.0,22.0,10.0,5.8,1.0,0
385,441,3223,2017-02-20,14,1,5,4,30,0,0,0,0,0,0,0,30,0,0,0,0,0,0,0,54.0,20.0,10.0,3.5,1.0,0
385,441,3223,2017-02-20,14,2,7,3,24,0,0,0,6,0,0,0,30,0,0,0,0,0,0,0,54.0,20.0,10.0,3.5,1.0,0
385,441,3223,2017-02-20,15,1,1,1,17,0,0,0,13,0,0,0,30,0,0,0,0,0,0,0,53.1,18.0,10.0,5.8,1.0,0
385,441,3223,2017-02-20,15,2,2,3,16,0,0,0,14,0,0,0,30,0,0,0,0,0,0,0,53.1,18.0,10.0,5.8,1.0,0
385,441,3223,2017-02-20,16,1,1,3,30,0,0,0,0,0,0,0,30,0,0,0,0,0,0,0,52.0,19.0,10.0,9.2,1.0,0
385,441,3223,2017-02-20,16,2,1,5,21,9,0,0,0,0,0,0,30,0,0,0,0,0,0,0,52.0,19.0,10.0,9.2,1.0,0
385,441,3223,2017-02-20,17,1,2,3,30,0,0,0,0,0,0,0,30,0,0,0,0,0,0,0,48.9,22.0,10.0,15.0,1.0,0
385,441,3223,2017-02-20,17,2,3,2,19,2,9,0,0,0,0,0,30,0,0,0,0,0,0,0,48.9,22.0,10.0,15.0,1.0,0
385,441,3223,2017-02-20,18,1,4,5,24,6,0,0,0,0,0,0,30,0,0,0,0,0,0,0,46.0,25.0,10.0,13.8,1.0,0
385,441,3223,2017-02-20,18,2,7,2,30,0,0,0,0,0,0,0,30,0,0,0,0,0,0,0,46.0,25.0,10.0,13.8,1.0,0
385,441,3223,2017-02-20,19,1,3,2,30,0,0,0,0,0,0,0,30,0,0,0,0,0,0,0,45.0,24.0,10.0,9.2,1.0,0
385,441,3223,2017-02-20,19,2,0,0,30,0,0,0,0,0,0,0,30,0,0,0,0,0,0,0,45.0,24.0,10.0,9.2,1.0,0
385,441,3223,2017-02-20,20,1,3,2,30,0,0,0,0,0,0,0,30,0,0,0,0,0,0,0,43.0,28.0,10.0,11.5,1.0,0
385,441,3223,2017-02-20,20,2,4,0,14,0,0,0,16,0,0,0,30,0,0,0,0,0,0,0,43.0,28.0,10.0,11.5,1.0,0
385,441,3223,2017-02-20,21,1,0,0,0,0,0,0,30,0,0,0,30,0,0,0,0,0,0,0,42.1,34.0,10.0,9.2,1.0,0
385,441,3223,2017-02-20,21,2,0,1,7,0,0,0,23,0,0,0,30,0,0,0,0,0,0,0,42.1,34.0,10.0,9.2,1.0,0
385,441,3223,2017-02-20,22,1,1,2,18,0,0,0,12,0,0,0,30,0,0,0,0,0,0,0,41.0,35.0,10.0,9.2,1.0,0
385,441,3223,2017-02-20,22,2,0,1,30,0,0,0,0,0,0,0,30,0,0,0,0,0,0,0,41.0,35.0,10.0,9.2,1.0,0
385,441,3223,2017-02-20,23,1,0,1,30,0,0,0,0,0,0,0,30,0,0,0,0,0,0,0,39.0,32.0,10.0,4.6,1.0,0
385,441,3223,2017-02-20,23,2,0,0,30,0,0,0,0,0,0,0,30,0,0,0,0,0,0,0,39.0,32.0,10.0,4.6,1.0,0
385,441,3223,2017-02-21,0,1,1,1,30,0,0,0,0,0,0,0,30,0,0,0,0,0,0,0,39.0,29.0,10.0,6.9,1.0,1
385,441,3223,2017-02-21,0,2,0,0,30,0,0,0,0,0,0,0,30,0,0,0,0,0,0,0,39.0,29.0,10.0,6.9,1.0,1
385,441,3223,2017-02-21,1,1,0,0,30,0,0,0,0,0,0,0,30,0,0,0,0,0,0,0,37.9,30.0,10.0,8.099999999999998,1.0,1
385,441,3223,2017-02-21,1,2,0,0,30,0,0,0,0,0,0,0,30,0,0,0,0,0,0,0,37.9,30.0,10.0,8.099999999999998,1.0,1
385,441,3223,2017-02-21,2,1,0,0,30,0,0,0,0,0,0,0,30,0,0,0,0,0,0,0,37.0,31.0,10.0,5.8,1.0,1
385,441,3223,2017-02-21,2,2,1,0,30,0,0,0,0,0,0,0,30,0,0,0,0,0,0,0,37.0,31.0,10.0,5.8,1.0,1
385,441,3223,2017-02-21,3,1,0,0,30,0,0,0,0,0,0,0,30,0,0,0,0,0,0,0,37.0,30.0,10.0,10.4,1.0,1
385,441,3223,2017-02-21,3,2,0,0,30,0,0,0,0,0,0,0,30,0,0,0,0,0,0,0,37.0,30.0,10.0,10.4,1.0,1
385,441,3223,2017-02-21,4,1,0,0,30,0,0,0,0,0,0,0,30,0,0,0,0,0,0,0,36.0,36.0,10.0,9.2,1.0,1
385,441,3223,2017-02-21,4,2,0,0,30,0,0,0,0,0,0,0,30,0,0,0,0,0,0,0,36.0,36.0,10.0,9.2,1.0,1
385,441,3223,2017-02-21,5,1,0,0,30,0,0,0,0,0,0,0,30,0,0,0,0,0,0,0,35.1,42.0,10.0,5.8,1.0,1
385,441,3223,2017-02-21,5,2,2,1,30,0,0,0,0,0,0,0,30,0,0,0,0,0,0,0,35.1,42.0,10.0,5.8,1.0,1
385,441,3223,2017-02-21,6,1,3,1,30,0,0,0,0,0,0,0,30,0,0,0,0,0,0,0,35.1,48.0,10.0,4.6,1.0,1
385,441,3223,2017-02-21,6,2,2,0,21,0,0,0,9,0,0,0,30,0,0,0,0,0,0,0,35.1,48.0,10.0,4.6,1.0,1
385,441,3223,2017-02-21,7,1,1,2,9,0,0,0,21,0,0,0,30,0,0,0,0,0,0,0,36.0,50.0,10.0,3.5,1.0,1
385,441,3223,2017-02-21,7,2,2,2,30,0,0,0,0,0,0,0,30,0,0,0,0,0,0,0,36.0,50.0,10.0,3.5,1.0,1
385,441,3223,2017-02-21,8,1,2,1,13,0,0,0,17,0,0,0,30,0,0,0,0,0,0,0,39.0,45.0,10.0,5.8,1.0,1
385,441,3223,2017-02-21,8,2,1,1,8,0,0,0,22,0,0,0,30,0,0,0,0,0,0,0,39.0,45.0,10.0,5.8,1.0,1
385,441,3223,2017-02-21,9,1,3,7,30,0,0,0,0,0,0,0,30,0,0,0,0,0,0,0,39.9,45.0,10.0,6.9,1.0,1
385,441,3223,2017-02-21,9,2,5,10,30,0,0,0,0,0,0,0,30,0,0,0,0,0,0,0,39.9,45.0,10.0,6.9,1.0,1
385,441,3223,2017-02-21,10,1,2,5,30,0,0,0,0,0,0,0,30,0,0,0,0,0,0,0,45.0,40.0,10.0,6.9,1.0,1
385,441,3223,2017-02-21,10,2,2,3,30,0,0,0,0,0,0,0,30,0,0,0,0,0,0,0,45.0,40.0,10.0,6.9,1.0,1
385,441,3223,2017-02-21,11,1,5,2,30,0,0,0,0,0,0,0,30,0,0,0,0,0,0,0,45.0,46.0,10.0,5.8,1.0,1
385,441,3223,2017-02-21,11,2,2,4,30,0,0,0,0,0,0,0,30,0,0,0,0,0,0,0,45.0,46.0,10.0,5.8,1.0,1
385,441,3223,2017-02-21,12,1,1,1,30,0,0,0,0,0,0,0,30,0,0,0,0,0,0,0,46.0,47.0,10.0,3.5,1.0,1
385,441,3223,2017-02-21,12,2,3,1,30,0,0,0,0,0,0,0,30,0,0,0,0,0,0,0,46.0,47.0,10.0,3.5,1.0,1
385,441,3223,2017-02-21,13,1,2,0,30,0,0,0,0,0,0,0,30,0,0,0,0,0,0,0,46.0,46.0,10.0,3.5,1.0,1
385,441,3223,2017-02-21,13,2,2,0,30,0,0,0,0,0,0,0,30,0,0,0,0,0,0,0,46.0,46.0,10.0,3.5,1.0,1
385,441,3223,2017-02-21,14,1,1,1,30,0,0,0,0,0,0,0,30,0,0,0,0,0,0,0,44.1,58.0,10.0,6.9,1.0,1
385,441,3223,2017-02-21,14,2,0,2,30,0,0,0,0,0,0,0,30,0,0,0,0,0,0,0,44.1,58.0,10.0,6.9,1.0,1
385,441,3223,2017-02-21,15,1,0,4,30,0,0,0,0,0,0,0,30,0,0,0,0,0,0,0,44.1,58.0,10.0,6.9,1.0,1
385,441,3223,2017-02-21,15,2,2,1,30,0,0,0,0,0,0,0,30,0,0,0,0,0,0,0,44.1,58.0,10.0,6.9,1.0,1
385,441,3223,2017-02-21,16,1,0,3,30,0,0,0,0,0,0,0,30,0,0,0,0,0,0,0,43.0,62.0,10.0,6.9,1.0,1
385,441,3223,2017-02-21,16,2,1,1,30,0,0,0,0,0,0,0,30,0,0,0,0,0,0,0,43.0,62.0,10.0,6.9,1.0,1
385,441,3223,2017-02-21,17,1,5,3,30,0,0,0,0,0,0,0,30,0,0,0,0,0,0,0,42.1,65.0,10.0,3.5,1.0,1
385,441,3223,2017-02-21,17,2,4,6,30,0,0,0,0,0,0,0,30,0,0,0,0,0,0,0,42.1,65.0,10.0,3.5,1.0,1
385,441,3223,2017-02-21,18,1,6,3,30,0,0,0,0,0,0,0,30,0,0,0,0,0,0,0,42.1,67.0,10.0,6.9,1.0,1
385,441,3223,2017-02-21,18,2,7,5,30,0,0,0,0,0,0,0,30,0,0,0,0,0,0,0,42.1,67.0,10.0,6.9,1.0,1
385,441,3223,2017-02-21,19,1,10,4,21,9,0,0,0,0,0,0,30,0,0,0,0,0,0,0,42.1,67.0,10.0,5.8,1.0,1
385,441,3223,2017-02-21,19,2,3,1,28,2,0,0,0,0,0,0,30,0,0,0,0,0,0,0,42.1,67.0,10.0,5.8,1.0,1
385,441,3223,2017-02-21,20,1,6,1,4,21,0,0,5,0,0,0,30,0,0,0,0,0,0,0,43.0,65.0,10.0,4.6,1.0,1
385,441,3223,2017-02-21,20,2,2,3,8,16,0,0,6,0,0,0,30,0,0,0,0,0,0,0,43.0,65.0,10.0,4.6,1.0,1
385,441,3223,2017-02-21,21,1,0,0,10,20,0,0,0,0,0,0,30,0,0,0,0,0,0,0,43.0,65.0,10.0,6.9,1.0,1
385,441,3223,2017-02-21,21,2,1,3,30,0,0,0,0,0,0,0,30,0,0,0,0,0,0,0,43.0,65.0,10.0,6.9,1.0,1
385,441,3223,2017-02-21,22,1,1,0,30,0,0,0,0,0,0,0,30,0,0,0,0,0,0,0,43.0,65.0,10.0,6.9,1.0,1
385,441,3223,2017-02-21,22,2,0,0,30,0,0,0,0,0,0,0,30,0,0,0,0,0,0,0,43.0,65.0,10.0,6.9,1.0,1
385,441,3223,2017-02-21,23,1,0,0,30,0,0,0,0,0,0,0,30,0,0,0,0,0,0,0,43.0,65.0,10.0,8.099999999999998,1.0,1
385,441,3223,2017-02-21,23,2,1,0,30,0,0,0,0,0,0,0,30,0,0,0,0,0,0,0,43.0,65.0,10.0,8.099999999999998,1.0,1
385,441,3223,2017-02-22,0,1,0,0,30,0,0,0,0,0,0,0,30,0,0,0,0,0,0,0,43.0,68.0,10.0,6.9,1.0,2
385,441,3223,2017-02-22,0,2,0,0,30,0,0,0,0,0,0,0,30,0,0,0,0,0,0,0,43.0,68.0,10.0,6.9,1.0,2
385,441,3223,2017-02-22,1,1,1,0,26,0,0,0,4,0,0,0,30,0,0,0,0,0,0,0,44.1,68.0,10.0,5.8,1.0,2
385,441,3223,2017-02-22,1,2,0,0,0,0,0,0,30,0,0,0,30,0,0,0,0,0,0,0,44.1,68.0,10.0,5.8,1.0,2
385,441,3223,2017-02-22,2,1,0,0,0,0,0,0,30,0,0,0,30,0,0,0,0,0,0,0,43.0,71.0,10.0,5.8,1.0,2
385,441,3223,2017-02-22,2,2,0,0,0,0,0,0,30,0,0,0,30,0,0,0,0,0,0,0,43.0,71.0,10.0,5.8,1.0,2
385,441,3223,2017-02-22,3,1,0,0,0,0,0,0,30,0,0,0,30,0,0,0,0,0,0,0,43.0,71.0,10.0,4.6,1.0,2
385,441,3223,2017-02-22,3,2,0,0,0,0,0,0,30,0,0,0,30,0,0,0,0,0,0,0,43.0,71.0,10.0,4.6,1.0,2
385,441,3223,2017-02-22,4,1,0,0,0,0,0,0,30,0,0,0,30,0,0,0,0,0,0,0,43.0,71.0,10.0,3.5,1.0,2
385,441,3223,2017-02-22,4,2,0,0,0,0,0,0,30,0,0,0,30,0,0,0,0,0,0,0,43.0,71.0,10.0,3.5,1.0,2
385,441,3223,2017-02-22,5,1,0,1,16,0,0,0,14,0,0,0,30,0,0,0,0,0,0,0,44.1,68.0,10.0,3.5,1.0,2
385,441,3223,2017-02-22,5,2,1,0,17,0,0,0,13,0,0,0,30,0,0,0,0,0,0,0,44.1,68.0,10.0,3.5,1.0,2
385,441,3223,2017-02-22,6,1,0,1,30,0,0,0,0,0,0,0,30,0,0,0,0,0,0,0,44.1,71.0,10.0,3.5,1.0,2
385,441,3223,2017-02-22,6,2,3,2,27,0,0,0,3,0,0,0,30,0,0,0,0,0,0,0,44.1,71.0,10.0,3.5,1.0,2
385,441,3223,2017-02-22,7,1,2,2,9,0,0,0,21,0,0,0,30,0,0,0,0,0,0,0,45.0,68.0,10.0,6.9,1.0,2
385,441,3223,2017-02-22,7,2,4,4,27,0,0,0,3,0,0,0,30,0,0,0,0,0,0,0,45.0,68.0,10.0,6.9,1.0,2
385,441,3223,2017-02-22,8,1,1,1,5,0,0,0,25,0,0,0,30,0,0,0,0,0,0,0,45.0,71.0,10.0,3.5,1.0,2
385,441,3223,2017-02-22,8,2,6,2,23,0,0,0,7,0,0,0,30,0,0,0,0,0,0,0,45.0,71.0,10.0,3.5,1.0,2
385,441,3223,2017-02-22,9,1,7,14,30,0,0,0,0,0,0,0,21,9,0,0,0,0,0,0,46.0,68.0,10.0,6.9,1.0,2
385,441,3223,2017-02-22,9,2,3,13,30,0,0,0,0,0,0,0,9,21,0,0,0,0,0,0,46.0,68.0,10.0,6.9,1.0,2
385,441,3223,2017-02-22,10,1,2,3,30,0,0,0,0,0,0,0,14,16,0,0,0,0,0,0,48.0,63.0,10.0,3.5,1.0,2
385,441,3223,2017-02-22,10,2,2,3,30,0,0,0,0,0,0,0,30,0,0,0,0,0,0,0,48.0,63.0,10.0,3.5,1.0,2
385,441,3223,2017-02-22,11,1,1,1,30,0,0,0,0,0,0,0,30,0,0,0,0,0,0,0,48.9,64.0,9.0,3.5,1.0,2
385,441,3223,2017-02-22,11,2,1,1,30,0,0,0,0,0,0,0,30,0,0,0,0,0,0,0,48.9,64.0,9.0,3.5,1.0,2
385,441,3223,2017-02-22,12,1,5,2,27,0,0,0,3,0,0,0,30,0,0,0,0,0,0,0,51.1,59.0,9.0,3.5,1.0,2
385,441,3223,2017-02-22,12,2,1,2,24,0,0,0,6,0,0,0,30,0,0,0,0,0,0,0,51.1,59.0,9.0,3.5,1.0,2
385,441,3223,2017-02-22,13,1,1,3,30,0,0,0,0,0,0,0,30,0,0,0,0,0,0,0,55.0,51.0,9.0,6.9,1.0,2
385,441,3223,2017-02-22,13,2,1,1,30,0,0,0,0,0,0,0,30,0,0,0,0,0,0,0,55.0,51.0,9.0,6.9,1.0,2
385,441,3223,2017-02-22,14,1,4,3,30,0,0,0,0,0,0,0,30,0,0,0,0,0,0,0,55.9,51.0,8.0,6.9,1.0,2
385,441,3223,2017-02-22,14,2,3,1,30,0,0,0,0,0,0,0,30,0,0,0,0,0,0,0,55.9,51.0,8.0,6.9,1.0,2
385,441,3223,2017-02-22,15,1,2,1,30,0,0,0,0,0,0,0,30,0,0,0,0,0,0,0,57.0,49.0,10.0,5.8,1.0,2
385,441,3223,2017-02-22,15,2,3,1,30,0,0,0,0,0,0,0,30,0,0,0,0,0,0,0,57.0,49.0,10.0,5.8,1.0,2
385,441,3223,2017-02-22,16,1,1,2,30,0,0,0,0,0,0,0,30,0,0,0,0,0,0,0,57.0,51.0,10.0,6.9,1.0,2
385,441,3223,2017-02-22,16,2,2,3,30,0,0,0,0,0,0,0,30,0,0,0,0,0,0,0,57.0,51.0,10.0,6.9,1.0,2
385,441,3223,2017-02-22,17,1,7,3,30,0,0,0,0,0,0,0,30,0,0,0,0,0,0,0,53.1,61.0,10.0,4.6,1.0,2
385,441,3223,2017-02-22,17,2,6,3,30,0,0,0,0,0,0,0,30,0,0,0,0,0,0,0,53.1,61.0,10.0,4.6,1.0,2
385,441,3223,2017-02-22,18,1,5,6,24,6,0,0,0,0,0,0,30,0,0,0,0,0,0,0,53.1,66.0,10.0,4.6,1.0,2
385,441,3223,2017-02-22,18,2,13,1,3,27,0,0,0,0,0,0,30,0,0,0,0,0,0,0,53.1,66.0,10.0,4.6,1.0,2
385,441,3223,2017-02-22,19,1,8,5,15,15,0,0,0,0,0,0,30,0,0,0,0,0,0,0,52.0,69.0,10.0,6.9,1.0,2
385,441,3223,2017-02-22,19,2,5,2,24,0,0,0,6,0,0,0,30,0,0,0,0,0,0,0,52.0,69.0,10.0,6.9,1.0,2
385,441,3223,2017-02-22,20,1,5,7,7,14,0,0,9,0,0,0,30,0,0,0,0,0,0,0,50.0,71.0,10.0,6.9,1.0,2
385,441,3223,2017-02-22,20,2,1,2,5,0,25,0,0,0,0,0,30,0,0,0,0,0,0,0,50.0,71.0,10.0,6.9,1.0,2
385,441,3223,2017-02-22,21,1,5,1,0,0,9,21,0,0,0,0,30,0,0,0,0,0,0,0,50.0,71.0,10.0,6.9,1.0,2
385,441,3223,2017-02-22,21,2,1,1,15,0,0,0,15,0,0,0,30,0,0,0,0,0,0,0,50.0,71.0,10.0,6.9,1.0,2
385,441,3223,2017-02-22,22,1,2,2,0,8,0,16,6,0,0,0,30,0,0,0,0,0,0,0,51.1,71.0,10.0,6.9,1.0,2
385,441,3223,2017-02-22,22,2,0,1,16,4,10,0,0,0,0,0,30,0,0,0,0,0,0,0,51.1,71.0,10.0,6.9,1.0,2
385,441,3223,2017-02-22,23,1,2,0,0,6,0,5,19,0,0,0,30,0,0,0,0,0,0,0,52.0,69.0,10.0,6.9,1.0,2
385,441,3223,2017-02-22,23,2,1,1,19,0,0,0,11,0,0,0,30,0,0,0,0,0,0,0,52.0,69.0,10.0,6.9,1.0,2
385,441,3223,2017-02-23,0,1,0,0,14,0,0,0,16,0,0,0,30,0,0,0,0,0,0,0,52.0,69.0,10.0,3.5,1.0,3
385,441,3223,2017-02-23,0,2,0,1,30,0,0,0,0,0,0,0,30,0,0,0,0,0,0,0,52.0,69.0,10.0,3.5,1.0,3
385,441,3223,2017-02-23,1,1,0,0,28,0,2,0,0,0,0,0,30,0,0,0,0,0,0,0,50.0,74.0,10.0,3.5,1.0,3
385,441,3223,2017-02-23,1,2,0,0,0,0,30,0,0,0,0,0,30,0,0,0,0,0,0,0,50.0,74.0,10.0,3.5,1.0,3
385,441,3223,2017-02-23,2,1,0,0,0,0,30,0,0,0,0,0,30,0,0,0,0,0,0,0,48.9,74.0,10.0,3.5,1.0,3
385,441,3223,2017-02-23,2,2,0,0,0,0,30,0,0,0,0,0,30,0,0,0,0,0,0,0,48.9,74.0,10.0,3.5,1.0,3
385,441,3223,2017-02-23,3,1,0,0,0,0,30,0,0,0,0,0,30,0,0,0,0,0,0,0,46.9,80.0,10.0,3.5,1.0,3
385,441,3223,2017-02-23,3,2,0,0,0,0,30,0,0,0,0,0,30,0,0,0,0,0,0,0,46.9,80.0,10.0,3.5,1.0,3
385,441,3223,2017-02-23,4,1,0,0,0,0,30,0,0,0,0,0,30,0,0,0,0,0,0,0,46.0,83.0,9.0,3.5,1.0,3
385,441,3223,2017-02-23,4,2,0,0,0,0,30,0,0,0,0,0,30,0,0,0,0,0,0,0,46.0,83.0,9.0,3.5,1.0,3
385,441,3223,2017-02-23,5,1,0,0,0,0,30,0,0,0,0,0,30,0,0,0,0,0,0,0,45.0,82.0,8.0,3.5,1.0,3
385,441,3223,2017-02-23,5,2,0,0,2,0,28,0,0,0,0,0,30,0,0,0,0,0,0,0,45.0,82.0,8.0,3.5,1.0,3
385,441,3223,2017-02-23,6,1,0,1,7,19,4,0,0,0,0,0,30,0,0,0,0,0,0,0,44.1,85.0,7.0,3.5,1.0,3
385,441,3223,2017-02-23,6,2,2,1,0,0,27,0,3,0,0,0,30,0,0,0,0,0,0,0,44.1,85.0,7.0,3.5,1.0,3
385,441,3223,2017-02-23,7,1,3,4,3,0,24,0,3,0,0,0,30,0,0,0,0,0,0,0,48.0,80.0,7.0,3.5,1.0,3
385,441,3223,2017-02-23,7,2,4,2,3,0,22,0,5,0,0,0,30,0,0,0,0,0,0,0,48.0,80.0,7.0,3.5,1.0,3
385,441,3223,2017-02-23,8,1,4,5,20,0,0,0,10,0,0,0,30,0,0,0,0,0,0,0,48.6,87.0,3.0,4.65,3.0,3
385,441,3223,2017-02-23,8,2,6,6,21,0,0,0,9,0,0,0,30,0,0,0,0,0,0,0,48.6,87.0,3.0,4.65,3.0,3
385,441,3223,2017-02-23,9,1,3,12,30,0,0,0,0,0,0,0,30,0,0,0,0,0,0,0,52.0,83.0,7.0,4.6,1.0,3
385,441,3223,2017-02-23,9,2,4,5,30,0,0,0,0,0,0,0,30,0,0,0,0,0,0,0,52.0,83.0,7.0,4.6,1.0,3
385,441,3223,2017-02-23,10,1,1,8,30,0,0,0,0,0,0,0,30,0,0,0,0,0,0,0,54.0,83.0,10.0,3.5,1.0,3
385,441,3223,2017-02-23,10,2,2,4,30,0,0,0,0,0,0,0,30,0,0,0,0,0,0,0,54.0,83.0,10.0,3.5,1.0,3
385,441,3223,2017-02-23,11,1,0,0,30,0,0,0,0,0,0,0,30,0,0,0,0,0,0,0,53.1,83.0,6.0,9.2,1.0,3
385,441,3223,2017-02-23,11,2,5,1,30,0,0,0,0,0,0,0,30,0,0,0,0,0,0,0,53.1,83.0,6.0,9.2,1.0,3
385,441,3223,2017-02-23,12,1,3,1,24,0,0,0,6,0,0,0,30,0,0,0,0,0,0,0,57.0,74.0,6.0,9.2,1.0,3
385,441,3223,2017-02-23,12,2,0,4,14,16,0,0,0,0,0,0,30,0,0,0,0,0,0,0,57.0,74.0,6.0,9.2,1.0,3
385,441,3223,2017-02-23,13,1,4,2,9,17,0,0,4,0,0,0,30,0,0,0,0,0,0,0,60.1,69.0,6.0,5.8,1.0,3
385,441,3223,2017-02-23,13,2,3,3,9,1,0,0,20,0,0,0,30,0,0,0,0,0,0,0,60.1,69.0,6.0,5.8,1.0,3
385,441,3223,2017-02-23,14,1,4,6,4,26,0,0,0,0,0,0,30,0,0,0,0,0,0,0,64.0,63.0,8.0,3.5,1.0,3
385,441,3223,2017-02-23,14,2,2,1,0,30,0,0,0,0,0,0,30,0,0,0,0,0,0,0,64.0,63.0,8.0,3.5,1.0,3
385,441,3223,2017-02-23,15,1,1,5,8,22,0,0,0,0,0,0,30,0,0,0,0,0,0,0,64.9,61.0,8.0,4.6,1.0,3
385,441,3223,2017-02-23,15,2,6,4,30,0,0,0,0,0,0,0,30,0,0,0,0,0,0,0,64.9,61.0,8.0,4.6,1.0,3
385,441,3223,2017-02-23,16,1,3,2,30,0,0,0,0,0,0,0,30,0,0,0,0,0,0,0,61.0,70.0,8.0,6.9,1.0,3
385,441,3223,2017-02-23,16,2,3,2,30,0,0,0,0,0,0,0,30,0,0,0,0,0,0,0,61.0,70.0,8.0,6.9,1.0,3
385,441,3223,2017-02-23,17,1,3,2,30,0,0,0,0,0,0,0,30,0,0,0,0,0,0,0,61.0,70.0,10.0,4.6,1.0,3
385,441,3223,2017-02-23,17,2,6,3,30,0,0,0,0,0,0,0,30,0,0,0,0,0,0,0,61.0,70.0,10.0,4.6,1.0,3
385,441,3223,2017-02-23,18,1,7,8,12,18,0,0,0,0,0,0,30,0,0,0,0,0,0,0,59.0,72.0,10.0,3.5,1.0,3
385,441,3223,2017-02-23,18,2,7,3,18,12,0,0,0,0,0,0,30,0,0,0,0,0,0,0,59.0,72.0,10.0,3.5,1.0,3
385,441,3223,2017-02-23,19,1,10,5,15,12,0,0,3,0,0,0,30,0,0,0,0,0,0,0,57.9,72.0,9.0,3.5,1.0,3
385,441,3223,2017-02-23,19,2,3,0,10,20,0,0,0,0,0,0,30,0,0,0,0,0,0,0,57.9,72.0,9.0,3.5,1.0,3
385,441,3223,2017-02-23,20,1,1,1,0,4,0,0,26,0,0,0,30,0,0,0,0,0,0,0,55.9,77.0,9.0,3.5,1.0,3
385,441,3223,2017-02-23,20,2,0,2,0,12,0,1,17,0,0,0,30,0,0,0,0,0,0,0,55.9,77.0,9.0,3.5,1.0,3
385,441,3223,2017-02-23,21,1,3,2,0,0,0,30,0,0,0,0,30,0,0,0,0,0,0,0,63.0,67.0,10.0,4.6,1.0,3
385,441,3223,2017-02-23,21,2,2,2,0,3,11,16,0,0,0,0,30,0,0,0,0,0,0,0,63.0,67.0,10.0,4.6,1.0,3
385,441,3223,2017-02-23,22,1,2,1,14,0,16,0,0,0,0,0,30,0,0,0,0,0,0,0,64.0,65.0,10.0,4.6,1.0,3
385,441,3223,2017-02-23,22,2,0,2,21,0,4,0,5,0,0,0,30,0,0,0,0,0,0,0,64.0,65.0,10.0,4.6,1.0,3
385,441,3223,2017-02-23,23,1,1,1,0,0,30,0,0,0,0,0,30,0,0,0,0,0,0,0,63.0,65.0,10.0,5.8,1.0,3
385,441,3223,2017-02-23,23,2,1,0,0,0,30,0,0,0,0,0,30,0,0,0,0,0,0,0,63.0,65.0,10.0,5.8,1.0,3
385,441,3223,2017-02-24,0,1,0,0,18,0,12,0,0,0,0,0,30,0,0,0,0,0,0,0,62.1,65.0,10.0,9.2,1.0,4
385,441,3223,2017-02-24,0,2,0,0,30,0,0,0,0,0,0,0,30,0,0,0,0,0,0,0,62.1,65.0,10.0,9.2,1.0,4
385,441,3223,2017-02-24,1,1,0,0,12,0,18,0,0,0,0,0,30,0,0,0,0,0,0,0,60.1,72.0,10.0,4.6,1.0,4
385,441,3223,2017-02-24,1,2,0,0,0,0,30,0,0,0,0,0,30,0,0,0,0,0,0,0,60.1,72.0,10.0,4.6,1.0,4
385,441,3223,2017-02-24,2,1,0,0,22,0,8,0,0,0,0,0,30,0,0,0,0,0,0,0,60.1,72.0,10.0,4.6,1.0,4
385,441,3223,2017-02-24,2,2,0,0,22,0,8,0,0,0,0,0,30,0,0,0,0,0,0,0,60.1,72.0,10.0,4.6,1.0,4
385,441,3223,2017-02-24,3,1,0,0,0,0,30,0,0,0,0,0,30,0,0,0,0,0,0,0,59.0,75.0,10.0,9.2,1.0,4
385,441,3223,2017-02-24,3,2,0,0,0,0,30,0,0,0,0,0,30,0,0,0,0,0,0,0,59.0,75.0,10.0,9.2,1.0,4
385,441,3223,2017-02-24,4,1,1,0,0,0,11,0,19,0,0,0,30,0,0,0,0,0,0,0,59.0,78.0,10.0,8.099999999999998,1.0,4
385,441,3223,2017-02-24,4,2,0,0,0,0,0,0,30,0,0,0,30,0,0,0,0,0,0,0,59.0,78.0,10.0,8.099999999999998,1.0,4
385,441,3223,2017-02-24,5,1,0,1,0,0,27,0,3,0,0,0,30,0,0,0,0,0,0,0,57.9,81.0,10.0,6.9,1.0,4
385,441,3223,2017-02-24,5,2,0,0,0,0,30,0,0,0,0,0,30,0,0,0,0,0,0,0,57.9,81.0,10.0,6.9,1.0,4
385,441,3223,2017-02-24,6,1,1,0,0,0,17,0,13,0,0,0,30,0,0,0,0,0,0,0,59.0,78.0,10.0,9.2,1.0,4
385,441,3223,2017-02-24,6,2,0,2,0,0,12,0,18,0,0,0,30,0,0,0,0,0,0,0,59.0,78.0,10.0,9.2,1.0,4
385,441,3223,2017-02-24,7,1,5,3,6,0,24,0,0,0,0,0,30,0,0,0,0,0,0,0,60.1,75.0,10.0,9.2,1.0,4
385,441,3223,2017-02-24,7,2,2,2,0,0,12,0,18,0,0,0,30,0,0,0,0,0,0,0,60.1,75.0,10.0,9.2,1.0,4
385,441,3223,2017-02-24,8,1,3,4,24,0,0,0,6,0,0,0,30,0,0,0,0,0,0,0,61.0,72.0,10.0,11.5,1.0,4
385,441,3223,2017-02-24,8,2,5,2,10,0,0,0,20,0,0,0,30,0,0,0,0,0,0,0,61.0,72.0,10.0,11.5,1.0,4
385,441,3223,2017-02-24,9,1,7,7,30,0,0,0,0,0,0,0,30,0,0,0,0,0,0,0,63.0,70.0,10.0,5.8,1.0,4
385,441,3223,2017-02-24,9,2,4,11,30,0,0,0,0,0,0,0,30,0,0,0,0,0,0,0,63.0,70.0,10.0,5.8,1.0,4
385,441,3223,2017-02-24,10,1,3,2,30,0,0,0,0,0,0,0,30,0,0,0,0,0,0,0,66.9,63.0,10.0,3.5,1.0,4
385,441,3223,2017-02-24,10,2,0,2,30,0,0,0,0,0,0,0,30,0,0,0,0,0,0,0,66.9,63.0,10.0,3.5,1.0,4
385,441,3223,2017-02-24,11,1,0,2,30,0,0,0,0,0,0,0,30,0,0,0,0,0,0,0,69.1,54.0,10.0,6.9,1.0,4
385,441,3223,2017-02-24,11,2,3,4,30,0,0,0,0,0,0,0,30,0,0,0,0,0,0,0,69.1,54.0,10.0,6.9,1.0,4
385,441,3223,2017-02-24,12,1,3,0,6,0,15,0,9,0,0,0,30,0,0,0,0,0,0,0,69.1,54.0,10.0,9.2,1.0,4
385,441,3223,2017-02-24,12,2,0,2,12,0,9,0,9,0,0,0,30,0,0,0,0,0,0,0,69.1,54.0,10.0,9.2,1.0,4
385,441,3223,2017-02-24,13,1,5,6,30,0,0,0,0,0,0,0,30,0,0,0,0,0,0,0,68.0,56.0,10.0,9.2,1.0,4
385,441,3223,2017-02-24,13,2,4,1,30,0,0,0,0,0,0,0,30,0,0,0,0,0,0,0,68.0,56.0,10.0,9.2,1.0,4
385,441,3223,2017-02-24,14,1,3,2,30,0,0,0,0,0,0,0,30,0,0,0,0,0,0,0,68.0,56.0,10.0,4.6,1.0,4
385,441,3223,2017-02-24,14,2,5,7,30,0,0,0,0,0,0,0,30,0,0,0,0,0,0,0,68.0,56.0,10.0,4.6,1.0,4
385,441,3223,2017-02-24,15,1,6,5,30,0,0,0,0,0,0,0,30,0,0,0,0,0,0,0,66.0,60.0,10.0,9.2,1.0,4
385,441,3223,2017-02-24,15,2,2,1,30,0,0,0,0,0,0,0,30,0,0,0,0,0,0,0,66.0,60.0,10.0,9.2,1.0,4
385,441,3223,2017-02-24,16,1,1,2,30,0,0,0,0,0,0,0,30,0,0,0,0,0,0,0,64.9,63.0,10.0,8.099999999999998,1.0,4
385,441,3223,2017-02-24,16,2,7,1,30,0,0,0,0,0,0,0,30,0,0,0,0,0,0,0,64.9,63.0,10.0,8.099999999999998,1.0,4
385,441,3223,2017-02-24,17,1,7,7,30,0,0,0,0,0,0,0,30,0,0,0,0,0,0,0,64.0,65.0,10.0,10.4,1.0,4
385,441,3223,2017-02-24,17,2,3,4,21,9,0,0,0,0,0,0,30,0,0,0,0,0,0,0,64.0,65.0,10.0,10.4,1.0,4
385,441,3223,2017-02-24,18,1,9,9,10,20,0,0,0,0,0,0,30,0,0,0,0,0,0,0,63.0,67.0,10.0,5.8,1.0,4
385,441,3223,2017-02-24,18,2,4,4,3,15,0,0,12,0,0,0,30,0,0,0,0,0,0,0,63.0,67.0,10.0,5.8,1.0,4
385,441,3223,2017-02-24,19,1,4,3,5,25,0,0,0,0,0,0,30,0,0,0,0,0,0,0,62.1,75.0,10.0,5.8,1.0,4
385,441,3223,2017-02-24,19,2,1,0,0,4,0,0,26,0,0,0,30,0,0,0,0,0,0,0,62.1,75.0,10.0,5.8,1.0,4
385,441,3223,2017-02-24,20,1,1,1,0,0,3,0,27,0,0,0,30,0,0,0,0,0,0,0,60.1,80.0,10.0,4.6,1.0,4
385,441,3223,2017-02-24,20,2,1,2,0,0,0,9,21,0,0,0,30,0,0,0,0,0,0,0,60.1,80.0,10.0,4.6,1.0,4
385,441,3223,2017-02-24,21,1,2,1,0,0,0,25,5,0,0,0,30,0,0,0,0,0,0,0,61.0,83.0,10.0,4.6,1.0,4
385,441,3223,2017-02-24,21,2,0,0,0,0,0,0,30,0,0,0,30,0,0,0,0,0,0,0,61.0,83.0,10.0,4.6,1.0,4
385,441,3223,2017-02-24,22,1,1,1,0,21,0,1,8,0,0,0,30,0,0,0,0,0,0,0,61.0,83.0,10.0,4.6,1.0,4
385,441,3223,2017-02-24,22,2,0,0,0,0,0,0,30,0,0,0,30,0,0,0,0,0,0,0,61.0,83.0,10.0,4.6,1.0,4
385,441,3223,2017-02-24,23,1,0,0,0,0,0,0,30,0,0,0,30,0,0,0,0,0,0,0,60.1,86.0,10.0,9.2,1.0,4
385,441,3223,2017-02-24,23,2,0,0,0,0,0,0,30,0,0,0,30,0,0,0,0,0,0,0,60.1,86.0,10.0,9.2,1.0,4
385,441,3223,2017-02-25,0,1,0,0,17,0,0,0,13,0,0,0,30,0,0,0,0,0,0,0,60.1,84.0,10.0,5.2,3.0,5
385,441,3223,2017-02-25,0,2,0,2,30,0,0,0,0,0,0,0,30,0,0,0,0,0,0,0,60.1,84.0,10.0,5.2,3.0,5
385,441,3223,2017-02-25,1,1,0,0,7,0,23,0,0,0,0,0,30,0,0,0,0,0,0,0,57.0,87.0,10.0,3.5,1.0,5
385,441,3223,2017-02-25,1,2,0,0,0,0,0,30,0,0,0,0,30,0,0,0,0,0,0,0,57.0,87.0,10.0,3.5,1.0,5
385,441,3223,2017-02-25,2,1,0,0,0,0,0,30,0,0,0,0,30,0,0,0,0,0,0,0,55.9,90.0,10.0,3.5,1.0,5
385,441,3223,2017-02-25,2,2,0,1,0,19,0,11,0,0,0,0,30,0,0,0,0,0,0,0,55.9,90.0,10.0,3.5,1.0,5
385,441,3223,2017-02-25,3,1,0,0,0,30,0,0,0,0,0,0,30,0,0,0,0,0,0,0,55.0,89.0,10.0,5.2,1.0,5
385,441,3223,2017-02-25,3,2,0,0,0,30,0,0,0,0,0,0,30,0,0,0,0,0,0,0,55.0,89.0,10.0,5.2,1.0,5
385,441,3223,2017-02-25,4,1,0,0,0,30,0,0,0,0,0,0,30,0,0,0,0,0,0,0,53.1,93.0,8.0,4.6,1.0,5
385,441,3223,2017-02-25,4,2,0,0,0,30,0,0,0,0,0,0,30,0,0,0,0,0,0,0,53.1,93.0,8.0,4.6,1.0,5
385,441,3223,2017-02-25,5,1,0,0,0,30,0,0,0,0,0,0,30,0,0,0,0,0,0,0,52.55,95.0,6.0,4.05,2.0,5
385,441,3223,2017-02-25,5,2,0,0,0,30,0,0,0,0,0,0,30,0,0,0,0,0,0,0,52.55,95.0,6.0,4.05,2.0,5
385,441,3223,2017-02-25,6,1,1,0,0,30,0,0,0,0,0,0,30,0,0,0,0,0,0,0,50.36666666666667,98.66666666666669,2.6666666666666665,4.6,3.0,5
385,441,3223,2017-02-25,6,2,0,0,0,30,0,0,0,0,0,0,30,0,0,0,0,0,0,0,50.36666666666667,98.66666666666669,2.6666666666666665,4.6,3.0,5
385,441,3223,2017-02-25,7,1,2,3,0,30,0,0,0,0,0,0,30,0,0,0,0,0,0,0,50.22,98.4,1.7200000000000002,4.38,5.0,5
385,441,3223,2017-02-25,7,2,4,2,0,4,4,22,0,0,0,0,30,0,0,0,0,0,0,0,50.22,98.4,1.7200000000000002,4.38,5.0,5
385,441,3223,2017-02-25,8,1,1,1,0,0,30,0,0,0,0,0,30,0,0,0,0,0,0,0,54.0,91.5,9.0,7.5,2.0,5
385,441,3223,2017-02-25,8,2,1,0,0,0,8,0,22,0,0,0,30,0,0,0,0,0,0,0,54.0,91.5,9.0,7.5,2.0,5
385,441,3223,2017-02-25,9,1,0,2,20,4,0,0,6,0,0,0,30,0,0,0,0,0,0,0,55.9,87.0,10.0,8.099999999999998,1.0,5
385,441,3223,2017-02-25,9,2,3,1,6,8,0,0,16,0,0,0,30,0,0,0,0,0,0,0,55.9,87.0,10.0,8.099999999999998,1.0,5
385,441,3223,2017-02-25,10,1,0,0,0,0,0,0,30,0,0,0,30,0,0,0,0,0,0,0,56.633333333333326,85.66666666666667,9.666666666666666,7.3,3.0,5
385,441,3223,2017-02-25,10,2,5,6,9,0,6,6,9,0,0,0,30,0,0,0,0,0,0,0,56.633333333333326,85.66666666666667,9.666666666666666,7.3,3.0,5
385,441,3223,2017-02-25,11,1,1,2,0,1,0,17,12,0,0,0,30,0,0,0,0,0,0,0,57.0,87.0,9.0,9.2,1.0,5
385,441,3223,2017-02-25,11,2,2,3,0,30,0,0,0,0,0,0,30,0,0,0,0,0,0,0,57.0,87.0,9.0,9.2,1.0,5
385,441,3223,2017-02-25,12,1,2,1,2,28,0,0,0,0,0,0,30,0,0,0,0,0,0,0,59.0,81.0,10.0,11.55,2.0,5
385,441,3223,2017-02-25,12,2,4,5,21,0,6,0,3,0,0,0,30,0,0,0,0,0,0,0,59.0,81.0,10.0,11.55,2.0,5
385,441,3223,2017-02-25,13,1,4,2,0,5,7,6,12,0,0,0,30,0,0,0,0,0,0,0,59.55,81.5,10.0,10.4,2.0,5
385,441,3223,2017-02-25,13,2,0,5,19,3,0,0,8,0,0,0,30,0,0,0,0,0,0,0,59.55,81.5,10.0,10.4,2.0,5
385,441,3223,2017-02-25,14,1,1,2,30,0,0,0,0,0,0,0,30,0,0,0,0,0,0,0,60.7,80.66666666666667,10.0,7.333333333333333,3.0,5
385,441,3223,2017-02-25,14,2,6,3,30,0,0,0,0,0,0,0,30,0,0,0,0,0,0,0,60.7,80.66666666666667,10.0,7.333333333333333,3.0,5
385,441,3223,2017-02-25,15,1,3,3,30,0,0,0,0,0,0,0,30,0,0,0,0,0,0,0,61.725,80.0,10.0,9.8,4.0,5
385,441,3223,2017-02-25,15,2,6,4,30,0,0,0,0,0,0,0,30,0,0,0,0,0,0,0,61.725,80.0,10.0,9.8,4.0,5
385,441,3223,2017-02-25,16,1,3,2,22,0,0,0,8,0,0,0,30,0,0,0,0,0,0,0,57.96666666666666,90.0,10.0,13.466666666666669,3.0,5
385,441,3223,2017-02-25,16,2,3,5,30,0,0,0,0,0,0,0,30,0,0,0,0,0,0,0,57.96666666666666,90.0,10.0,13.466666666666669,3.0,5
385,441,3223,2017-02-25,17,1,4,2,30,0,0,0,0,0,0,0,30,0,0,0,0,0,0,0,57.0,96.0,10.0,11.5,1.0,5
385,441,3223,2017-02-25,17,2,0,4,17,13,0,0,0,0,0,0,30,0,0,0,0,0,0,0,57.0,96.0,10.0,11.5,1.0,5
385,441,3223,2017-02-25,18,1,0,0,0,30,0,0,0,0,0,0,30,0,0,0,0,0,0,0,55.583333333333336,98.0,1.2166666666666666,6.68,3.0,5
385,441,3223,2017-02-25,18,2,0,0,0,30,0,0,0,0,0,0,30,0,0,0,0,0,0,0,55.583333333333336,98.0,1.2166666666666666,6.68,3.0,5
385,441,3223,2017-02-25,19,1,0,1,13,17,0,0,0,0,0,0,30,0,0,0,0,0,0,0,52.066666666666656,92.16666666666669,6.166666666666667,6.933333333333334,4.0,5
385,441,3223,2017-02-25,19,2,1,0,30,0,0,0,0,0,0,0,30,0,0,0,0,0,0,0,52.066666666666656,92.16666666666669,6.166666666666667,6.933333333333334,4.0,5
385,441,3223,2017-02-25,20,1,0,0,30,0,0,0,0,0,0,0,30,0,0,0,0,0,0,0,48.0,83.0,6.0,8.099999999999998,1.0,5
385,441,3223,2017-02-25,20,2,0,3,30,0,0,0,0,0,0,0,30,0,0,0,0,0,0,0,48.0,83.0,6.0,8.099999999999998,1.0,5
385,441,3223,2017-02-25,21,1,0,0,30,0,0,0,0,0,0,0,30,0,0,0,0,0,0,0,48.0,77.0,10.0,6.9,1.0,5
385,441,3223,2017-02-25,21,2,2,1,30,0,0,0,0,0,0,0,30,0,0,0,0,0,0,0,48.0,77.0,10.0,6.9,1.0,5
385,441,3223,2017-02-25,22,1,0,0,30,0,0,0,0,0,0,0,30,0,0,0,0,0,0,0,46.9,74.0,10.0,8.099999999999998,2.0,5
385,441,3223,2017-02-25,22,2,0,0,30,0,0,0,0,0,0,0,30,0,0,0,0,0,0,0,46.9,74.0,10.0,8.099999999999998,2.0,5
385,441,3223,2017-02-25,23,1,0,0,30,0,0,0,0,0,0,0,30,0,0,0,0,0,0,0,44.55,69.5,10.0,10.95,2.0,5
385,441,3223,2017-02-25,23,2,0,0,30,0,0,0,0,0,0,0,30,0,0,0,0,0,0,0,44.55,69.5,10.0,10.95,2.0,5
385,441,3223,2017-02-26,0,1,0,2,8,11,11,0,0,0,0,0,30,0,0,0,0,0,0,0,43.0,65.0,10.0,5.8,1.0,6
385,441,3223,2017-02-26,0,2,0,1,6,24,0,0,0,0,0,0,30,0,0,0,0,0,0,0,43.0,65.0,10.0,5.8,1.0,6
385,441,3223,2017-02-26,1,1,0,2,28,0,2,0,0,0,0,0,30,0,0,0,0,0,0,0,41.0,67.0,10.0,6.9,1.0,6
385,441,3223,2017-02-26,1,2,0,1,0,0,30,0,0,0,0,0,30,0,0,0,0,0,0,0,41.0,67.0,10.0,6.9,1.0,6
385,441,3223,2017-02-26,2,1,1,0,0,0,30,0,0,0,0,0,30,0,0,0,0,0,0,0,41.0,65.0,10.0,9.2,1.0,6
385,441,3223,2017-02-26,2,2,0,0,0,0,30,0,0,0,0,0,30,0,0,0,0,0,0,0,41.0,65.0,10.0,9.2,1.0,6
385,441,3223,2017-02-26,3,1,0,0,0,0,30,0,0,0,0,0,30,0,0,0,0,0,0,0,39.0,55.0,10.0,11.5,1.0,6
385,441,3223,2017-02-26,3,2,0,0,0,0,30,0,0,0,0,0,30,0,0,0,0,0,0,0,39.0,55.0,10.0,11.5,1.0,6
385,441,3223,2017-02-26,4,1,0,0,0,0,30,0,0,0,0,0,30,0,0,0,0,0,0,0,37.9,48.0,10.0,15.0,1.0,6
385,441,3223,2017-02-26,4,2,0,0,0,0,30,0,0,0,0,0,30,0,0,0,0,0,0,0,37.9,48.0,10.0,15.0,1.0,6
385,441,3223,2017-02-26,5,1,0,0,0,0,30,0,0,0,0,0,30,0,0,0,0,0,0,0,36.0,48.0,10.0,8.099999999999998,1.0,6
385,441,3223,2017-02-26,5,2,0,0,0,0,30,0,0,0,0,0,30,0,0,0,0,0,0,0,36.0,48.0,10.0,8.099999999999998,1.0,6
385,441,3223,2017-02-26,6,1,0,0,0,0,30,0,0,0,0,0,30,0,0,0,0,0,0,0,36.0,48.0,10.0,11.5,1.0,6
385,441,3223,2017-02-26,6,2,0,1,0,0,30,0,0,0,0,0,30,0,0,0,0,0,0,0,36.0,48.0,10.0,11.5,1.0,6
385,441,3223,2017-02-26,7,1,0,0,0,0,30,0,0,0,0,0,30,0,0,0,0,0,0,0,36.0,48.0,10.0,12.7,1.0,6
385,441,3223,2017-02-26,7,2,0,0,0,1,23,6,0,0,0,0,30,0,0,0,0,0,0,0,36.0,48.0,10.0,12.7,1.0,6
385,441,3223,2017-02-26,8,1,1,1,0,30,0,0,0,0,0,0,30,0,0,0,0,0,0,0,37.0,46.0,10.0,9.2,1.0,6
385,441,3223,2017-02-26,8,2,2,0,3,27,0,0,0,0,0,0,30,0,0,0,0,0,0,0,37.0,46.0,10.0,9.2,1.0,6
385,441,3223,2017-02-26,9,1,1,1,8,22,0,0,0,0,0,0,30,0,0,0,0,0,0,0,37.0,44.0,10.0,13.8,1.0,6
385,441,3223,2017-02-26,9,2,1,0,16,0,14,0,0,0,0,0,30,0,0,0,0,0,0,0,37.0,44.0,10.0,13.8,1.0,6
385,441,3223,2017-02-26,10,1,2,0,16,0,14,0,0,0,0,0,30,0,0,0,0,0,0,0,37.9,39.0,10.0,6.9,1.0,6
385,441,3223,2017-02-26,10,2,3,5,3,0,27,0,0,0,0,0,30,0,0,0,0,0,0,0,37.9,39.0,10.0,6.9,1.0,6
385,441,3223,2017-02-26,11,1,2,2,18,0,12,0,0,0,0,0,30,0,0,0,0,0,0,0,39.9,38.0,10.0,8.099999999999998,1.0,6
385,441,3223,2017-02-26,11,2,2,5,30,0,0,0,0,0,0,0,30,0,0,0,0,0,0,0,39.9,38.0,10.0,8.099999999999998,1.0,6
385,441,3223,2017-02-26,12,1,3,2,23,0,7,0,0,0,0,0,30,0,0,0,0,0,0,0,39.9,35.0,10.0,8.099999999999998,1.0,6
385,441,3223,2017-02-26,12,2,4,2,12,0,18,0,0,0,0,0,30,0,0,0,0,0,0,0,39.9,35.0,10.0,8.099999999999998,1.0,6
385,441,3223,2017-02-26,13,1,4,3,24,0,6,0,0,0,0,0,30,0,0,0,0,0,0,0,41.0,33.0,10.0,5.8,1.0,6
385,441,3223,2017-02-26,13,2,4,1,3,0,5,1,21,0,0,0,30,0,0,0,0,0,0,0,41.0,33.0,10.0,5.8,1.0,6
385,441,3223,2017-02-26,14,1,2,1,0,16,0,8,6,0,0,0,30,0,0,0,0,0,0,0,41.0,32.0,10.0,8.099999999999998,1.0,6
385,441,3223,2017-02-26,14,2,3,2,19,7,4,0,0,0,0,0,30,0,0,0,0,0,0,0,41.0,32.0,10.0,8.099999999999998,1.0,6
385,441,3223,2017-02-26,15,1,2,3,1,6,9,6,8,0,0,0,30,0,0,0,0,0,0,0,42.1,32.0,10.0,10.4,1.0,6
385,441,3223,2017-02-26,15,2,0,0,4,0,0,0,26,0,0,0,30,0,0,0,0,0,0,0,42.1,32.0,10.0,10.4,1.0,6
385,441,3223,2017-02-26,16,1,0,1,0,21,0,0,9,0,0,0,30,0,0,0,0,0,0,0,41.0,33.0,10.0,4.6,1.0,6
385,441,3223,2017-02-26,16,2,2,4,0,21,0,0,9,0,0,0,30,0,0,0,0,0,0,0,41.0,33.0,10.0,4.6,1.0,6
385,441,3223,2017-02-26,17,1,1,3,0,30,0,0,0,0,0,0,30,0,0,0,0,0,0,0,39.9,35.0,10.0,9.2,1.0,6
385,441,3223,2017-02-26,17,2,2,4,8,22,0,0,0,0,0,0,30,0,0,0,0,0,0,0,39.9,35.0,10.0,9.2,1.0,6
385,441,3223,2017-02-26,18,1,2,0,27,3,0,0,0,0,0,0,30,0,0,0,0,0,0,0,39.0,41.0,10.0,6.9,1.0,6
385,441,3223,2017-02-26,18,2,0,3,30,0,0,0,0,0,0,0,30,0,0,0,0,0,0,0,39.0,41.0,10.0,6.9,1.0,6
385,441,3223,2017-02-26,19,1,1,4,30,0,0,0,0,0,0,0,30,0,0,0,0,0,0,0,37.9,41.0,10.0,11.5,1.0,6
385,441,3223,2017-02-26,19,2,0,1,30,0,0,0,0,0,0,0,30,0,0,0,0,0,0,0,37.9,41.0,10.0,11.5,1.0,6
385,441,3223,2017-02-26,20,1,0,0,30,0,0,0,0,0,0,0,30,0,0,0,0,0,0,0,37.0,42.0,10.0,8.099999999999998,1.0,6
385,441,3223,2017-02-26,20,2,0,1,30,0,0,0,0,0,0,0,30,0,0,0,0,0,0,0,37.0,42.0,10.0,8.099999999999998,1.0,6
385,441,3223,2017-02-26,21,1,1,0,30,0,0,0,0,0,0,0,30,0,0,0,0,0,0,0,37.0,41.0,10.0,9.2,1.0,6
385,441,3223,2017-02-26,21,2,0,0,30,0,0,0,0,0,0,0,30,0,0,0,0,0,0,0,37.0,41.0,10.0,9.2,1.0,6
385,441,3223,2017-02-26,22,1,0,0,30,0,0,0,0,0,0,0,30,0,0,0,0,0,0,0,37.0,41.0,10.0,8.099999999999998,1.0,6
385,441,3223,2017-02-26,22,2,2,0,30,0,0,0,0,0,0,0,30,0,0,0,0,0,0,0,37.0,41.0,10.0,8.099999999999998,1.0,6
385,441,3223,2017-02-26,23,1,0,1,30,0,0,0,0,0,0,0,30,0,0,0,0,0,0,0,36.0,44.0,10.0,6.9,1.0,6
385,441,3223,2017-02-26,23,2,0,0,30,0,0,0,0,0,0,0,30,0,0,0,0,0,0,0,36.0,44.0,10.0,6.9,1.0,6
385,441,3223,2017-02-27,0,1,0,0,30,0,0,0,0,0,0,0,30,0,0,0,0,0,0,0,35.1,46.0,10.0,3.5,1.0,0
385,441,3223,2017-02-27,0,2,0,1,30,0,0,0,0,0,0,0,30,0,0,0,0,0,0,0,35.1,46.0,10.0,3.5,1.0,0
385,441,3223,2017-02-27,1,1,0,0,30,0,0,0,0,0,0,0,30,0,0,0,0,0,0,0,36.0,44.0,10.0,3.5,1.0,0
385,441,3223,2017-02-27,1,2,0,0,30,0,0,0,0,0,0,0,30,0,0,0,0,0,0,0,36.0,44.0,10.0,3.5,1.0,0
385,441,3223,2017-02-27,2,1,0,0,30,0,0,0,0,0,0,0,30,0,0,0,0,0,0,0,36.0,44.0,10.0,4.6,1.0,0
385,441,3223,2017-02-27,2,2,0,0,30,0,0,0,0,0,0,0,30,0,0,0,0,0,0,0,36.0,44.0,10.0,4.6,1.0,0
385,441,3223,2017-02-27,3,1,0,0,30,0,0,0,0,0,0,0,30,0,0,0,0,0,0,0,35.1,50.0,10.0,6.9,1.0,0
385,441,3223,2017-02-27,3,2,0,0,30,0,0,0,0,0,0,0,30,0,0,0,0,0,0,0,35.1,50.0,10.0,6.9,1.0,0
385,441,3223,2017-02-27,4,1,0,0,30,0,0,0,0,0,0,0,30,0,0,0,0,0,0,0,36.0,46.0,10.0,3.5,1.0,0
385,441,3223,2017-02-27,4,2,0,0,30,0,0,0,0,0,0,0,30,0,0,0,0,0,0,0,36.0,46.0,10.0,3.5,1.0,0
385,441,3223,2017-02-27,5,1,0,1,30,0,0,0,0,0,0,0,30,0,0,0,0,0,0,0,35.1,52.0,10.0,5.8,1.0,0
385,441,3223,2017-02-27,5,2,1,0,30,0,0,0,0,0,0,0,30,0,0,0,0,0,0,0,35.1,52.0,10.0,5.8,1.0,0
385,441,3223,2017-02-27,6,1,3,1,30,0,0,0,0,0,0,0,30,0,0,0,0,0,0,0,36.0,50.0,10.0,8.099999999999998,1.0,0
385,441,3223,2017-02-27,6,2,2,1,30,0,0,0,0,0,0,0,30,0,0,0,0,0,0,0,36.0,50.0,10.0,8.099999999999998,1.0,0
385,441,3223,2017-02-27,7,1,3,2,30,0,0,0,0,0,0,0,30,0,0,0,0,0,0,0,36.0,52.0,10.0,6.9,1.0,0
385,441,3223,2017-02-27,7,2,6,2,30,0,0,0,0,0,0,0,30,0,0,0,0,0,0,0,36.0,52.0,10.0,6.9,1.0,0
385,441,3223,2017-02-27,8,1,7,4,30,0,0,0,0,0,0,0,30,0,0,0,0,0,0,0,39.0,50.0,10.0,5.8,1.0,0
385,441,3223,2017-02-27,8,2,3,2,25,0,0,0,5,0,0,0,30,0,0,0,0,0,0,0,39.0,50.0,10.0,5.8,1.0,0
385,441,3223,2017-02-27,9,1,2,6,15,0,0,0,15,0,0,0,30,0,0,0,0,0,0,0,43.0,43.0,10.0,5.8,1.0,0
385,441,3223,2017-02-27,9,2,7,3,30,0,0,0,0,0,0,0,30,0,0,0,0,0,0,0,43.0,43.0,10.0,5.8,1.0,0
385,441,3223,2017-02-27,10,1,1,3,27,0,0,0,3,0,0,0,30,0,0,0,0,0,0,0,46.0,40.0,10.0,9.2,1.0,0
385,441,3223,2017-02-27,10,2,3,4,30,0,0,0,0,0,0,0,30,0,0,0,0,0,0,0,46.0,40.0,10.0,9.2,1.0,0
385,441,3223,2017-02-27,11,1,1,2,30,0,0,0,0,0,0,0,30,0,0,0,0,0,0,0,48.9,36.0,10.0,5.8,1.0,0
385,441,3223,2017-02-27,11,2,1,0,30,0,0,0,0,0,0,0,30,0,0,0,0,0,0,0,48.9,36.0,10.0,5.8,1.0,0
385,441,3223,2017-02-27,12,1,1,4,30,0,0,0,0,0,0,0,30,0,0,0,0,0,0,0,51.1,31.0,10.0,9.2,1.0,0
385,441,3223,2017-02-27,12,2,1,2,30,0,0,0,0,0,0,0,30,0,0,0,0,0,0,0,51.1,31.0,10.0,9.2,1.0,0
385,441,3223,2017-02-27,13,1,3,3,30,0,0,0,0,0,0,0,30,0,0,0,0,0,0,0,52.0,30.0,10.0,6.9,1.0,0
385,441,3223,2017-02-27,13,2,2,3,30,0,0,0,0,0,0,0,30,0,0,0,0,0,0,0,52.0,30.0,10.0,6.9,1.0,0
385,441,3223,2017-02-27,14,1,2,0,30,0,0,0,0,0,0,0,30,0,0,0,0,0,0,0,53.1,27.0,10.0,4.6,1.0,0
385,441,3223,2017-02-27,14,2,4,0,24,0,0,0,6,0,0,0,30,0,0,0,0,0,0,0,53.1,27.0,10.0,4.6,1.0,0
385,441,3223,2017-02-27,15,1,0,3,25,0,0,0,5,0,0,0,30,0,0,0,0,0,0,0,53.1,27.0,10.0,8.099999999999998,1.0,0
385,441,3223,2017-02-27,15,2,3,1,30,0,0,0,0,0,0,0,30,0,0,0,0,0,0,0,53.1,27.0,10.0,8.099999999999998,1.0,0
385,441,3223,2017-02-27,16,1,3,1,30,0,0,0,0,0,0,0,30,0,0,0,0,0,0,0,53.1,29.0,10.0,8.099999999999998,1.0,0
385,441,3223,2017-02-27,16,2,5,3,30,0,0,0,0,0,0,0,30,0,0,0,0,0,0,0,53.1,29.0,10.0,8.099999999999998,1.0,0
385,441,3223,2017-02-27,17,1,2,3,17,0,0,0,13,0,0,0,30,0,0,0,0,0,0,0,52.0,32.0,10.0,3.5,1.0,0
385,441,3223,2017-02-27,17,2,2,2,18,0,0,0,12,0,0,0,30,0,0,0,0,0,0,0,52.0,32.0,10.0,3.5,1.0,0
385,441,3223,2017-02-27,18,1,4,6,10,11,0,0,9,0,0,0,30,0,0,0,0,0,0,0,51.1,39.0,10.0,3.5,1.0,0
385,441,3223,2017-02-27,18,2,6,2,3,11,3,8,5,0,0,0,30,0,0,0,0,0,0,0,51.1,39.0,10.0,3.5,1.0,0
385,441,3223,2017-02-27,19,1,3,3,3,0,9,9,9,0,0,0,30,0,0,0,0,0,0,0,50.55,42.0,10.0,7.5,2.0,0
385,441,3223,2017-02-27,19,2,2,3,0,0,1,15,14,0,0,0,30,0,0,0,0,0,0,0,50.55,42.0,10.0,7.5,2.0,0
385,441,3223,2017-02-27,20,1,2,2,0,0,0,20,10,0,0,0,30,0,0,0,0,0,0,0,50.0,44.0,10.0,4.6,1.0,0
385,441,3223,2017-02-27,20,2,1,1,0,12,6,12,0,0,0,0,30,0,0,0,0,0,0,0,50.0,44.0,10.0,4.6,1.0,0
385,441,3223,2017-02-27,21,1,0,0,0,6,0,24,0,0,0,0,30,0,0,0,0,0,0,0,48.9,48.0,10.0,3.5,1.0,0
385,441,3223,2017-02-27,21,2,0,0,11,12,0,7,0,0,0,0,30,0,0,0,0,0,0,0,48.9,48.0,10.0,3.5,1.0,0
385,441,3223,2017-02-27,22,1,0,0,30,0,0,0,0,0,0,0,30,0,0,0,0,0,0,0,48.9,48.0,10.0,3.5,1.0,0
385,441,3223,2017-02-27,22,2,0,3,3,27,0,0,0,0,0,0,30,0,0,0,0,0,0,0,48.9,48.0,10.0,3.5,1.0,0
385,441,3223,2017-02-27,23,1,0,0,21,9,0,0,0,0,0,0,30,0,0,0,0,0,0,0,48.9,48.0,10.0,3.5,1.0,0
385,441,3223,2017-02-27,23,2,2,0,12,0,18,0,0,0,0,0,30,0,0,0,0,0,0,0,48.9,48.0,10.0,3.5,1.0,0
385,441,3223,2017-02-28,0,1,0,0,14,0,16,0,0,0,0,0,30,0,0,0,0,0,0,0,48.9,50.0,10.0,3.5,1.0,1
385,441,3223,2017-02-28,0,2,0,0,30,0,0,0,0,0,0,0,30,0,0,0,0,0,0,0,48.9,50.0,10.0,3.5,1.0,1
385,441,3223,2017-02-28,1,1,0,0,30,0,0,0,0,0,0,0,30,0,0,0,0,0,0,0,48.9,50.0,10.0,3.5,1.0,1
385,441,3223,2017-02-28,1,2,0,0,30,0,0,0,0,0,0,0,30,0,0,0,0,0,0,0,48.9,50.0,10.0,3.5,1.0,1
385,441,3223,2017-02-28,2,1,0,0,30,0,0,0,0,0,0,0,30,0,0,0,0,0,0,0,48.9,48.0,10.0,3.5,1.0,1
385,441,3223,2017-02-28,2,2,0,0,30,0,0,0,0,0,0,0,30,0,0,0,0,0,0,0,48.9,48.0,10.0,3.5,1.0,1
385,441,3223,2017-02-28,3,1,0,0,30,0,0,0,0,0,0,0,30,0,0,0,0,0,0,0,48.9,52.0,10.0,3.5,1.0,1
385,441,3223,2017-02-28,3,2,0,0,30,0,0,0,0,0,0,0,30,0,0,0,0,0,0,0,48.9,52.0,10.0,3.5,1.0,1
385,441,3223,2017-02-28,4,1,0,0,30,0,0,0,0,0,0,0,30,0,0,0,0,0,0,0,48.0,58.0,10.0,3.5,1.0,1
385,441,3223,2017-02-28,4,2,0,0,30,0,0,0,0,0,0,0,30,0,0,0,0,0,0,0,48.0,58.0,10.0,3.5,1.0,1
385,441,3223,2017-02-28,5,1,0,0,30,0,0,0,0,0,0,0,30,0,0,0,0,0,0,0,46.9,63.0,10.0,3.5,1.0,1
385,441,3223,2017-02-28,5,2,1,0,30,0,0,0,0,0,0,0,30,0,0,0,0,0,0,0,46.9,63.0,10.0,3.5,1.0,1
385,441,3223,2017-02-28,6,1,2,3,30,0,0,0,0,0,0,0,30,0,0,0,0,0,0,0,46.9,66.0,10.0,3.5,1.0,1
385,441,3223,2017-02-28,6,2,3,2,12,0,18,0,0,0,0,0,30,0,0,0,0,0,0,0,46.9,66.0,10.0,3.5,1.0,1
385,441,3223,2017-02-28,7,1,2,1,26,0,4,0,0,0,0,0,30,0,0,0,0,0,0,0,46.9,68.0,10.0,5.8,1.0,1
385,441,3223,2017-02-28,7,2,3,3,19,0,1,0,10,0,0,0,30,0,0,0,0,0,0,0,46.9,68.0,10.0,5.8,1.0,1
385,441,3223,2017-02-28,8,1,3,4,3,0,27,0,0,0,0,0,30,0,0,0,0,0,0,0,48.9,64.0,10.0,5.8,1.0,1
385,441,3223,2017-02-28,8,2,5,3,21,0,0,0,9,0,0,0,30,0,0,0,0,0,0,0,48.9,64.0,10.0,5.8,1.0,1
385,441,3223,2017-02-28,9,1,3,7,27,0,0,0,3,0,0,0,30,0,0,0,0,0,0,0,51.1,59.0,10.0,3.5,1.0,1
385,441,3223,2017-02-28,9,2,3,7,30,0,0,0,0,0,0,0,30,0,0,0,0,0,0,0,51.1,59.0,10.0,3.5,1.0,1
385,441,3223,2017-02-28,10,1,5,7,30,0,0,0,0,0,0,0,30,0,0,0,0,0,0,0,53.1,59.0,10.0,5.8,1.0,1
385,441,3223,2017-02-28,10,2,2,2,30,0,0,0,0,0,0,0,30,0,0,0,0,0,0,0,53.1,59.0,10.0,5.8,1.0,1
385,441,3223,2017-02-28,11,1,3,1,30,0,0,0,0,0,0,0,30,0,0,0,0,0,0,0,55.9,51.0,10.0,3.5,1.0,1
385,441,3223,2017-02-28,11,2,1,2,30,0,0,0,0,0,0,0,30,0,0,0,0,0,0,0,55.9,51.0,10.0,3.5,1.0,1
385,441,3223,2017-02-28,12,1,7,2,30,0,0,0,0,0,0,0,30,0,0,0,0,0,0,0,57.9,53.0,10.0,6.9,1.0,1
385,441,3223,2017-02-28,12,2,3,6,30,0,0,0,0,0,0,0,30,0,0,0,0,0,0,0,57.9,53.0,10.0,6.9,1.0,1
385,441,3223,2017-02-28,13,1,2,3,30,0,0,0,0,0,0,0,30,0,0,0,0,0,0,0,57.0,59.0,10.0,8.099999999999998,1.0,1
385,441,3223,2017-02-28,13,2,3,3,30,0,0,0,0,0,0,0,30,0,0,0,0,0,0,0,57.0,59.0,10.0,8.099999999999998,1.0,1
385,441,3223,2017-02-28,14,1,1,1,30,0,0,0,0,0,0,0,30,0,0,0,0,0,0,0,57.6,69.33333333333333,10.0,6.949999999999999,3.0,1
385,441,3223,2017-02-28,14,2,1,1,30,0,0,0,0,0,0,0,30,0,0,0,0,0,0,0,57.6,69.33333333333333,10.0,6.949999999999999,3.0,1
385,441,3223,2017-02-28,15,1,1,2,30,0,0,0,0,0,0,0,30,0,0,0,0,0,0,0,55.45,80.0,10.0,5.8,2.0,1
385,441,3223,2017-02-28,15,2,4,3,30,0,0,0,0,0,0,0,30,0,0,0,0,0,0,0,55.45,80.0,10.0,5.8,2.0,1
385,441,3223,2017-02-28,16,1,0,4,30,0,0,0,0,0,0,0,30,0,0,0,0,0,0,0,53.55,87.5,9.5,5.8,2.0,1
385,441,3223,2017-02-28,16,2,1,1,30,0,0,0,0,0,0,0,30,0,0,0,0,0,0,0,53.55,87.5,9.5,5.8,2.0,1
385,441,3223,2017-02-28,17,1,4,5,30,0,0,0,0,0,0,0,30,0,0,0,0,0,0,0,52.0,93.0,9.0,3.5,1.0,1
385,441,3223,2017-02-28,17,2,5,6,30,0,0,0,0,0,0,0,30,0,0,0,0,0,0,0,52.0,93.0,9.0,3.5,1.0,1
385,441,3223,2017-02-28,18,1,13,7,30,0,0,0,0,0,0,0,30,0,0,0,0,0,0,0,53.1,93.0,7.0,5.8,1.0,1
385,441,3223,2017-02-28,18,2,6,6,29,1,0,0,0,0,0,0,30,0,0,0,0,0,0,0,53.1,93.0,7.0,5.8,1.0,1
385,441,3223,2017-02-28,19,1,12,5,0,23,0,7,0,0,0,0,30,0,0,0,0,0,0,0,51.55,90.5,8.0,5.75,2.0,1
385,441,3223,2017-02-28,19,2,6,2,0,9,0,21,0,0,0,0,30,0,0,0,0,0,0,0,51.55,90.5,8.0,5.75,2.0,1
385,441,3223,2017-02-28,20,1,2,2,0,0,0,6,24,0,0,0,30,0,0,0,0,0,0,0,52.0,89.0,10.0,8.099999999999998,1.0,1
385,441,3223,2017-02-28,20,2,1,2,0,3,5,14,8,0,0,0,30,0,0,0,0,0,0,0,52.0,89.0,10.0,8.099999999999998,1.0,1
385,441,3223,2017-02-28,21,1,2,1,0,19,0,0,11,0,0,0,30,0,0,0,0,0,0,0,54.0,83.0,10.0,3.5,1.0,1
385,441,3223,2017-02-28,21,2,0,2,21,0,9,0,0,0,0,0,30,0,0,0,0,0,0,0,54.0,83.0,10.0,3.5,1.0,1
385,441,3223,2017-02-28,22,1,0,0,30,0,0,0,0,0,0,0,30,0,0,0,0,0,0,0,54.0,80.0,10.0,3.5,1.0,1
385,441,3223,2017-02-28,22,2,0,0,30,0,0,0,0,0,0,0,30,0,0,0,0,0,0,0,54.0,80.0,10.0,3.5,1.0,1
385,441,3223,2017-02-28,23,1,1,0,30,0,0,0,0,0,0,0,30,0,0,0,0,0,0,0,54.0,83.0,10.0,4.6,1.0,1
385,441,3223,2017-02-28,23,2,1,0,11,0,0,0,19,0,0,0,30,0,0,0,0,0,0,0,54.0,83.0,10.0,4.6,1.0,1
385,441,3223,2017-03-01,0,1,0,0,11,0,0,0,19,0,0,0,30,0,0,0,0,0,0,0,54.0,86.0,10.0,3.5,1.0,2
